456.53300,773.97000,94.76000,233.79000,107.84000,292.47000,154.41000,375.70000,286.11000,68.12500,48.34000,397.37500,119.28000,432.24500,14.96000
228.42000,283.40500,58.96000,68.57500,136.16000,294.78000,217.01500,220.18000,165.53000,20.97000,41.13500,211.76500,186.00500,272.92000,38.33500
251.91000,315.30000,61.27000,82.04000,73.80000,367.26000,113.15000,240.66000,173.27000,24.86000,23.60000,226.48000,213.63000,415.49000,17.01500
221.97500,265.39000,58.17000,67.39000,5.57000,268.93000,44.46000,214.94000,161.88500,20.53000,40.36000,202.27000,-2.50000,231.58000,-39.30000
206.20000,254.04000,91.73000,225.08000,16.64000,344.75500,63.34000,365.19000,382.88000,64.86000,59.18000,334.00000,586.83000,494.60000,-32.16000
85.07000,42.69500,24.39000,-1.41000,-9.78000,199.14000,40.93500,84.23000,72.53000,-16.50000,8.95000,172.90000,-0.74000,62.65000,-42.17000
95.45000,43.44000,34.50000,6.14000,10.93000,207.83000,44.46000,105.78000,90.32000,-10.51000,18.25000,151.42000,17.02000,68.23000,-38.11000
415.22000,702.34000,88.17500,194.28000,84.04000,230.54000,595.49000,302.16000,274.23000,56.14000,70.20000,276.14000,515.41500,380.53000,1.62000
303.01000,531.14000,72.43000,122.47000,39.51000,230.99000,40.93500,290.32000,221.83000,41.32000,54.10000,259.59000,-10.42000,354.87000,-19.08500
138.88000,66.80500,49.29000,34.09500,87.55000,237.26000,126.89000,180.71000,126.83000,8.90500,34.09000,171.99000,79.38000,193.41000,3.52333
204.21000,238.21000,63.49000,88.26000,163.37000,237.75000,289.67500,268.28000,177.85000,27.03000,48.21000,174.54500,222.84000,331.75300,66.57000
167.30000,176.53000,49.29000,35.76000,36.42000,293.11000,78.44000,180.71000,129.96000,8.90500,34.09000,172.06500,104.51000,193.41000,-17.94000
145.19000,132.95000,43.10000,29.35500,103.54000,284.87000,151.92000,143.96000,123.54000,5.08000,31.01000,160.35000,65.18000,149.46500,13.91000
194.09000,236.74000,52.70500,47.50000,134.13000,383.30000,81.86500,200.14500,143.49000,15.49000,36.98000,122.58000,135.04000,229.32000,35.93500
108.51000,50.53000,36.73000,14.77000,87.08000,230.52000,78.44000,110.04000,100.81000,-9.71000,18.64000,125.65000,25.36500,88.38500,1.62000
121.04000,80.62000,39.81500,17.11000,112.10000,387.07000,86.95000,134.63500,105.53000,-2.15000,23.77000,138.99000,31.64000,141.94000,19.15000
287.79500,351.98500,82.32000,34.96000,88.28000,394.84500,126.89000,308.72000,217.41000,49.50000,60.56000,274.66000,84.58000,760.48000,7.48500
178.32000,208.77000,51.73000,42.22000,102.08000,307.17000,150.31000,192.83500,134.00000,10.40330,35.15000,202.27000,115.96000,225.96000,13.88000
305.62000,481.33000,62.06000,112.06000,164.92000,423.60000,328.22000,270.75000,219.62000,29.41000,46.59330,233.92000,211.18000,306.83000,84.79000
102.71000,43.44000,34.02000,2.51000,128.63000,207.83000,48.19000,98.19000,98.41000,-12.64000,40.44000,315.15000,8.50500,74.42000,14.96000
186.11000,219.11500,87.55000,14.59000,67.40000,315.97000,107.52000,333.75000,100.81000,50.37000,64.31000,275.94000,25.20000,176.59500,-5.17000
265.87000,289.09500,61.27000,82.27000,145.28000,358.03000,248.69000,240.66000,176.95000,24.86000,44.48000,226.48000,211.18000,300.56000,46.92500
265.01000,328.19000,62.06000,89.40000,61.54000,284.66300,98.66000,248.96000,183.88500,29.41000,46.61000,233.92000,186.00500,305.90000,-10.97000
321.57000,336.68000,83.82000,128.94000,346.56000,387.07000,400.41500,320.07000,231.66000,50.39000,40.04000,274.66000,350.12000,415.49000,9.10000
205.19000,239.35000,38.18000,11.16000,89.15000,275.77500,117.56000,123.63000,98.41000,-3.96000,22.88000,136.01000,27.75000,177.31000,7.81000
140.18000,107.47000,55.01500,139.45500,239.01500,292.47000,420.01000,209.40000,248.45000,18.40000,39.26000,196.60000,228.54000,232.35500,-12.60500
302.39000,381.56000,34.02000,92.94000,135.88000,407.30000,314.57000,138.43500,168.99000,35.34000,22.25000,247.09000,226.55000,142.78000,9.10000
179.36000,120.91000,51.91000,43.00000,103.54000,273.59000,151.92000,192.85500,133.25000,10.55000,35.47000,180.51000,117.03000,219.56000,14.06000
145.19000,132.95000,44.81000,29.35500,92.70000,277.01000,116.82500,159.98000,123.90000,-4.58500,30.15500,134.46000,67.43000,164.25000,8.33000
98.58000,44.68500,21.21000,-6.47000,77.93000,277.01000,113.80000,81.03500,121.25000,-21.96500,6.12000,84.63000,-7.12000,60.82000,-3.32000
120.53000,45.02000,42.82000,20.85500,52.50000,219.62000,91.23670,146.99000,108.44300,2.65500,31.49000,147.58000,34.75000,142.95000,-13.90000
120.93000,80.58000,34.02000,18.99330,34.92000,301.04000,68.92000,98.19000,107.60000,-10.98000,40.55000,128.20000,34.82000,231.58000,-24.27000
287.56000,327.51000,56.64000,99.44000,67.40000,375.43000,349.87000,212.20500,188.03000,19.55000,39.88000,199.92000,261.30000,637.58000,-4.27000
297.73500,372.95000,71.97500,122.61000,175.15000,397.98000,355.98000,294.61000,230.50000,43.09000,30.70000,258.53000,302.13000,356.55500,90.08000
101.32000,49.14000,38.18000,12.98000,37.73500,224.60000,68.15000,123.63000,98.60500,-3.10000,22.88000,138.48000,22.21000,127.81000,-19.68000
297.73500,172.84500,72.43000,102.33000,36.42000,304.94000,141.91000,303.04500,221.82000,36.10500,60.56000,247.09000,263.93000,461.06000,-7.31000
101.32000,138.58000,37.35000,14.59000,31.95500,284.87000,74.90000,128.40000,171.42000,-3.40000,28.23000,137.45000,25.20000,132.12500,-1.16000
417.42500,727.70000,88.17500,210.08000,95.36000,562.72000,179.65500,348.79000,274.78500,56.14000,40.36000,330.31000,350.12000,74.42000,7.83000
188.03000,219.11500,101.54000,45.35500,131.60000,237.24500,160.05000,412.23000,139.78000,18.40000,78.95000,194.21000,132.32000,487.26500,37.81000
415.22000,703.60000,93.41000,194.28000,163.03000,440.35000,393.61500,412.23000,274.23000,68.12500,73.04000,397.37500,515.41500,502.01000,66.57000
352.62700,495.26000,117.85000,27.61000,63.43000,423.60000,117.56000,484.23000,130.39000,5.33000,100.06000,156.90500,65.18000,681.84500,-11.86000
102.71000,49.14000,42.82000,21.59000,55.50000,224.60000,97.15000,139.41000,112.18000,2.38000,27.89000,147.58000,47.25000,153.05000,-11.86000
144.12000,132.78000,46.62000,34.11500,101.66500,289.36000,113.15000,285.12000,114.39000,6.99000,17.62000,168.41000,65.22000,335.86300,13.07000
201.50000,236.74000,111.19000,88.26000,31.79000,325.84000,281.93000,511.23000,177.85000,49.50000,89.51000,276.14000,222.84000,732.89000,-11.10000
173.53000,186.42000,50.04000,40.27000,48.03000,295.61000,91.15000,186.83500,130.04000,9.90500,35.64000,171.09000,101.29000,206.02000,-16.05000
114.07000,57.98000,38.56000,14.87000,5.76000,237.26000,101.30000,124.05000,103.65000,-3.14000,23.57500,137.58500,52.35000,131.21000,14.96000
300.42000,377.81000,67.22000,112.44000,239.98500,420.82000,420.01000,290.32000,219.62000,36.40000,51.54000,248.50000,400.76000,354.87000,6.08000
160.80000,167.54000,54.82000,6.88000,118.15000,292.17500,177.38000,280.40000,97.12000,22.40500,40.36000,214.35000,17.02000,306.31000,23.14670
142.48000,117.93000,113.38000,27.26000,68.94000,278.38000,107.76000,441.88000,121.94000,23.66000,77.67000,221.71000,63.08000,522.55000,-16.05000
287.42000,336.68000,63.49000,102.33000,108.63000,288.28000,374.89700,270.75000,219.82000,31.01000,48.21000,240.12000,263.93000,290.03000,14.96000
140.18000,107.47000,42.49000,30.80000,68.94000,268.53000,107.76000,84.63000,124.06800,6.98000,27.89000,166.01000,72.63000,66.39250,-2.55000
322.07500,310.85000,76.29000,128.94000,239.01500,366.40000,416.23000,297.62000,196.49000,43.91000,49.58000,259.00000,395.85000,388.68000,142.23000
415.22000,702.34000,91.39000,194.28000,34.92000,198.76000,608.87500,348.79000,274.23000,57.62500,65.88000,276.14000,515.41500,329.89000,-27.54000
168.25000,219.11500,88.76000,35.86000,87.75670,315.97000,130.05000,290.32000,128.83000,49.50000,65.18000,274.66000,90.74500,354.87000,27.17000
128.55000,91.92000,47.12000,30.80000,219.04000,258.09000,118.73000,73.19000,123.54000,6.98000,31.49000,172.05500,72.84500,60.37000,142.23000
300.42000,379.06000,68.75500,112.44000,214.90000,389.10500,374.89700,283.73000,219.62000,37.71500,51.54000,247.27000,323.88000,354.87000,142.23000
349.62000,238.21000,44.81250,138.84000,400.16500,331.06000,868.50000,163.51000,170.09000,5.02000,30.36000,248.50000,700.54000,171.27500,-1.47500
273.33000,328.60000,65.35000,99.44000,56.05670,397.98000,349.87000,278.40000,264.94000,35.31000,34.86000,245.15000,261.30000,340.21000,-13.87000
154.36000,140.23000,47.43000,33.80000,39.94000,289.37000,135.05000,176.56000,124.82500,7.87000,32.75000,168.69000,78.37000,184.15000,-17.94000
107.21000,97.58500,38.56000,14.87000,37.73500,263.46000,82.52000,90.16000,103.73000,-3.14000,23.57500,137.58500,27.35500,72.40000,-15.51000
107.21000,45.61000,100.06000,273.60000,48.11000,221.41000,909.63000,404.66000,124.82500,81.11000,77.67000,515.27000,719.55500,171.27500,-14.91000
121.04000,80.62000,49.29000,35.76000,52.59000,247.93000,89.29000,183.20000,128.25000,9.57000,23.60000,190.91000,33.82000,199.39000,-18.77000
257.29000,310.85000,55.58000,-3.32000,15.16000,366.74000,43.16000,210.95000,85.81000,19.20000,39.61000,196.32000,-6.47000,250.88000,-32.34000
211.61500,254.04000,2.61000,-10.38000,135.88000,270.72500,40.93500,61.28330,59.68000,-34.01000,5.01000,121.07000,-10.42000,37.25000,15.76000
118.10000,43.35000,39.81500,17.11000,64.06500,206.87000,96.71000,129.76000,105.52500,-2.15000,23.77000,138.99000,26.93000,134.03500,-8.82000
349.62000,481.33000,82.32000,139.45500,239.98500,423.60000,421.22000,308.72000,230.50000,48.43000,61.15000,248.50000,413.27500,398.58000,27.53000
349.62000,481.33000,60.88000,136.03500,134.13000,423.60000,197.21000,234.72000,168.99000,26.86000,43.33000,226.85500,238.78000,300.56000,35.44500
147.99000,73.30000,49.18000,33.80000,87.08000,324.28000,119.88000,183.20000,198.64000,7.87000,33.97000,168.69000,72.84500,199.39000,-11.86000
190.16000,223.43500,55.75000,45.52000,117.53000,315.97000,164.13000,210.95000,130.39000,23.19000,39.61000,218.55000,133.76000,249.16500,19.15000
114.07000,57.72000,94.76000,11.94000,37.91500,237.20000,82.52000,229.71000,98.41000,80.98000,27.89000,545.92000,22.37000,398.58000,-20.71000
270.77000,328.19000,62.06000,89.40000,163.03000,411.03500,290.77000,280.40000,183.88500,29.41000,46.59330,233.92000,223.49000,340.13000,66.57000
190.74000,228.92000,127.82500,47.34000,118.15000,371.67000,164.97000,613.57000,143.44000,84.41000,103.86000,517.66000,133.93000,633.88000,23.14670
182.21000,209.61000,67.11000,66.59000,180.23500,294.78000,356.48000,290.32000,143.90000,36.32000,52.17000,248.50000,164.25500,354.87000,93.42000
257.29000,310.85000,56.64000,82.27000,152.94500,366.74000,259.08500,212.20500,176.95000,19.55000,39.88000,198.81000,213.63000,253.68000,-11.41000
302.39000,97.88000,23.74000,122.61000,26.34000,264.81500,438.39500,83.15000,229.80000,-17.51000,17.25000,130.01500,371.54500,62.58000,-27.78000
112.30000,57.35000,50.04000,58.45000,123.14000,230.52000,184.99500,184.81000,145.24000,9.80500,34.61000,174.43000,154.38000,199.81000,27.53000
238.60000,379.06000,60.74500,92.94000,239.01500,407.30000,349.87000,170.16500,219.82000,23.66000,43.08500,221.71000,266.24000,192.15000,154.38000
120.68500,66.10000,46.25500,17.29000,58.06000,237.24500,103.52000,154.14000,153.07000,5.33000,18.64000,226.85500,27.35500,155.41000,-13.39500
178.04500,192.21000,55.01500,43.00000,103.54000,301.98000,151.92000,211.91000,128.99000,17.74000,54.10000,196.60000,117.91000,491.30500,-9.24000
142.57500,107.92000,76.04000,25.08000,14.14000,268.93000,67.05000,296.68000,121.25000,3.66000,51.66000,153.08500,18.29500,388.02500,-38.11000
114.07000,57.98000,51.91000,34.09500,87.72000,237.75000,125.49700,200.14500,132.75000,10.34000,35.53000,172.62000,79.38000,229.32000,3.52333
116.75000,57.72000,37.11000,6.88000,63.93000,252.09000,103.52000,119.63000,105.53000,-10.42000,35.20000,125.71500,18.82000,272.92000,-7.31000
131.00000,93.40000,44.81250,24.36000,60.50000,447.66000,98.66000,163.51000,114.95000,5.02000,27.07000,156.33000,52.32000,77.23000,-11.10000
116.82000,79.23000,118.79000,25.08000,61.54000,260.47000,107.52000,598.73000,121.25000,3.66000,100.58000,153.08500,58.51500,705.28000,-11.70000
287.56000,297.50000,66.08000,99.44000,180.23500,358.33000,356.48000,280.10500,171.26000,35.31000,48.50000,236.78500,262.06500,335.86300,93.42000
302.39000,372.95000,72.43000,112.06000,82.51000,397.98000,117.56000,295.43000,219.62000,37.70000,35.47000,254.84000,72.63000,380.53000,17.51000
90.16000,45.02000,36.22500,1.07500,134.13000,219.62000,196.17000,124.05000,96.63000,-10.42000,17.82000,122.58000,11.31000,153.05000,36.46000
96.45000,43.44000,58.17000,6.30000,16.64000,207.44500,59.40000,214.94000,91.96500,20.53000,26.66000,203.95500,17.02000,306.31000,-31.72000
353.41000,49.14000,170.02000,139.52000,18.29000,224.60000,421.22000,808.73000,248.45000,52.63500,115.16000,221.71000,420.43300,1494.58000,-27.78000
341.71500,468.06000,94.76000,136.75000,229.48500,423.22500,408.83000,362.80000,231.66000,70.83000,73.04000,398.13500,350.12000,164.25000,58.18000
251.91000,379.06000,60.74500,82.04000,87.55000,393.58000,125.05000,231.72500,173.27000,23.93000,43.08500,196.21500,213.63000,297.73000,-1.88000
303.01000,381.56000,67.11000,120.57500,110.98000,406.37000,155.81000,280.40000,221.83000,38.86000,47.07000,226.48000,121.64000,637.58000,14.06000
142.48000,117.93000,51.26500,27.26000,87.08000,323.20000,117.56000,106.60000,121.94000,8.83000,35.11500,169.58000,63.74000,86.13000,-11.10000
459.50500,225.17000,53.38000,271.80000,164.53000,304.94000,954.35000,204.57000,308.29000,80.98000,37.82000,168.69000,700.54000,253.68000,72.06000
202.16000,237.75000,55.01500,52.86000,48.03000,328.62000,438.39500,204.57000,143.50000,18.40000,39.61000,196.32000,420.43300,248.73000,-16.05000
178.32000,176.53000,51.91000,42.22000,102.08000,289.36000,150.31000,192.85500,134.00000,10.55000,35.53000,179.02000,115.96000,219.56000,13.88000
99.13000,242.74000,37.35000,6.88000,120.41000,311.68000,160.05000,121.44000,98.60500,-3.96000,22.43500,110.07000,128.02000,229.32000,33.99000
237.35000,325.87000,60.58500,75.68000,104.92000,358.46500,154.41000,228.12000,171.09000,23.19000,46.61000,217.48000,206.42000,285.93500,33.99000
415.22000,702.34000,87.63000,205.31000,39.94000,423.22500,118.73000,328.93000,274.78500,57.62500,64.27500,259.59000,474.65000,429.65000,-17.94000
232.33000,192.21000,66.08000,74.52000,143.49000,221.56000,228.95000,280.10500,169.92000,22.63500,49.58000,226.48000,206.42000,316.65000,38.63000
142.57500,45.61000,34.50000,27.57000,56.05670,221.41000,95.29000,110.04000,122.88000,-10.51000,17.62000,110.07000,65.18000,97.18000,-11.41000
175.50000,167.54000,51.73000,41.15000,55.26000,315.97000,92.14000,196.41000,136.48000,10.34000,34.86000,177.73500,108.69500,192.15000,-12.60500
142.48000,117.93000,44.81250,27.26000,68.94000,277.01000,107.76000,163.51000,120.61000,5.08000,32.46000,117.30000,63.74000,225.96000,-13.08000
273.33000,328.60000,55.01500,92.94000,164.92000,383.30000,308.50000,214.80500,137.01000,30.04000,39.26000,245.16000,226.30000,256.24000,84.79000
190.46000,219.11500,87.55000,48.36500,133.52000,311.68000,185.29000,333.75000,143.49000,52.63500,64.31000,270.89000,138.18000,429.65000,35.93500
132.62000,38.37000,45.37000,24.36000,61.54000,221.56000,98.66000,167.01000,114.39000,3.12000,30.70000,152.29000,52.32000,176.59500,-9.78250
185.98000,237.75000,52.70500,45.10000,103.13000,331.06000,150.37000,84.63000,138.84000,13.72000,37.20000,185.13000,128.02000,74.42000,13.91000
228.42000,330.16000,38.56000,14.59000,-1.52000,389.10500,82.52000,123.50000,101.64000,-3.10000,23.57500,146.61000,25.20000,127.81000,33.99000
355.75500,593.21000,36.27000,139.45500,103.13000,447.66000,159.82000,107.66500,247.08000,68.12500,18.25000,397.37500,46.87000,88.38500,13.88000
96.45000,43.44000,61.27000,6.30000,16.64000,213.02000,59.40000,240.66000,114.14000,22.20000,40.63500,213.84000,17.02000,305.40000,-31.72000
236.78000,289.09500,59.49000,75.68000,146.21500,358.46500,255.42500,215.57000,171.09000,22.40500,41.13500,213.84000,211.22500,228.80000,16.66000
116.82000,50.53000,20.18500,15.40000,63.47000,230.99000,84.82000,73.19000,104.86000,-26.88000,5.74000,84.63000,27.75000,415.49000,-10.97000
178.32000,157.73000,62.06000,-3.32000,39.94000,394.84500,40.93500,248.96000,68.65000,29.41000,46.61000,233.92000,-7.12000,306.83000,-17.93000
290.45000,377.81000,66.08000,102.33000,180.41000,399.89500,361.17000,282.88000,176.95000,36.10500,52.32000,247.27000,266.24000,398.58000,-28.04000
178.04500,192.14000,51.91000,42.21000,103.54000,301.04000,151.92000,192.85500,133.25000,10.51000,35.53000,179.02000,112.56500,633.88000,13.91000
157.24000,58.68000,58.96000,34.09500,61.54000,237.24500,68.15000,220.18000,126.66500,7.92000,40.55000,169.58000,22.21000,487.26500,-9.78250
120.93000,79.23000,71.43000,17.29000,61.53000,237.23500,98.66000,290.32000,103.73000,-1.82500,34.07500,226.48000,49.59000,354.87000,-9.96000
95.14000,43.00000,61.77000,12.98000,96.74000,199.14000,138.88000,241.52700,98.60500,26.86000,34.07500,185.13000,22.37000,305.40000,3.20000
260.95000,315.30000,50.09670,83.56000,232.46000,367.26000,410.31000,128.40000,177.50000,9.98000,34.86000,177.73500,371.54500,132.12500,142.23000
152.04500,140.23000,54.82000,45.35500,114.99500,314.02000,160.05000,180.71000,126.45000,16.14000,49.94000,138.99000,132.32000,193.41000,17.01500
85.07000,97.88000,38.18000,14.77000,48.03000,265.39000,89.29000,123.63000,105.71000,-3.40000,22.25000,136.01000,33.82000,192.64000,-9.28000
108.51000,50.53000,37.31000,14.87000,52.50000,230.52000,84.82000,116.09000,103.73000,-3.14000,21.05000,137.58500,27.35500,119.77000,-13.90000
231.65000,278.96000,60.74500,68.80500,87.75670,301.98000,125.49700,229.71000,169.50000,22.20000,43.08500,217.48000,214.19500,290.03000,4.67000
287.42000,337.57000,64.92000,98.07000,173.50000,282.94000,349.87000,274.76000,170.09000,33.78000,48.50000,245.16000,266.82000,316.65000,84.79000
85.07000,172.84500,58.91000,-1.41000,-9.78000,294.78000,40.93500,215.57000,72.53000,22.40500,51.56000,209.04000,-0.74000,519.45000,-42.17000
182.21000,183.32000,46.62000,43.91000,152.94500,295.04000,183.43000,211.91000,136.48000,6.99000,13.33000,156.33000,112.56500,253.68000,58.18000
131.77000,93.40000,82.18000,22.58500,20.62000,267.28500,64.09000,365.19000,112.70000,51.45500,60.56000,180.82500,47.25000,505.67000,-31.89000
131.77000,93.40000,52.57000,33.57000,84.04000,263.46000,118.73000,211.91000,124.82500,9.80500,36.03000,125.73000,73.43500,229.32000,-4.27000
173.53000,30.67000,46.62000,34.09500,38.11000,182.12000,83.08000,172.62000,126.83000,6.99000,32.46000,172.05500,27.35500,175.75000,-18.77000
270.77000,283.40500,63.03500,98.06000,164.53000,353.60000,328.22000,260.65000,168.19000,31.01000,44.87000,286.11000,238.78000,267.58000,72.06000
120.68500,66.10000,58.91000,67.46000,120.41000,237.23500,185.20000,231.72500,169.92000,20.53000,40.63500,98.31000,155.91000,297.73000,-18.77000
415.22000,702.34000,87.55000,194.28000,88.28000,332.98000,608.87500,333.75000,274.23000,53.07000,64.31000,334.00000,515.41500,429.65000,6.08000
180.25500,245.34500,113.42000,40.98000,96.72000,344.75500,138.88000,587.77000,131.58500,115.45000,27.88000,334.00000,104.51000,756.86000,8.72000
110.08000,50.53000,38.18000,14.59000,16.64000,230.52000,59.40000,128.40000,123.73000,-3.40000,6.95000,166.01000,17.02000,132.12500,-31.89000
232.33000,328.19000,59.64000,74.52000,180.41000,325.84000,363.62000,227.48000,147.11000,22.63500,41.25000,203.95500,203.79000,284.15000,90.08000
201.50000,189.46000,61.77000,88.26000,159.12000,314.02000,293.76000,296.68000,177.85000,27.03000,32.46000,228.93000,223.36000,388.02500,54.59000
227.84000,265.39000,66.08000,68.57500,135.65000,344.13000,217.01500,268.28000,165.53000,20.97000,49.58000,211.76500,186.00500,232.35500,36.53000
190.16000,223.43500,61.27000,45.52000,117.05000,315.97000,164.13000,274.76000,140.62000,24.86000,44.48000,226.48000,133.76000,354.86000,19.15000
132.74000,97.74000,117.85000,24.12500,96.72000,265.39000,113.15000,484.23000,114.39000,2.83000,28.23000,152.29000,65.22000,681.84500,9.40000
190.46000,216.02000,52.80000,47.34000,-9.78000,314.22000,43.16000,201.27000,143.44000,15.49000,37.25000,191.08000,133.76000,230.99000,-42.17000
96.45000,44.68500,36.22500,6.30000,73.80000,174.15000,113.15000,106.60000,91.96500,-10.42000,17.82000,123.32000,17.02000,142.95000,-13.08000
120.68500,80.62000,2.61000,-10.38000,111.30000,247.17000,156.52000,61.28330,103.65000,-34.01000,5.01000,172.62000,112.56500,37.25000,27.17000
166.97500,167.54000,49.29000,35.86000,88.42000,295.36000,129.71000,180.71000,127.49000,8.96000,34.09000,172.05500,90.24000,192.15000,7.48500
168.25000,176.53000,50.03500,35.76000,547.58000,293.11000,1491.98000,196.41000,127.49000,8.96000,34.44000,172.05500,811.22500,226.84000,283.09000
416.12000,703.60000,65.35000,205.31000,14.14000,519.04000,48.19000,278.40000,274.86000,35.34000,48.94000,247.27000,186.00500,335.86300,-2.55000
297.73500,372.95000,120.01000,205.31000,134.13000,397.98000,217.01500,511.23000,274.78500,56.14000,22.43500,185.02000,196.63500,732.89000,35.93500
147.99000,157.73000,95.21000,30.80000,82.51000,289.95000,119.88000,383.77000,123.73000,6.99000,73.29000,168.69000,72.63000,305.40000,-1.16000
367.88000,779.13000,84.82500,162.14000,307.57000,542.86000,441.84500,328.93000,264.94000,52.63500,63.35000,326.74000,469.11000,319.03000,147.42000
236.78000,288.80000,61.77000,74.52000,37.91500,357.29500,82.52000,248.46500,105.53000,22.63500,40.55000,216.32500,26.93000,305.90000,-21.17000
145.19000,132.95000,49.18000,17.29000,48.03000,237.75000,89.29000,184.81000,106.64000,-2.20000,34.61000,137.45000,32.15000,199.81000,-17.93000
145.51000,133.40000,51.91000,30.54000,112.10000,306.46000,154.41000,202.96000,123.90000,5.76000,37.67000,160.35000,119.28000,232.35500,17.51000
114.07000,57.98000,32.56000,-1.52000,87.08000,230.54000,118.15000,85.27500,95.53000,-16.50000,37.82000,115.96000,72.63000,68.23000,7.81000
320.83000,397.38000,82.32000,126.59000,163.37000,407.30000,289.67500,308.72000,230.78000,45.19000,61.04000,270.89000,342.08000,408.70000,66.57000
185.32000,209.61000,84.41000,45.10000,164.92000,311.04000,330.49500,359.07000,138.84000,45.19000,63.08000,270.89000,226.55000,494.60000,84.79000
322.07500,441.04000,63.03500,89.80000,145.28000,423.22500,289.67500,259.01000,184.81000,29.41000,47.85000,233.92000,226.30000,335.86300,46.92500
175.30000,191.05000,53.38000,40.98000,15.16000,300.90000,49.90000,295.43000,131.58500,9.80500,37.82000,174.43000,104.51000,356.55500,-31.72000
141.73000,111.04000,38.18000,25.83000,15.47000,269.92000,47.41000,170.16500,121.25000,5.02000,22.88000,159.27500,65.49000,177.31000,-32.34000
7.95000,1.95000,37.35000,11.94000,22.55000,150.86000,67.75000,110.04000,98.41000,-4.58500,22.05000,179.02000,22.21000,88.38500,-32.34000
175.30000,57.98000,34.00500,24.12500,80.11000,237.23500,107.76000,98.19000,136.48000,2.83000,16.28000,151.91500,49.59000,60.03000,-1.47500
84.59000,22.92000,21.21000,-1.41000,15.47000,174.15000,44.46000,81.03500,72.53000,-16.02000,100.58000,122.58000,-0.74000,74.42000,-32.16000
142.48000,117.93000,45.54000,27.26000,31.95500,273.59000,74.90000,167.01000,121.94000,5.43000,6.12000,159.27500,25.20000,516.22000,-24.03000
131.00000,239.75000,52.80000,37.98000,125.20000,389.10500,130.05000,201.27000,128.83000,12.95000,37.20000,184.16000,90.74500,141.06000,27.83000
206.20000,228.93000,56.66000,65.02000,96.74000,322.86000,140.54000,213.65000,121.30000,19.58000,40.44000,203.14000,34.82000,228.80000,7.83000
98.89500,45.02000,42.85000,22.58500,61.54000,219.62000,99.24000,146.99000,112.18000,2.72000,27.89000,158.26000,47.25000,153.05000,-10.49000
301.64000,381.56000,68.75500,112.44000,63.93000,406.37000,105.74000,285.12000,274.23000,37.71500,51.66000,250.08000,223.36000,354.86000,-0.92000
87.93000,29.02000,33.29000,2.33000,-1.52000,255.30000,42.49000,105.78000,103.73000,-12.35000,13.33000,121.26000,12.07000,81.11000,-32.34000
416.12000,703.60000,88.17500,205.31000,136.16000,519.04000,213.09000,212.20500,124.82000,56.84000,65.80000,331.10000,186.00500,253.68000,38.33500
186.11000,218.77000,87.55000,45.10000,132.27000,292.47000,195.02000,290.32000,138.84000,13.68000,64.51500,185.61500,165.84000,354.87000,29.37000
205.19000,238.21000,57.98000,58.87000,125.90000,331.06000,185.20000,183.20000,149.68000,19.49000,39.76000,196.60000,155.91000,354.86000,28.08000
201.50000,233.77000,33.29000,41.15000,89.15000,325.67000,140.54000,94.83330,132.20000,-10.51000,14.32000,122.58000,108.69500,77.92000,7.83000
90.16000,42.69500,14.62000,1.07500,45.07000,198.76000,89.27500,68.98000,78.44000,-10.98000,6.12000,121.88000,12.07000,62.58000,-7.31000
287.56000,343.33500,65.35000,99.44000,164.92000,393.58000,330.49500,278.40000,189.04000,35.31000,48.94000,245.16000,243.95000,335.86300,93.42000
145.74300,136.29000,53.38000,25.09000,59.00000,268.22000,106.09500,202.96000,107.60000,16.01000,41.13500,196.60000,59.25000,231.58000,-42.17000
141.70500,111.04000,49.18000,25.83000,63.93000,265.39000,105.74000,124.05000,121.30000,9.80500,34.09000,174.54500,45.17000,142.95000,-15.51000
111.73000,57.98000,38.46500,14.87000,64.06500,236.43000,83.08000,124.05000,99.24000,-3.14000,23.37000,137.58500,27.35500,156.67000,-7.27000
166.97500,167.09000,49.72000,36.42000,90.97000,292.17500,138.88000,165.70500,129.09000,9.57000,34.44000,174.43000,112.56500,175.75000,8.37000
98.89500,45.02000,39.90000,8.32500,15.16000,284.87000,63.34000,131.62000,96.63000,-2.15000,23.77000,142.60000,18.29500,137.07000,6.08000
297.73500,467.69000,47.43000,30.80000,103.54000,423.60000,151.92000,178.19000,124.44000,6.98000,29.02000,166.01000,72.63000,225.96000,14.35000
353.41000,522.10500,79.87000,139.52000,180.41000,447.66000,361.17000,303.04500,248.06000,45.19000,59.18000,259.59000,420.43300,395.55000,-6.24000
179.73000,206.66500,47.94000,34.09500,26.34000,306.46000,110.06000,176.92000,126.83000,7.92000,36.03000,185.61500,78.37000,153.05000,-27.78000
303.01000,167.09000,66.08000,112.44000,307.57000,311.68000,374.89700,280.10500,221.05000,37.71500,49.58000,250.08000,302.13000,340.13000,20.34000
152.04500,140.23000,42.49000,-3.32000,78.00000,323.20000,43.16000,458.95000,74.10000,0.22000,26.66000,146.61000,-6.47000,488.55000,16.01000
270.77000,327.51000,61.77000,91.14000,151.05000,375.43000,280.03000,248.46500,185.03000,29.63000,23.37000,236.41000,226.55000,305.90000,58.18000
320.83000,238.21000,76.04000,126.59000,221.87000,331.06000,393.61500,354.45500,219.82000,43.09000,51.56000,258.53000,342.08000,519.45000,142.19000
120.53000,208.77000,84.41000,17.11000,45.90500,306.32000,88.14000,325.21000,143.44000,19.20000,59.18000,196.21500,31.64000,331.75300,-16.97500
175.30000,107.47000,51.52500,40.98000,37.91500,263.49000,86.95000,192.83500,131.58500,10.34000,35.20000,180.51000,104.51000,216.11000,-32.34000
415.22000,702.34000,99.80000,194.28000,325.48000,260.47000,608.87500,412.78000,274.23000,53.07000,75.13000,312.55000,515.41500,516.22000,221.03000
474.04000,30.67000,109.64000,273.60000,64.06500,265.39000,441.84500,427.81000,274.86000,80.98000,26.51000,545.92000,465.90000,516.22000,-7.27000
237.35000,262.09000,59.49000,461.38000,547.58000,344.38700,1491.98000,290.32000,435.95000,64.96000,41.13500,566.69000,811.22500,354.87000,283.09000
188.03000,136.29000,61.40000,82.27000,154.40000,311.68000,287.56000,241.52700,176.95000,26.70000,44.87000,226.85500,214.19500,305.40000,62.53000
416.12000,765.87000,84.82500,200.92000,144.54000,323.20000,241.06000,359.07000,273.60500,52.63500,23.37000,147.49000,207.02000,701.41000,39.24500
206.20000,22.92000,101.54000,273.60000,39.88000,275.77500,84.93000,417.19000,382.88000,81.11000,73.31000,226.85500,719.55500,516.22000,-20.71000
128.53000,84.82000,42.80000,21.04000,100.34000,273.59000,150.31000,179.62000,99.24000,0.22000,27.14000,145.44000,117.03000,176.59500,-3.74000
142.57500,131.65000,62.22500,21.35500,55.41000,272.92000,92.14000,259.01000,123.54000,10.34000,46.74000,254.84000,38.21500,306.83000,-9.24000
352.62700,214.05000,71.97500,139.52000,102.08000,307.17000,438.64500,294.61000,248.95000,45.19000,52.32000,158.90000,420.43300,329.89000,13.91000
257.29000,262.09000,109.64000,298.37000,103.13000,344.32000,150.37000,427.81000,300.09000,82.28000,42.88000,566.69000,734.17000,519.45000,13.91000
358.75000,522.12000,59.64000,74.52000,117.53000,357.29500,164.97000,240.66000,169.92000,22.63500,41.25000,214.35000,133.93000,300.56000,6.08000
85.07000,29.69000,31.04000,-1.41000,59.00000,181.80000,43.16000,85.27500,189.04000,-16.02000,8.95000,97.24000,-0.74000,68.23000,-11.10000
119.56000,66.80500,40.09000,16.26000,39.84000,237.23500,87.74000,128.40000,105.52500,-1.65000,25.13000,128.20000,30.04000,132.12500,-13.08000
416.59000,718.84000,91.39000,210.08000,162.96000,313.56500,290.77000,359.07000,277.77000,64.71000,65.88000,332.70000,222.84000,705.28000,54.59000
417.42500,726.39500,52.80500,214.25000,79.71000,328.62000,129.58000,359.07000,291.85000,64.86000,37.20000,331.10000,89.73000,633.88000,7.81000
206.20000,242.74000,55.75000,65.02000,47.38000,340.21000,89.29000,211.91000,154.54000,19.58000,39.76000,203.14000,33.82000,237.54500,-21.17000
236.78000,288.80000,94.76000,75.11000,135.54000,237.26000,217.01500,375.29000,170.09000,22.92000,73.31000,297.30000,206.42000,488.55000,36.46000
261.35000,321.40000,72.43000,123.37000,151.05000,369.03000,150.31000,328.93000,230.50000,42.70500,54.10000,203.95000,115.96000,429.65000,-38.46000
108.51000,50.16000,38.18000,14.87000,37.91500,230.08000,82.52000,123.63000,103.73000,-3.14000,22.75500,137.58500,27.35500,130.23000,-17.93000
273.33000,328.19000,55.58000,52.86000,193.94000,375.43000,368.92000,210.95000,143.61500,19.20000,39.55000,196.21500,302.13000,249.16500,110.50000
144.12000,132.78000,45.54000,27.61000,74.36000,281.64000,113.15000,168.95000,123.54000,5.33000,31.01000,177.40000,65.22000,192.15000,-6.24000
237.35000,281.20000,53.38000,75.68000,87.72000,349.87000,125.86000,241.52700,171.09000,19.20000,77.67000,196.60000,82.25000,305.40000,3.52333
154.36000,144.42000,42.80000,21.35500,63.47000,289.37000,92.14000,143.79500,194.00000,0.22000,27.89000,147.49000,38.21500,156.67000,14.83000
142.48000,117.93000,63.03500,33.80000,87.08000,371.67000,125.05000,260.65000,128.83000,0.09000,58.21000,146.13000,74.26000,308.25000,0.50000
205.19000,197.32200,59.64000,58.87000,103.54000,301.98000,151.92000,227.48000,149.68000,19.55000,39.92000,199.92000,153.92000,285.93500,15.76000
190.16000,144.42000,57.30000,48.36500,135.88000,289.37000,217.16000,215.57000,143.49000,19.20000,40.06000,186.99700,138.18000,264.89000,38.33500
417.42500,726.39500,91.39000,214.25000,229.48500,393.58000,410.31000,343.16000,248.95000,64.86000,65.88000,334.00000,559.57000,463.54000,144.84000
175.30000,107.92000,51.91000,40.98000,96.72000,268.93000,140.54000,192.85500,131.58500,10.51000,35.53000,177.40000,104.51000,219.56000,9.10000
200.18000,231.14500,63.03500,30.80000,84.04000,393.58000,116.82500,265.31000,124.82500,30.81000,48.50000,226.85500,72.53000,487.26500,27.17000
260.95000,315.30000,51.73000,83.56000,154.40000,367.26000,287.56000,192.44000,177.50000,9.98000,35.53000,153.08500,216.99000,705.28000,42.98000
221.94000,262.09000,55.01500,89.40000,163.03000,344.32000,290.77000,146.99000,168.99000,19.68000,39.05000,203.95500,223.36000,931.63000,64.94500
98.89500,45.02000,36.22500,6.88000,87.75670,268.93000,177.38000,106.60000,127.71000,-10.42000,17.62000,121.88000,146.81000,86.13000,4.67000
211.61500,353.59000,58.17000,66.59000,162.96000,393.58000,197.21000,214.94000,161.33300,20.53000,38.34500,207.64000,164.25500,255.01000,64.94500
273.33000,330.16000,37.42000,12.98000,36.30000,387.07000,76.26000,81.40000,98.60500,-3.96000,48.50000,134.46000,25.20000,77.23000,-24.34000
