121.04000,80.62000,49.29000,35.76000,52.59000,247.93000,89.29000,183.20000,128.25000,9.57000,23.60000,190.91000,33.82000,199.39000,-18.77000
260.95000,315.30000,95.21000,83.56000,134.13000,292.47000,225.43000,383.77000,177.50000,26.86000,73.29000,226.85500,211.18000,516.22000,-9.78250
227.84000,223.43500,87.63000,68.57500,130.57000,315.97000,223.95000,333.75000,165.53000,56.14000,64.51500,326.74000,186.00500,438.67000,9.10000
237.35000,262.09000,59.49000,461.38000,547.58000,344.38700,1491.98000,290.32000,435.95000,64.96000,41.13500,566.69000,811.22500,354.87000,283.09000
352.62700,495.26000,117.85000,27.61000,63.43000,423.60000,117.56000,484.23000,130.39000,5.33000,100.06000,156.90500,65.18000,681.84500,-11.86000
142.57500,45.61000,34.50000,27.57000,56.05670,221.41000,95.29000,110.04000,122.88000,-10.51000,17.62000,110.07000,65.18000,97.18000,-11.41000
204.79000,237.75000,59.49000,52.86000,55.50000,325.84000,92.14000,223.17000,165.53000,22.40500,41.13500,214.35000,133.93000,331.75300,-11.70000
287.42000,343.33500,82.32000,66.59000,48.03000,366.74000,82.52000,308.72000,161.33300,20.14000,78.95000,203.95500,22.37000,408.70000,-15.51000
353.41000,522.12000,77.77000,139.52000,239.98500,438.62000,421.22000,302.02000,248.45000,44.33000,58.21000,259.00000,395.85000,306.31000,-39.30000
145.74300,134.12000,87.63000,30.75500,26.34000,282.94000,117.56000,343.16000,124.06800,6.29000,64.27500,182.37000,72.63000,77.92000,-5.17000
265.01000,328.19000,62.06000,89.40000,61.54000,284.66300,98.66000,248.96000,183.88500,29.41000,46.61000,233.92000,186.00500,305.90000,-10.97000
370.82000,626.86000,83.18000,225.08000,400.16500,447.66000,745.88000,316.36000,277.77000,50.37000,61.15000,276.14000,586.56000,429.65000,283.09000
416.12000,765.87000,84.82500,200.92000,144.54000,323.20000,241.06000,359.07000,273.60500,52.63500,23.37000,147.49000,207.02000,701.41000,39.24500
190.16000,208.77000,55.58000,48.68500,134.13000,307.17000,197.21000,210.95000,130.04000,19.20000,38.68000,198.81000,145.77000,249.16500,33.99000
120.93000,79.23000,26.36000,12.98000,76.44000,273.59000,126.89000,84.63000,100.11000,5.33000,8.95000,158.90000,84.58000,62.65000,-2.55000
475.97000,315.30000,111.19000,298.37000,5.57000,367.66000,54.66000,430.19000,371.85000,84.41000,89.51000,182.37000,734.17000,522.55000,-39.30000
236.78000,289.09500,59.09000,75.11000,36.30000,358.03000,76.26000,221.18000,173.25000,22.92000,40.44000,169.58000,206.42000,74.42000,-24.27000
85.07000,97.88000,38.18000,14.77000,48.03000,265.39000,89.29000,123.63000,105.71000,-3.40000,22.25000,136.01000,33.82000,192.64000,-9.28000
355.75500,531.14000,170.02000,149.77000,130.57000,440.35000,438.39500,808.73000,248.95000,53.07000,115.16000,316.16500,420.43300,1494.58000,19.68000
236.78000,289.09500,59.49000,75.68000,146.21500,358.46500,255.42500,215.57000,171.09000,22.40500,41.13500,213.84000,211.22500,228.80000,16.66000
287.42000,337.57000,63.50000,98.07000,45.07000,389.10500,87.74000,278.40000,190.46000,33.78000,48.21000,245.16000,-0.74000,519.45000,-1.16000
95.14000,43.00000,61.77000,12.98000,96.74000,199.14000,138.88000,241.52700,98.60500,26.86000,34.07500,185.13000,22.37000,305.40000,3.20000
261.35000,321.40000,61.77000,88.26000,134.13000,369.17000,225.43000,283.15000,177.85000,27.03000,44.48000,228.93000,202.47000,395.55000,39.24500
140.18000,107.47000,45.37000,27.07000,80.11000,268.22000,117.56000,165.70500,121.94000,2.83000,32.10000,186.99700,73.43500,169.02000,-1.47500
186.11000,218.77000,87.55000,45.10000,132.27000,292.47000,195.02000,290.32000,138.84000,13.68000,64.51500,185.61500,165.84000,354.87000,29.37000
140.18000,107.47000,42.49000,30.80000,68.94000,268.53000,107.76000,84.63000,124.06800,6.98000,27.89000,166.01000,72.63000,66.39250,-2.55000
232.33000,29.69000,67.22000,75.11000,145.28000,181.80000,241.06000,283.15000,173.27000,36.10500,51.54000,247.27000,207.02000,354.00000,46.92500
120.68500,80.62000,2.61000,-10.38000,111.30000,247.17000,156.52000,61.28330,103.65000,-34.01000,5.01000,172.62000,112.56500,37.25000,27.17000
301.64000,379.06000,68.75500,112.44000,175.15000,397.98000,355.98000,285.12000,221.82000,37.71500,51.66000,250.08000,262.06500,354.86000,90.08000
237.35000,325.87000,60.58500,75.68000,104.92000,358.46500,154.41000,228.12000,171.09000,23.19000,46.61000,217.48000,206.42000,285.93500,33.99000
201.50000,233.77000,33.29000,41.15000,89.15000,325.67000,140.54000,94.83330,132.20000,-10.51000,14.32000,122.58000,108.69500,77.92000,7.83000
157.24000,138.58000,45.37000,34.09500,48.11000,284.87000,125.05000,179.62000,221.83000,5.33000,27.07000,158.90000,78.37000,192.64000,-14.91000
202.16000,235.47000,56.21000,58.45000,114.99500,324.28000,174.49500,227.48000,163.58500,19.49000,39.76000,194.85000,203.79000,285.93500,14.83000
132.62000,38.37000,45.37000,24.36000,61.54000,221.56000,98.66000,167.01000,114.39000,3.12000,30.70000,152.29000,52.32000,176.59500,-9.78250
303.01000,415.33000,39.81500,48.36500,120.71000,419.72000,178.55000,131.62000,143.61500,15.49000,23.77000,188.75000,150.22000,141.06000,26.82000
173.53000,167.54000,40.16000,40.27000,131.60000,292.17500,135.05000,131.62000,130.04000,0.22000,26.51000,146.61000,101.29000,137.07000,32.96000
120.68500,66.10000,46.25500,17.29000,58.06000,237.24500,103.52000,154.14000,153.07000,5.33000,18.64000,226.85500,27.35500,155.41000,-13.39500
107.21000,97.58500,38.56000,14.87000,37.73500,263.46000,82.52000,90.16000,103.73000,-3.14000,23.57500,137.58500,27.35500,72.40000,-15.51000
132.74000,97.74000,117.85000,24.12500,96.72000,265.39000,113.15000,484.23000,114.39000,2.83000,28.23000,152.29000,65.22000,681.84500,9.40000
276.24000,330.16000,36.73000,43.00000,232.46000,394.84500,421.22000,128.40000,134.76000,10.55000,17.25000,184.16000,263.93000,132.12500,142.19000
221.97500,264.20000,58.17000,67.46000,55.26000,344.75500,91.15000,214.94000,163.58500,20.53000,41.25000,203.14000,186.00500,256.24000,-13.97000
237.35000,289.09500,42.74000,78.21000,95.36000,357.29500,259.08500,134.63500,230.50000,0.09000,14.32000,147.58000,211.18000,141.94000,20.34000
119.56000,66.80500,36.27000,16.26000,39.88000,237.26000,84.93000,154.14000,105.53000,-10.21000,18.25000,125.65000,30.04000,155.41000,-18.34000
232.36000,286.00000,61.77000,74.52000,144.54000,321.86000,225.43000,248.46500,169.92000,26.70000,44.92000,226.64500,203.79000,305.90000,-31.72000
175.30000,189.46000,86.40000,40.98000,74.36000,301.04000,106.32500,412.23000,131.58500,52.69000,64.27500,259.00000,59.25000,500.60000,-3.51000
415.22000,703.60000,93.41000,194.28000,163.03000,440.35000,393.61500,412.23000,274.23000,68.12500,73.04000,397.37500,515.41500,502.01000,66.57000
232.33000,328.19000,59.64000,74.52000,180.41000,325.84000,363.62000,227.48000,147.11000,22.63500,41.25000,203.95500,203.79000,284.15000,90.08000
160.80000,167.54000,54.82000,6.88000,118.15000,292.17500,177.38000,280.40000,97.12000,22.40500,40.36000,214.35000,17.02000,306.31000,23.14670
206.20000,254.04000,91.73000,225.08000,16.64000,344.75500,63.34000,365.19000,382.88000,64.86000,59.18000,334.00000,586.83000,494.60000,-32.16000
228.42000,236.74000,58.17000,68.57500,135.65000,327.87000,213.09000,214.94000,165.53000,20.97000,40.36000,211.76500,186.00500,256.24000,36.46000
415.22000,702.34000,91.39000,194.28000,34.92000,198.76000,608.87500,348.79000,274.23000,57.62500,65.88000,276.14000,515.41500,329.89000,-27.54000
204.79000,237.75000,66.08000,58.76000,123.14000,325.67000,184.99500,280.10500,147.62500,19.49000,51.54000,211.76500,154.38000,340.21000,27.53000
34.37500,1.95000,60.58500,-6.47000,-0.08000,150.86000,43.16000,228.12000,126.66500,23.19000,41.25000,226.64500,-6.47000,290.03000,-11.86000
415.22000,702.34000,88.17500,194.28000,84.04000,230.54000,595.49000,302.16000,274.23000,56.14000,70.20000,276.14000,515.41500,380.53000,1.62000
287.42000,336.68000,63.49000,102.33000,108.63000,288.28000,374.89700,270.75000,219.82000,31.01000,48.21000,240.12000,263.93000,290.03000,14.96000
178.04500,192.21000,50.04000,41.15000,136.16000,295.85000,135.05000,192.83500,138.84000,9.80500,34.61000,173.75000,104.51000,216.11000,16.01000
194.09000,228.92000,52.80500,48.68500,117.84000,322.86000,174.49500,201.27000,143.61500,16.01000,37.20000,190.91000,145.77000,230.99000,19.68000
287.56000,343.33500,64.92000,98.07000,182.24000,301.04000,363.62000,241.52700,185.03000,33.78000,48.50000,245.16000,528.96000,305.40000,39.24500
178.32000,197.32200,88.17500,42.22000,95.36000,299.92000,138.64500,348.79000,132.20000,-4.58500,65.88000,133.86000,117.03000,475.19000,8.33000
287.42000,337.57000,64.92000,98.07000,173.50000,282.94000,349.87000,274.76000,170.09000,33.78000,48.50000,245.16000,266.82000,316.65000,84.79000
120.93000,257.57000,40.09000,15.83000,39.88000,344.38700,84.93000,131.62000,103.65000,-2.20000,23.60000,146.61000,27.85000,291.80000,-18.34000
90.16000,42.69500,14.62000,1.07500,45.07000,198.76000,89.27500,68.98000,78.44000,-10.98000,6.12000,121.88000,12.07000,62.58000,-7.31000
180.25500,208.77000,51.95000,43.44000,117.84000,307.17000,154.41000,265.31000,134.76000,11.58000,35.64000,185.02000,119.28000,323.79000,19.68000
118.10000,80.62000,51.73000,15.83000,39.94000,247.93000,101.30000,202.96000,104.86000,9.80500,26.51000,182.37000,34.10500,230.99000,-17.93000
121.04000,80.62000,126.34000,18.99330,80.11000,255.30000,89.27500,613.57000,107.60000,9.57000,115.16000,172.62000,33.82000,760.48000,-1.47500
417.42500,726.39500,91.39000,214.25000,229.48500,393.58000,410.31000,343.16000,248.95000,64.86000,65.88000,334.00000,559.57000,463.54000,144.84000
116.75000,42.69500,145.96000,18.41000,111.30000,198.76000,156.52000,764.73000,112.18000,-1.15000,150.11000,146.13000,302.13000,931.63000,16.27500
301.64000,381.56000,68.75500,112.44000,63.93000,406.37000,105.74000,285.12000,274.23000,37.71500,51.66000,250.08000,223.36000,354.86000,-0.92000
114.07000,57.72000,94.76000,11.94000,37.91500,237.20000,82.52000,229.71000,98.41000,80.98000,27.89000,545.92000,22.37000,398.58000,-20.71000
141.73000,111.04000,37.11000,25.83000,-9.78000,269.92000,42.49000,119.63000,121.25000,-11.19000,17.62000,312.55000,-7.12000,119.77000,-42.17000
415.22000,702.34000,92.35000,194.28000,282.64000,385.43000,608.87500,362.80000,274.23000,64.96000,72.57000,398.13500,515.41500,516.22000,147.42000
353.41000,522.10500,112.65000,139.45500,37.91500,387.07000,745.88000,441.00000,190.46000,48.43000,89.51000,326.74000,586.56000,637.58000,-28.50000
141.70500,111.04000,49.18000,25.83000,63.93000,265.39000,105.74000,124.05000,121.30000,9.80500,34.09000,174.54500,45.17000,142.95000,-15.51000
352.62700,214.05000,71.97500,139.52000,102.08000,307.17000,438.64500,294.61000,248.95000,45.19000,52.32000,158.90000,420.43300,329.89000,13.91000
276.24000,330.16000,118.79000,96.88750,55.41000,387.07000,174.49500,484.23000,188.03000,21.99000,100.58000,211.90000,153.92000,756.86000,-9.96000
257.29000,310.85000,55.58000,-3.32000,15.16000,366.74000,43.16000,210.95000,85.81000,19.20000,39.61000,196.32000,-6.47000,250.88000,-32.34000
175.50000,167.54000,51.73000,41.15000,55.26000,315.97000,92.14000,196.41000,136.48000,10.34000,34.86000,177.73500,108.69500,192.15000,-12.60500
166.97500,167.09000,49.72000,36.42000,90.97000,292.17500,138.88000,165.70500,129.09000,9.57000,34.44000,174.43000,112.56500,175.75000,8.37000
179.73000,206.66500,47.94000,34.09500,26.34000,306.46000,110.06000,176.92000,126.83000,7.92000,36.03000,185.61500,78.37000,153.05000,-27.78000
204.79000,237.75000,36.22500,65.02000,135.54000,327.97000,185.20000,106.60000,143.50000,-10.42000,23.77000,122.58000,153.92000,119.77000,36.46000
261.35000,322.00500,68.37000,83.56000,152.94500,369.17000,287.56000,283.15000,177.50000,26.70000,51.56000,226.64500,216.99000,354.00000,57.69000
302.39000,29.69000,52.57000,120.57500,118.63000,181.80000,67.75000,198.55000,221.82000,36.32000,34.86000,248.03000,395.85000,232.35500,23.47000
349.62000,481.33000,60.88000,136.03500,134.13000,423.60000,197.21000,234.72000,168.99000,26.86000,43.33000,226.85500,238.78000,300.56000,35.44500
349.62000,481.33000,92.35000,186.57000,92.70000,423.22500,138.88000,359.07000,286.11000,64.96000,89.51000,315.15000,503.08000,481.81000,8.33000
178.04500,192.21000,55.01500,43.00000,103.54000,301.98000,151.92000,211.91000,128.99000,17.74000,54.10000,196.60000,117.91000,491.30500,-9.24000
474.04000,855.26000,67.22000,273.60000,56.05670,440.35000,95.29000,282.88000,248.45000,37.71500,51.56000,249.12000,719.55500,463.54000,-11.41000
175.30000,191.05000,53.38000,40.98000,15.16000,300.90000,49.90000,295.43000,131.58500,9.80500,37.82000,174.43000,104.51000,356.55500,-31.72000
188.03000,218.77000,49.29000,35.76000,87.75670,321.86000,125.49700,178.19000,128.99000,8.90500,34.09000,171.09000,-6.47000,192.15000,0.50000
178.03000,192.14000,50.04000,43.91000,145.28000,306.46000,154.55500,186.83500,134.71000,9.80500,34.61000,173.75000,121.64000,206.02000,18.57000
297.73500,467.69000,47.43000,30.80000,103.54000,423.60000,151.92000,178.19000,124.44000,6.98000,29.02000,166.01000,72.63000,225.96000,14.35000
180.25500,245.34500,113.42000,40.98000,96.72000,344.75500,138.88000,587.77000,131.58500,115.45000,27.88000,334.00000,104.51000,756.86000,8.72000
415.22000,702.34000,87.63000,205.31000,39.94000,423.22500,118.73000,328.93000,274.78500,57.62500,64.27500,259.59000,474.65000,429.65000,-17.94000
416.59000,718.84000,91.39000,210.08000,162.96000,313.56500,290.77000,359.07000,277.77000,64.71000,65.88000,332.70000,222.84000,705.28000,54.59000
329.26000,468.06000,77.49000,135.69700,193.94000,423.60000,368.92000,302.02000,235.37000,43.92000,42.35000,255.67000,293.34000,394.71000,142.19000
257.29000,310.85000,56.64000,82.27000,152.94500,366.74000,259.08500,212.20500,176.95000,19.55000,39.88000,198.81000,213.63000,253.68000,-11.41000
142.48000,117.93000,45.72000,27.26000,60.50000,274.38000,106.32500,211.91000,126.45000,5.57667,30.64000,159.33500,63.74000,256.24000,-15.95000
276.24000,330.16000,32.72000,24.36000,63.43000,385.43000,103.52000,283.15000,114.39000,-13.89000,13.33000,190.39000,52.35000,348.30000,-9.28000
320.83000,238.21000,76.04000,126.59000,221.87000,331.06000,393.61500,354.45500,219.82000,43.09000,51.56000,258.53000,342.08000,519.45000,142.19000
142.48000,117.93000,51.26500,27.26000,87.08000,323.20000,117.56000,106.60000,121.94000,8.83000,35.11500,169.58000,63.74000,86.13000,-11.10000
173.11000,178.13000,21.21000,38.50000,55.50000,294.78000,130.08000,290.32000,129.96000,9.80500,6.12000,171.09000,93.96000,354.87000,-11.70000
142.48000,117.93000,113.38000,27.26000,68.94000,278.38000,107.76000,441.88000,121.94000,23.66000,77.67000,221.71000,63.08000,522.55000,-16.05000
251.91000,379.06000,60.74500,82.04000,87.55000,393.58000,125.05000,231.72500,173.27000,23.93000,43.08500,196.21500,213.63000,297.73000,-1.88000
346.56000,495.26000,74.27000,138.84000,180.41000,422.60500,410.31000,296.68000,240.65000,44.33000,53.41000,211.76500,395.85000,502.01000,89.30000
190.16000,223.43500,51.73000,45.52000,96.74000,315.97000,140.54000,192.44000,140.62000,14.60000,35.15000,186.99700,133.76000,226.84000,9.40000
120.93000,79.23000,34.00500,18.41000,49.13000,247.93000,89.29000,99.24000,106.64000,-11.19000,27.88000,134.46000,33.82000,77.92000,-13.90000
102.71000,49.14000,42.82000,21.59000,55.50000,224.60000,97.15000,139.41000,112.18000,2.38000,27.89000,147.58000,47.25000,153.05000,-11.86000
121.04000,80.62000,39.81500,17.11000,112.10000,387.07000,86.95000,134.63500,105.53000,-2.15000,23.77000,138.99000,31.64000,141.94000,19.15000
417.42500,726.39500,52.80500,214.25000,79.71000,328.62000,129.58000,359.07000,291.85000,64.86000,37.20000,331.10000,89.73000,633.88000,7.81000
302.39000,372.95000,72.43000,112.06000,82.51000,397.98000,117.56000,295.43000,219.62000,37.70000,35.47000,254.84000,72.63000,380.53000,17.51000
144.12000,132.78000,45.54000,27.61000,74.36000,281.64000,113.15000,168.95000,123.54000,5.33000,31.01000,177.40000,65.22000,192.15000,-6.24000
270.77000,328.19000,62.06000,89.40000,163.03000,411.03500,290.77000,280.40000,183.88500,29.41000,46.59330,233.92000,223.49000,340.13000,66.57000
7.95000,1.95000,37.35000,11.94000,22.55000,150.86000,67.75000,110.04000,98.41000,-4.58500,22.05000,179.02000,22.21000,88.38500,-32.34000
175.30000,231.14500,51.26500,40.98000,45.90500,322.86000,98.66000,73.19000,124.82500,10.34000,34.44000,179.02000,503.08000,60.37000,-19.68000
173.53000,186.42000,50.04000,40.27000,48.03000,295.61000,91.15000,186.83500,130.04000,9.90500,35.64000,171.09000,101.29000,206.02000,-16.05000
152.04500,66.10000,45.12000,33.57000,63.93000,237.24500,105.74000,131.62000,124.82500,5.02000,30.64000,171.09000,72.84500,137.07000,-4.27000
85.07000,172.84500,58.91000,-1.41000,-9.78000,294.78000,40.93500,215.57000,72.53000,22.40500,51.56000,209.04000,-0.74000,519.45000,-42.17000
321.57000,336.68000,83.82000,128.94000,346.56000,387.07000,400.41500,320.07000,231.66000,50.39000,40.04000,274.66000,350.12000,415.49000,9.10000
179.36000,120.91000,51.91000,43.00000,103.54000,273.59000,151.92000,192.85500,133.25000,10.55000,35.47000,180.51000,117.03000,219.56000,14.06000
142.48000,117.93000,63.03500,33.80000,87.08000,371.67000,125.05000,260.65000,128.83000,0.09000,58.21000,146.13000,74.26000,308.25000,0.50000
142.48000,117.93000,45.54000,27.26000,31.95500,273.59000,74.90000,167.01000,121.94000,5.43000,6.12000,159.27500,25.20000,516.22000,-24.03000
107.21000,49.14000,34.02000,2.33000,-1.52000,221.41000,42.49000,99.24000,114.39000,-12.35000,18.25000,121.07000,10.47500,705.28000,23.14670
159.90500,157.73000,40.16000,34.09500,110.98000,358.46500,155.81000,128.40000,126.83000,7.92000,22.25000,158.26000,73.43500,134.03500,15.76000
276.24000,330.16000,63.03500,98.07000,180.23500,387.07000,363.62000,158.50000,170.09000,33.78000,40.99500,245.16000,266.82000,156.67000,93.42000
206.20000,22.92000,101.54000,273.60000,39.88000,275.77500,84.93000,417.19000,382.88000,81.11000,73.31000,226.85500,719.55500,516.22000,-20.71000
341.71500,468.06000,77.49000,136.75000,118.15000,422.60500,177.38000,296.68000,247.08000,44.24000,38.34500,203.95000,150.94000,388.02500,23.14670
204.21000,228.93000,51.95000,58.87000,125.90000,323.20000,185.20000,192.83500,154.95000,19.55000,35.64000,199.92000,155.91000,216.11000,17.51000
238.60000,325.87000,60.60000,77.58000,117.94000,394.84500,173.85000,228.12000,171.26000,23.23000,39.76000,218.65500,211.18000,285.93500,23.47000
157.24000,58.68000,58.96000,34.09500,61.54000,237.24500,68.15000,220.18000,126.66500,7.92000,40.55000,169.58000,22.21000,487.26500,-9.78250
87.50000,29.69000,42.80000,-1.03000,31.79000,181.80000,73.22000,142.98000,122.88000,0.22000,27.14000,145.44000,10.47500,142.95000,-27.78000
131.00000,93.40000,44.81250,24.36000,60.50000,447.66000,98.66000,163.51000,114.95000,5.02000,27.07000,156.33000,52.32000,77.23000,-11.10000
257.29000,262.09000,109.64000,298.37000,103.13000,344.32000,150.37000,427.81000,300.09000,82.28000,42.88000,566.69000,734.17000,519.45000,13.91000
147.99000,73.30000,49.18000,33.80000,87.08000,324.28000,119.88000,183.20000,198.64000,7.87000,33.97000,168.69000,72.84500,199.39000,-11.86000
120.53000,208.77000,84.41000,17.11000,45.90500,306.32000,88.14000,325.21000,143.44000,19.20000,59.18000,196.21500,31.64000,331.75300,-16.97500
140.79000,131.65000,33.37000,25.09000,55.41000,268.53000,106.09500,96.73000,121.30000,5.02000,17.62000,156.33000,58.51500,75.32000,-9.78250
167.30000,38.37000,54.49000,30.80000,18.29000,184.46000,63.34000,207.10000,124.44000,16.04000,39.61000,191.08000,57.98000,233.12000,-27.54000
287.56000,327.51000,56.64000,99.44000,67.40000,375.43000,349.87000,212.20500,188.03000,19.55000,39.88000,199.92000,261.30000,637.58000,-4.27000
300.42000,377.81000,67.22000,112.44000,239.98500,420.82000,420.01000,290.32000,219.62000,36.40000,51.54000,248.50000,400.76000,354.87000,6.08000
341.71500,468.06000,77.49000,136.03500,125.20000,422.60500,68.15000,305.82000,229.80000,44.24000,61.04000,121.26000,22.21000,398.58000,27.83000
178.32000,208.77000,51.73000,42.22000,102.08000,307.17000,150.31000,192.83500,134.00000,10.40330,35.15000,202.27000,115.96000,225.96000,13.88000
367.88000,621.10500,91.73000,165.72000,88.42000,389.10500,63.34000,587.77000,265.80000,64.96000,65.88000,334.00000,473.39000,760.48000,7.81000
96.45000,43.35000,34.02000,6.30000,52.59000,221.56000,64.09000,98.19000,100.81000,-10.51000,17.82000,122.58000,17.02000,77.23000,-13.90000
211.61500,254.04000,2.61000,-10.38000,135.88000,270.72500,40.93500,61.28330,59.68000,-34.01000,5.01000,121.07000,-10.42000,37.25000,15.76000
474.04000,718.84000,98.09000,273.60000,547.58000,306.46000,909.63000,412.23000,229.80000,82.28000,30.64000,515.27000,719.55500,500.60000,283.09000
112.30000,80.62000,37.31000,15.83000,45.90500,247.93000,88.14000,123.50000,104.69000,-3.10000,35.53000,138.48000,31.64000,120.47500,-21.70000
185.98000,216.02000,62.22500,98.07000,82.51000,314.02000,118.15000,303.04500,194.00000,29.63000,46.74000,249.12000,79.38000,397.29000,-11.41000
98.89500,45.02000,39.90000,8.32500,15.16000,284.87000,63.34000,131.62000,96.63000,-2.15000,23.77000,142.60000,18.29500,137.07000,6.08000
228.42000,283.40500,58.96000,68.57500,136.16000,294.78000,217.01500,220.18000,165.53000,20.97000,41.13500,211.76500,186.00500,272.92000,38.33500
178.04500,188.62000,77.77000,135.69700,229.48500,295.85000,410.31000,388.86500,235.37000,43.92000,58.20000,259.00000,359.57000,492.12000,65.53500
180.25500,208.77000,54.49000,43.44000,106.44000,307.17000,154.41000,207.10000,134.76000,16.01000,103.86000,247.09000,119.28000,237.54500,14.96000
145.74300,136.29000,53.38000,25.09000,59.00000,268.22000,106.09500,202.96000,107.60000,16.01000,41.13500,196.60000,59.25000,231.58000,-42.17000
207.09000,225.17000,55.01500,52.86000,39.94000,323.20000,81.86500,212.20500,143.50000,18.40000,39.05000,203.95000,24.01000,253.68000,-17.93000
265.01000,315.30000,61.40000,88.26000,-1.52000,367.26000,293.76000,489.09000,177.85000,27.03000,44.87000,228.93000,223.36000,701.41000,-40.87000
128.55000,91.92000,47.12000,30.80000,219.04000,258.09000,118.73000,73.19000,123.54000,6.98000,31.49000,172.05500,72.84500,60.37000,142.23000
191.94500,228.93000,49.18000,67.39000,74.36000,327.97000,48.19000,180.71000,162.06000,30.81000,22.88000,240.12000,-7.12000,193.41000,-2.55000
140.18000,107.47000,44.81250,24.72000,63.47000,270.03000,102.68000,167.01000,107.60000,5.02000,30.36000,156.33000,52.91500,300.56000,-9.24000
264.56000,322.00500,92.35000,268.94000,64.98500,369.17000,438.64500,427.81000,277.77000,64.96000,71.55500,331.10000,334.35000,264.89000,-11.86000
128.53000,84.82000,42.80000,21.04000,100.34000,273.59000,150.31000,179.62000,99.24000,0.22000,27.14000,145.44000,117.03000,176.59500,-3.74000
303.01000,397.38000,43.10000,122.61000,45.07000,407.30000,87.74000,214.80500,229.80000,37.70000,28.86000,196.60000,325.08000,171.27500,-17.94000
260.95000,315.30000,51.73000,83.56000,154.40000,367.26000,287.56000,192.44000,177.50000,9.98000,35.53000,153.08500,216.99000,705.28000,42.98000
273.33000,328.19000,55.58000,52.86000,193.94000,375.43000,368.92000,210.95000,143.61500,19.20000,39.55000,196.21500,302.13000,249.16500,110.50000
131.77000,93.40000,113.42000,370.63500,100.34000,256.93000,909.63000,489.09000,120.96500,87.07000,89.51000,566.69000,719.55500,701.41000,14.06000
96.45000,43.44000,58.17000,6.30000,16.64000,207.44500,59.40000,214.94000,91.96500,20.53000,26.66000,203.95500,17.02000,306.31000,-31.72000
353.41000,522.10500,82.32000,139.52000,282.64000,427.44000,438.64500,308.72000,248.06000,48.43000,47.85000,147.49000,420.43300,408.70000,221.03000
132.74000,97.58500,39.81500,24.36000,80.11000,263.49000,117.56000,129.76000,111.95500,2.83000,23.77000,151.91500,52.35000,134.03500,-7.27000
206.20000,245.34500,51.73000,65.02000,255.71000,281.64000,384.86000,192.83500,121.25000,10.40330,36.03000,179.02000,266.24000,54.68000,-28.50000
182.21000,209.61000,52.80000,58.87000,123.14000,311.04000,184.99500,202.96000,127.71000,19.20000,27.44000,196.60000,154.38000,253.68000,27.53000
205.19000,239.35000,38.18000,11.16000,89.15000,275.77500,117.56000,123.63000,98.41000,-3.96000,22.88000,136.01000,27.75000,177.31000,7.81000
211.61500,353.59000,58.17000,66.59000,162.96000,393.58000,197.21000,214.94000,161.33300,20.53000,38.34500,207.64000,164.25500,255.01000,64.94500
459.50500,773.97000,46.25500,261.87500,120.71000,344.75500,177.38000,85.27500,300.09000,67.39000,32.37000,266.62000,474.65000,68.23000,27.17000
87.50000,29.02000,91.01500,-1.03000,14.14000,399.89500,113.15000,362.80000,74.10000,67.39000,65.88000,387.00000,4.81000,481.81000,27.17000
459.50500,773.97000,93.41000,225.08000,5.76000,355.73000,47.41000,186.96500,273.60500,68.12500,72.57000,397.37500,586.83000,75.32000,-14.91000
119.56000,66.80500,40.09000,16.26000,39.84000,237.23500,87.74000,128.40000,105.52500,-1.65000,25.13000,128.20000,30.04000,132.12500,-13.08000
131.00000,91.92000,42.74000,21.59000,55.50000,263.46000,96.71000,178.19000,112.18000,0.09000,28.86000,138.69000,45.17000,192.15000,-11.86000
111.73000,57.35000,37.42000,12.98000,63.47000,256.93000,102.68000,122.45000,100.11000,-3.96000,22.88000,125.73000,24.01000,142.95000,-9.28000
167.30000,176.53000,63.49000,37.98000,88.42000,293.11000,129.71000,268.28000,129.09000,30.81000,48.21000,240.12000,89.73000,319.03000,7.51000
206.20000,239.35000,23.60000,-3.32000,-0.08000,301.98000,42.49000,81.40000,88.21000,-17.51000,12.26000,97.24000,-6.47000,66.39250,-40.87000
132.74000,97.74000,45.37000,23.14000,120.71000,264.81500,178.55000,158.50000,114.03000,5.33000,30.70000,158.26000,150.22000,156.67000,26.82000
227.84000,264.20000,71.97500,68.75000,31.18500,344.75500,68.92000,260.65000,136.48000,20.97000,52.32000,211.76500,18.95000,308.25000,-28.04000
98.58000,44.68500,38.18000,11.94000,229.48500,266.15500,89.29000,124.05000,98.41000,-5.23000,22.43500,130.01500,33.82000,131.21000,154.38000
179.73000,204.05500,51.73000,43.00000,59.00000,306.32000,97.15000,134.63500,134.76000,10.55000,35.20000,196.32000,117.91000,141.94000,-10.97000
95.45000,43.35000,34.02000,6.14000,39.88000,237.23500,68.92000,96.73000,90.32000,-10.51000,17.25000,228.93000,17.02000,75.32000,-15.23000
367.60000,39.31000,113.42000,162.14000,95.67000,216.61000,533.97000,441.88000,264.94000,51.45500,100.06000,297.30000,473.39000,705.28000,9.10000
456.53300,773.97000,94.76000,233.79000,107.84000,292.47000,154.41000,375.70000,286.11000,68.12500,48.34000,397.37500,119.28000,432.24500,14.96000
206.20000,242.74000,55.75000,65.02000,47.38000,340.21000,89.29000,211.91000,154.54000,19.58000,39.76000,203.14000,33.82000,237.54500,-21.17000
297.73500,379.06000,68.37000,112.06000,221.87000,447.66000,368.53000,283.73000,219.62000,37.70000,73.04000,249.12000,266.82000,335.86300,142.23000
297.73500,372.95000,120.01000,205.31000,134.13000,397.98000,217.01500,511.23000,274.78500,56.14000,22.43500,185.02000,196.63500,732.89000,35.93500
221.94000,262.09000,55.01500,89.40000,163.03000,344.32000,290.77000,146.99000,168.99000,19.68000,39.05000,203.95500,223.36000,931.63000,64.94500
114.07000,57.98000,32.56000,-1.52000,87.08000,230.54000,118.15000,85.27500,95.53000,-16.50000,37.82000,115.96000,72.63000,68.23000,7.81000
353.41000,522.10500,113.42000,139.52000,239.98500,427.44000,420.01000,511.23000,248.06000,115.45000,100.06000,566.69000,400.76000,705.28000,84.79000
205.97000,239.35000,56.64000,65.02000,117.53000,344.38700,154.41000,213.65000,154.95000,19.58000,39.88000,203.14000,119.28000,952.69000,18.57000
98.89500,45.02000,37.42000,13.35000,31.79000,221.41000,74.90000,122.45000,114.03000,-3.96000,22.25000,207.64000,24.05000,122.51000,-13.97000
358.75000,522.12000,59.64000,74.52000,117.53000,357.29500,164.97000,240.66000,169.92000,22.63500,41.25000,214.35000,133.93000,300.56000,6.08000
96.45000,44.68500,36.22500,6.30000,73.80000,174.15000,113.15000,106.60000,91.96500,-10.42000,17.82000,123.32000,17.02000,142.95000,-13.08000
251.91000,337.57000,118.79000,89.80000,37.91500,383.30000,81.86500,484.23000,184.81000,131.30000,100.58000,276.14000,226.30000,754.15000,-20.71000
300.42000,379.06000,68.75500,112.44000,214.90000,389.10500,374.89700,283.73000,219.62000,37.71500,51.54000,247.27000,323.88000,354.87000,142.23000
114.07000,57.72000,38.46500,14.87000,37.91500,236.43000,82.52000,123.63000,103.73000,-3.14000,23.37000,137.45000,27.35500,754.15000,-18.77000
416.12000,703.60000,65.35000,205.31000,14.14000,519.04000,48.19000,278.40000,274.86000,35.34000,48.94000,247.27000,186.00500,335.86300,-2.55000
232.33000,283.40500,59.64000,68.75000,136.16000,353.60000,223.95000,221.18000,247.08000,22.63500,40.99500,214.51000,202.47000,54.68000,38.63000
358.75000,467.69000,113.42000,136.75000,59.00000,344.32000,97.15000,427.81000,241.71000,115.45000,30.70000,566.69000,52.32000,537.74000,-11.10000
185.98000,216.02000,68.75500,45.10000,92.70000,314.22000,138.64500,283.73000,138.84000,37.71500,51.78500,250.08000,103.67000,329.89000,8.33000
456.53300,765.87000,34.50000,268.94000,128.63000,562.72000,954.35000,96.73000,300.09000,72.70000,17.62000,387.00000,734.17000,75.32000,28.79000
179.36000,239.35000,51.91000,43.00000,87.72000,321.86000,150.31000,192.85500,134.25000,10.55000,29.75000,179.02000,115.96000,219.56000,3.52333
147.99000,138.58000,49.36000,30.75500,45.90500,284.87000,89.27500,179.62000,123.90000,5.76000,23.93500,160.35000,4.81000,192.64000,-17.94000
111.73000,57.98000,38.46500,14.87000,64.06500,236.43000,83.08000,124.05000,99.24000,-3.14000,23.37000,137.58500,27.35500,156.67000,-7.27000
120.68500,66.10000,58.91000,67.46000,120.41000,237.23500,185.20000,231.72500,169.92000,20.53000,40.63500,98.31000,155.91000,297.73000,-18.77000
141.73000,112.56000,82.32000,82.27000,144.86500,270.03000,225.43000,308.72000,177.85000,50.39000,61.15000,211.90000,203.79000,408.70000,17.01500
87.93000,29.02000,32.72000,-0.06000,5.76000,369.03000,47.41000,85.27500,76.84500,-13.89000,13.33000,125.71500,8.50500,73.04000,-38.18000
141.73000,289.09500,39.81500,98.07000,133.52000,358.33000,195.02000,129.76000,189.04000,31.63000,23.77000,254.84000,165.84000,469.24000,38.63000
287.56000,343.33500,65.35000,99.44000,182.24000,267.28500,355.98000,296.68000,173.25000,35.31000,48.94000,245.15000,262.06500,388.02500,106.09500
349.62000,176.53000,113.42000,461.38000,547.58000,293.11000,1491.98000,165.70500,382.88000,115.45000,39.92000,566.69000,811.22500,156.67000,283.09000
145.74300,133.40000,52.14000,29.35500,92.70000,289.36000,113.47000,143.96000,123.73000,12.95000,41.13500,203.14000,67.43000,149.46500,8.33000
95.14000,43.00000,59.09000,30.80000,36.42000,207.44500,116.82500,220.18000,143.61500,22.40500,40.36000,214.51000,72.53000,291.80000,3.20000
145.51000,133.40000,51.91000,30.54000,112.10000,306.46000,154.41000,202.96000,123.90000,5.76000,37.67000,160.35000,119.28000,232.35500,17.51000
116.82000,79.23000,118.79000,25.08000,61.54000,260.47000,107.52000,598.73000,121.25000,3.66000,100.58000,153.08500,58.51500,705.28000,-11.70000
416.12000,703.60000,88.17500,205.31000,136.16000,519.04000,213.09000,212.20500,124.82000,56.84000,65.80000,331.10000,186.00500,253.68000,38.33500
145.19000,132.78000,45.12000,25.09000,95.67000,273.59000,138.64500,208.58000,121.25000,5.08000,30.64000,158.90000,52.35000,226.84000,8.89000
101.32000,43.35000,76.29000,135.69700,221.87000,206.87000,400.41500,296.68000,219.62000,43.92000,52.17000,259.59000,342.08000,408.70000,142.23000
144.12000,132.78000,46.62000,34.11500,101.66500,289.36000,113.15000,285.12000,114.39000,6.99000,17.62000,168.41000,65.22000,335.86300,13.07000
178.32000,157.73000,62.06000,-3.32000,39.94000,394.84500,40.93500,248.96000,68.65000,29.41000,46.61000,233.92000,-7.12000,306.83000,-17.93000
95.45000,43.35000,60.74500,6.14000,14.14000,207.44500,64.09000,231.72500,90.32000,23.66000,43.08500,221.71000,17.02000,305.40000,-11.70000
