459.50500,773.97000,93.41000,225.08000,5.76000,355.73000,47.41000,186.96500,273.60500,68.12500,72.57000,397.37500,586.83000,75.32000,-14.91000
119.56000,66.80500,40.09000,16.26000,39.84000,237.23500,87.74000,128.40000,105.52500,-1.65000,25.13000,128.20000,30.04000,132.12500,-13.08000
131.00000,91.92000,42.74000,21.59000,55.50000,263.46000,96.71000,178.19000,112.18000,0.09000,28.86000,138.69000,45.17000,192.15000,-11.86000
111.73000,57.35000,37.42000,12.98000,63.47000,256.93000,102.68000,122.45000,100.11000,-3.96000,22.88000,125.73000,24.01000,142.95000,-9.28000
167.30000,176.53000,63.49000,37.98000,88.42000,293.11000,129.71000,268.28000,129.09000,30.81000,48.21000,240.12000,89.73000,319.03000,7.51000
206.20000,239.35000,23.60000,-3.32000,-0.08000,301.98000,42.49000,81.40000,88.21000,-17.51000,12.26000,97.24000,-6.47000,66.39250,-40.87000
132.74000,97.74000,45.37000,23.14000,120.71000,264.81500,178.55000,158.50000,114.03000,5.33000,30.70000,158.26000,150.22000,156.67000,26.82000
227.84000,264.20000,71.97500,68.75000,31.18500,344.75500,68.92000,260.65000,136.48000,20.97000,52.32000,211.76500,18.95000,308.25000,-28.04000
98.58000,44.68500,38.18000,11.94000,229.48500,266.15500,89.29000,124.05000,98.41000,-5.23000,22.43500,130.01500,33.82000,131.21000,154.38000
179.73000,204.05500,51.73000,43.00000,59.00000,306.32000,97.15000,134.63500,134.76000,10.55000,35.20000,196.32000,117.91000,141.94000,-10.97000
95.45000,43.35000,34.02000,6.14000,39.88000,237.23500,68.92000,96.73000,90.32000,-10.51000,17.25000,228.93000,17.02000,75.32000,-15.23000
367.60000,39.31000,113.42000,162.14000,95.67000,216.61000,533.97000,441.88000,264.94000,51.45500,100.06000,297.30000,473.39000,705.28000,9.10000
456.53300,773.97000,94.76000,233.79000,107.84000,292.47000,154.41000,375.70000,286.11000,68.12500,48.34000,397.37500,119.28000,432.24500,14.96000
206.20000,242.74000,55.75000,65.02000,47.38000,340.21000,89.29000,211.91000,154.54000,19.58000,39.76000,203.14000,33.82000,237.54500,-21.17000
297.73500,379.06000,68.37000,112.06000,221.87000,447.66000,368.53000,283.73000,219.62000,37.70000,73.04000,249.12000,266.82000,335.86300,142.23000
297.73500,372.95000,120.01000,205.31000,134.13000,397.98000,217.01500,511.23000,274.78500,56.14000,22.43500,185.02000,196.63500,732.89000,35.93500
221.94000,262.09000,55.01500,89.40000,163.03000,344.32000,290.77000,146.99000,168.99000,19.68000,39.05000,203.95500,223.36000,931.63000,64.94500
114.07000,57.98000,32.56000,-1.52000,87.08000,230.54000,118.15000,85.27500,95.53000,-16.50000,37.82000,115.96000,72.63000,68.23000,7.81000
353.41000,522.10500,113.42000,139.52000,239.98500,427.44000,420.01000,511.23000,248.06000,115.45000,100.06000,566.69000,400.76000,705.28000,84.79000
205.97000,239.35000,56.64000,65.02000,117.53000,344.38700,154.41000,213.65000,154.95000,19.58000,39.88000,203.14000,119.28000,952.69000,18.57000
98.89500,45.02000,37.42000,13.35000,31.79000,221.41000,74.90000,122.45000,114.03000,-3.96000,22.25000,207.64000,24.05000,122.51000,-13.97000
358.75000,522.12000,59.64000,74.52000,117.53000,357.29500,164.97000,240.66000,169.92000,22.63500,41.25000,214.35000,133.93000,300.56000,6.08000
96.45000,44.68500,36.22500,6.30000,73.80000,174.15000,113.15000,106.60000,91.96500,-10.42000,17.82000,123.32000,17.02000,142.95000,-13.08000
251.91000,337.57000,118.79000,89.80000,37.91500,383.30000,81.86500,484.23000,184.81000,131.30000,100.58000,276.14000,226.30000,754.15000,-20.71000
300.42000,379.06000,68.75500,112.44000,214.90000,389.10500,374.89700,283.73000,219.62000,37.71500,51.54000,247.27000,323.88000,354.87000,142.23000
114.07000,57.72000,38.46500,14.87000,37.91500,236.43000,82.52000,123.63000,103.73000,-3.14000,23.37000,137.45000,27.35500,754.15000,-18.77000
416.12000,703.60000,65.35000,205.31000,14.14000,519.04000,48.19000,278.40000,274.86000,35.34000,48.94000,247.27000,186.00500,335.86300,-2.55000
232.33000,283.40500,59.64000,68.75000,136.16000,353.60000,223.95000,221.18000,247.08000,22.63500,40.99500,214.51000,202.47000,54.68000,38.63000
358.75000,467.69000,113.42000,136.75000,59.00000,344.32000,97.15000,427.81000,241.71000,115.45000,30.70000,566.69000,52.32000,537.74000,-11.10000
185.98000,216.02000,68.75500,45.10000,92.70000,314.22000,138.64500,283.73000,138.84000,37.71500,51.78500,250.08000,103.67000,329.89000,8.33000
456.53300,765.87000,34.50000,268.94000,128.63000,562.72000,954.35000,96.73000,300.09000,72.70000,17.62000,387.00000,734.17000,75.32000,28.79000
179.36000,239.35000,51.91000,43.00000,87.72000,321.86000,150.31000,192.85500,134.25000,10.55000,29.75000,179.02000,115.96000,219.56000,3.52333
147.99000,138.58000,49.36000,30.75500,45.90500,284.87000,89.27500,179.62000,123.90000,5.76000,23.93500,160.35000,4.81000,192.64000,-17.94000
111.73000,57.98000,38.46500,14.87000,64.06500,236.43000,83.08000,124.05000,99.24000,-3.14000,23.37000,137.58500,27.35500,156.67000,-7.27000
120.68500,66.10000,58.91000,67.46000,120.41000,237.23500,185.20000,231.72500,169.92000,20.53000,40.63500,98.31000,155.91000,297.73000,-18.77000
141.73000,112.56000,82.32000,82.27000,144.86500,270.03000,225.43000,308.72000,177.85000,50.39000,61.15000,211.90000,203.79000,408.70000,17.01500
87.93000,29.02000,32.72000,-0.06000,5.76000,369.03000,47.41000,85.27500,76.84500,-13.89000,13.33000,125.71500,8.50500,73.04000,-38.18000
141.73000,289.09500,39.81500,98.07000,133.52000,358.33000,195.02000,129.76000,189.04000,31.63000,23.77000,254.84000,165.84000,469.24000,38.63000
287.56000,343.33500,65.35000,99.44000,182.24000,267.28500,355.98000,296.68000,173.25000,35.31000,48.94000,245.15000,262.06500,388.02500,106.09500
349.62000,176.53000,113.42000,461.38000,547.58000,293.11000,1491.98000,165.70500,382.88000,115.45000,39.92000,566.69000,811.22500,156.67000,283.09000
145.74300,133.40000,52.14000,29.35500,92.70000,289.36000,113.47000,143.96000,123.73000,12.95000,41.13500,203.14000,67.43000,149.46500,8.33000
95.14000,43.00000,59.09000,30.80000,36.42000,207.44500,116.82500,220.18000,143.61500,22.40500,40.36000,214.51000,72.53000,291.80000,3.20000
145.51000,133.40000,51.91000,30.54000,112.10000,306.46000,154.41000,202.96000,123.90000,5.76000,37.67000,160.35000,119.28000,232.35500,17.51000
116.82000,79.23000,118.79000,25.08000,61.54000,260.47000,107.52000,598.73000,121.25000,3.66000,100.58000,153.08500,58.51500,705.28000,-11.70000
416.12000,703.60000,88.17500,205.31000,136.16000,519.04000,213.09000,212.20500,124.82000,56.84000,65.80000,331.10000,186.00500,253.68000,38.33500
145.19000,132.78000,45.12000,25.09000,95.67000,273.59000,138.64500,208.58000,121.25000,5.08000,30.64000,158.90000,52.35000,226.84000,8.89000
101.32000,43.35000,76.29000,135.69700,221.87000,206.87000,400.41500,296.68000,219.62000,43.92000,52.17000,259.59000,342.08000,408.70000,142.23000
144.12000,132.78000,46.62000,34.11500,101.66500,289.36000,113.15000,285.12000,114.39000,6.99000,17.62000,168.41000,65.22000,335.86300,13.07000
178.32000,157.73000,62.06000,-3.32000,39.94000,394.84500,40.93500,248.96000,68.65000,29.41000,46.61000,233.92000,-7.12000,306.83000,-17.93000
95.45000,43.35000,60.74500,6.14000,14.14000,207.44500,64.09000,231.72500,90.32000,23.66000,43.08500,221.71000,17.02000,305.40000,-11.70000
87.93000,30.67000,34.02000,11.16000,39.88000,182.12000,84.93000,98.19000,107.60000,-10.42000,17.25000,117.30000,27.75000,75.32000,-21.17000
173.11000,176.53000,112.65000,75.68000,144.86500,295.36000,241.06000,412.23000,171.09000,23.66000,51.66000,221.71000,207.02000,502.01000,-42.17000
185.98000,225.17000,60.58500,45.10000,110.98000,174.15000,156.52000,229.71000,138.84000,15.44000,39.92000,177.73500,128.02000,306.83000,16.01000
227.84000,265.39000,66.08000,68.57500,135.65000,344.13000,217.01500,268.28000,165.53000,20.97000,49.58000,211.76500,186.00500,232.35500,36.53000
221.97500,265.39000,58.17000,67.39000,5.57000,268.93000,44.46000,214.94000,161.88500,20.53000,40.36000,202.27000,-2.50000,231.58000,-39.30000
287.56000,297.50000,66.08000,99.44000,180.23500,358.33000,356.48000,280.10500,171.26000,35.31000,48.50000,236.78500,262.06500,335.86300,93.42000
353.41000,522.10500,79.87000,139.52000,125.90000,322.86000,185.20000,302.02000,248.95000,45.19000,59.18000,272.13000,420.43300,394.71000,27.53000
302.39000,330.16000,68.93000,120.57500,180.41000,385.43000,361.17000,285.12000,219.82000,38.86000,51.78500,218.65500,302.13000,348.30000,111.72000
145.19000,132.95000,43.10000,29.35500,103.54000,284.87000,151.92000,143.96000,123.54000,5.08000,31.01000,160.35000,65.18000,149.46500,13.91000
260.95000,315.30000,50.09670,83.56000,232.46000,367.26000,410.31000,128.40000,177.50000,9.98000,34.86000,177.73500,371.54500,132.12500,142.23000
137.71000,107.92000,33.29000,24.72000,55.50000,268.53000,92.25000,84.63000,143.90000,-17.51000,14.22000,125.49000,38.21500,75.32000,-11.70000
190.16000,144.42000,57.30000,48.36500,135.88000,289.37000,217.16000,215.57000,143.49000,19.20000,40.06000,186.99700,138.18000,264.89000,38.33500
201.50000,189.46000,61.77000,88.26000,159.12000,314.02000,293.76000,296.68000,177.85000,27.03000,32.46000,228.93000,223.36000,388.02500,54.59000
261.35000,321.40000,72.43000,123.37000,151.05000,369.03000,150.31000,328.93000,230.50000,42.70500,54.10000,203.95000,115.96000,429.65000,-38.46000
166.97500,167.54000,49.29000,35.86000,88.42000,295.36000,129.71000,180.71000,127.49000,8.96000,34.09000,172.05500,90.24000,192.15000,7.48500
353.41000,49.14000,170.02000,139.52000,18.29000,224.60000,421.22000,808.73000,248.45000,52.63500,115.16000,221.71000,420.43300,1494.58000,-27.78000
305.62000,481.33000,62.06000,112.06000,164.92000,423.60000,328.22000,270.75000,219.62000,29.41000,46.59330,233.92000,211.18000,306.83000,84.79000
140.18000,107.47000,44.07000,25.08000,67.40000,268.22000,107.52000,154.14000,120.61000,3.66000,29.02000,148.11000,57.98000,155.41000,-6.07000
95.14000,43.35000,34.02000,-3.32000,10.93000,207.44500,43.16000,99.24000,100.81000,-10.42000,17.25000,125.71500,-6.47000,487.26500,-38.11000
142.48000,117.93000,42.49000,27.26000,61.54000,277.01000,107.52000,158.50000,126.45000,5.08000,26.51000,158.90000,63.74000,176.59500,-9.28000
188.03000,186.42000,49.36000,35.76000,164.92000,295.61000,314.57000,183.20000,134.71000,8.96000,34.44000,172.06500,226.55000,199.39000,-28.04000
178.32000,198.49000,23.74000,2.33000,63.47000,295.85000,81.86500,83.15000,104.43500,-12.35000,29.02000,121.07000,26.93000,62.58000,-9.24000
85.07000,42.69500,24.39000,-1.41000,-9.78000,199.14000,40.93500,84.23000,72.53000,-16.50000,8.95000,172.90000,-0.74000,62.65000,-42.17000
140.18000,107.47000,44.67500,25.08000,66.91000,268.53000,106.32500,165.70500,132.75000,3.64000,30.36000,151.42000,63.08000,264.89000,-0.92000
87.93000,30.67000,36.27000,-0.06000,15.47000,306.46000,63.34000,106.60000,76.84500,-12.35000,18.25000,121.07000,8.50500,119.77000,-32.34000
131.77000,93.40000,42.80000,21.35500,180.23500,260.47000,355.98000,172.38000,126.45000,0.22000,27.14000,258.53000,266.24000,176.59500,93.42000
474.04000,178.13000,57.30000,273.60000,5.76000,294.78000,44.46000,427.81000,291.85000,81.11000,40.06000,517.66000,748.67000,519.45000,-38.18000
206.20000,228.93000,56.66000,65.02000,96.74000,322.86000,140.54000,213.65000,121.30000,19.58000,40.44000,203.14000,34.82000,228.80000,7.83000
131.77000,93.40000,82.18000,22.58500,20.62000,267.28500,64.09000,365.19000,112.70000,51.45500,60.56000,180.82500,47.25000,505.67000,-31.89000
102.71000,43.44000,34.02000,2.51000,128.63000,207.83000,48.19000,98.19000,98.41000,-12.64000,40.44000,315.15000,8.50500,74.42000,14.96000
367.60000,242.74000,84.82500,165.72000,117.05000,321.86000,410.31000,328.93000,265.80000,52.63500,77.67000,236.78500,473.39000,475.19000,14.35000
131.77000,93.40000,63.03500,34.11500,117.53000,237.24500,164.97000,260.65000,129.96000,9.80500,39.55000,173.75000,101.29000,308.25000,-2.55000
261.35000,321.40000,62.22500,88.26000,154.40000,369.03000,287.56000,254.84500,177.85000,29.63000,46.74000,235.80500,222.84000,354.86000,62.53000
355.75500,522.10500,68.37000,149.77000,15.47000,456.68000,421.22000,305.82000,241.71000,30.04000,51.56000,235.80500,413.27500,340.21000,-32.34000
270.77000,328.19000,61.77000,91.14000,36.42000,306.32000,68.92000,214.80500,112.18000,22.63500,42.35000,218.65500,226.55000,256.24000,-13.87000
321.57000,429.30300,79.15000,128.94000,154.40000,562.72000,287.56000,302.16000,235.37000,44.33000,34.86000,272.13000,350.12000,395.55000,15.76000
273.33000,330.16000,37.42000,12.98000,36.30000,387.07000,76.26000,81.40000,98.60500,-3.96000,48.50000,134.46000,25.20000,77.23000,-24.34000
417.42500,726.39500,91.73000,214.25000,104.92000,306.32000,150.31000,359.07000,274.86000,64.86000,29.75000,331.10000,117.03000,461.06000,15.76000
145.74300,136.29000,40.16000,24.72000,61.54000,293.11000,99.24000,204.57000,108.44300,-3.40000,26.51000,138.69000,52.32000,165.01000,-10.97000
205.19000,236.74000,118.79000,123.37000,219.04000,327.87000,393.61500,484.23000,210.17000,131.30000,100.58000,566.69000,334.35000,681.84500,142.19000
237.35000,281.20000,53.38000,75.68000,87.72000,349.87000,125.86000,241.52700,171.09000,19.20000,77.67000,196.60000,82.25000,305.40000,3.52333
200.18000,231.14500,63.03500,30.80000,84.04000,393.58000,116.82500,265.31000,124.82500,30.81000,48.50000,226.85500,72.53000,487.26500,27.17000
341.71500,467.69000,77.77000,136.03500,271.07000,422.60500,438.64500,302.02000,235.37000,44.33000,58.20000,270.89000,473.39000,394.71000,-4.27000
201.50000,236.74000,111.19000,88.26000,31.79000,325.84000,281.93000,511.23000,177.85000,49.50000,89.51000,276.14000,222.84000,732.89000,-11.10000
206.20000,245.34500,37.42000,58.45000,108.63000,344.32000,185.20000,106.60000,143.61500,16.14000,23.57500,194.21000,155.91000,86.13000,18.57000
147.99000,134.12000,51.91000,47.50000,130.57000,282.94000,188.12000,192.85500,143.50000,15.44000,35.47000,199.92000,165.84000,463.54000,22.20000
145.74300,136.29000,99.80000,136.03500,239.01500,281.64000,416.23000,412.23000,248.95000,43.92000,77.67000,259.59000,371.54500,505.67000,-4.05500
415.22000,702.34000,99.80000,194.28000,325.48000,260.47000,608.87500,412.78000,274.23000,53.07000,75.13000,312.55000,515.41500,516.22000,221.03000
87.93000,57.35000,21.15000,-0.06000,22.55000,230.99000,68.15000,81.03500,76.84500,-26.88000,5.74000,84.63000,22.21000,60.82000,-28.04000
188.03000,236.74000,52.70500,45.35500,88.35750,325.84000,129.58000,202.96000,139.78000,13.72000,36.98000,217.48000,132.32000,429.65000,7.51000
168.25000,219.11500,88.76000,35.86000,87.75670,315.97000,130.05000,290.32000,128.83000,49.50000,65.18000,274.66000,90.74500,354.87000,27.17000
145.19000,132.95000,49.18000,17.29000,48.03000,237.75000,89.29000,184.81000,106.64000,-2.20000,34.61000,137.45000,32.15000,199.81000,-17.93000
95.14000,44.68500,34.00500,6.88000,111.30000,213.02000,177.38000,85.27500,114.14000,-10.98000,40.63500,145.44000,27.75000,73.04000,16.27500
273.33000,328.60000,55.01500,92.94000,164.92000,383.30000,308.50000,214.80500,137.01000,30.04000,39.26000,245.16000,226.30000,256.24000,84.79000
173.11000,97.88000,37.42000,38.50000,87.75670,315.97000,125.86000,172.62000,129.09000,9.80500,22.43500,172.62000,94.55000,169.02000,4.67000
98.58000,44.68500,21.21000,-6.47000,77.93000,277.01000,113.80000,81.03500,121.25000,-21.96500,6.12000,84.63000,-7.12000,60.82000,-3.32000
120.53000,75.22000,39.90000,17.11000,45.90500,239.47000,88.14000,110.04000,105.52500,-1.82500,27.89000,142.60000,31.64000,86.13000,-15.51000
204.79000,237.75000,57.30000,58.45000,128.63000,344.32000,185.29000,214.80500,148.79000,19.55000,40.04000,286.11000,153.92000,256.24000,28.79000
85.07000,29.69000,31.04000,-1.41000,59.00000,181.80000,43.16000,85.27500,189.04000,-16.02000,8.95000,97.24000,-0.74000,68.23000,-11.10000
231.65000,278.96000,60.74500,68.80500,87.75670,301.98000,125.49700,229.71000,169.50000,22.20000,43.08500,217.48000,214.19500,290.03000,4.67000
182.21000,209.61000,37.53000,35.86000,88.42000,295.04000,129.58000,85.27500,131.58500,-3.84250,22.43500,134.46000,90.24000,68.23000,7.51000
204.79000,718.84000,57.98000,67.39000,130.57000,196.38500,188.12000,128.40000,162.06000,19.68000,40.06000,203.95000,162.91000,429.19000,33.99000
182.21000,209.61000,67.11000,66.59000,180.23500,294.78000,356.48000,290.32000,143.90000,36.32000,52.17000,248.50000,164.25500,354.87000,93.42000
116.82000,50.53000,20.18500,15.40000,63.47000,230.99000,84.82000,73.19000,104.86000,-26.88000,5.74000,84.63000,27.75000,415.49000,-10.97000
236.78000,288.80000,61.77000,74.52000,37.91500,357.29500,82.52000,248.46500,105.53000,22.63500,40.55000,216.32500,26.93000,305.90000,-21.17000
346.56000,467.69000,77.49000,136.75000,87.75670,419.72000,125.86000,90.64000,189.04000,44.24000,43.08500,254.84000,101.29000,73.04000,4.67000
112.30000,57.35000,50.04000,58.45000,123.14000,230.52000,184.99500,184.81000,145.24000,9.80500,34.61000,174.43000,154.38000,199.81000,27.53000
120.53000,64.82000,34.00500,17.29000,106.44000,237.23500,183.43000,96.73000,105.52500,-10.98000,23.93500,122.58000,153.92000,77.23000,13.91000
273.33000,328.60000,65.35000,99.44000,56.05670,397.98000,349.87000,278.40000,264.94000,35.31000,34.86000,245.15000,261.30000,340.21000,-13.87000
186.11000,219.11500,87.55000,14.59000,67.40000,315.97000,107.52000,333.75000,100.81000,50.37000,64.31000,275.94000,25.20000,176.59500,-5.17000
108.51000,50.53000,37.31000,14.87000,52.50000,230.52000,84.82000,116.09000,103.73000,-3.14000,21.05000,137.58500,27.35500,119.77000,-13.90000
114.07000,57.35000,39.45000,15.83000,37.73500,230.08000,86.95000,128.40000,104.86000,-2.20000,23.60000,184.16000,30.04000,253.68000,-18.34000
145.19000,132.95000,44.81000,29.35500,92.70000,277.01000,116.82500,159.98000,123.90000,-4.58500,30.15500,134.46000,67.43000,164.25000,8.33000
303.01000,381.56000,67.11000,120.57500,110.98000,406.37000,155.81000,280.40000,221.83000,38.86000,47.07000,226.48000,121.64000,637.58000,14.06000
120.53000,112.56000,34.00500,8.32500,26.34000,349.87000,68.15000,98.19000,96.63000,-11.19000,16.28000,121.26000,18.95000,73.04000,-28.04000
108.51000,50.16000,38.18000,14.87000,37.91500,230.08000,82.52000,123.63000,103.73000,-3.14000,22.75500,137.58500,27.35500,130.23000,-17.93000
99.13000,44.68500,32.56000,10.38000,15.47000,270.03000,67.75000,90.64000,90.32000,-10.21000,35.11500,125.65000,18.95000,62.58000,-32.34000
152.74000,144.42000,47.43000,33.80000,78.00000,289.37000,114.09000,211.91000,124.44000,7.87000,32.75000,168.69000,67.43000,230.99000,-1.47500
142.57500,140.23000,44.07000,27.57000,34.92000,335.99500,67.75000,134.63500,122.88000,5.33000,52.17000,158.90000,65.18000,141.94000,-24.34000
110.08000,38.37000,58.96000,14.59000,117.84000,398.12000,166.27000,354.45500,100.11000,-3.74000,40.36000,136.01000,135.04000,192.15000,20.34000
185.98000,192.21000,52.80500,45.10000,110.98000,295.85000,155.81000,200.14500,138.84000,15.49000,37.82000,179.02000,127.07000,229.32000,16.01000
367.88000,264.20000,63.49000,78.21000,95.36000,344.38700,138.64500,302.02000,173.27000,23.23000,34.21000,218.65500,211.22500,394.71000,13.07000
241.05300,309.11000,51.91000,51.21000,144.86500,353.60000,254.64500,195.81000,143.90000,10.55000,63.08000,186.99700,146.81000,170.05000,42.98000
110.08000,66.80500,38.56000,20.85500,48.11000,265.39000,91.15000,138.43500,98.41000,0.16000,23.57500,146.13000,34.75000,142.95000,-14.91000
108.51000,50.16000,68.93000,13.35000,52.59000,230.52000,63.34000,283.73000,100.11000,38.86000,58.20000,252.78000,24.01000,335.86300,-13.97000
138.88000,66.10000,21.21000,-3.32000,45.90500,237.26000,88.14000,81.03500,74.10000,-17.51000,6.95000,97.24000,31.64000,60.82000,-15.95000
180.25500,208.77000,51.26500,43.44000,31.18500,307.17000,68.92000,179.62000,134.76000,9.98000,35.11500,174.54500,119.28000,259.13000,-28.50000
353.41000,522.10500,67.11000,123.37000,164.53000,387.07000,330.49500,282.88000,235.24000,36.40000,48.50000,248.50000,266.82000,340.21000,72.06000
303.01000,351.98500,45.37000,122.47000,221.87000,393.58000,374.89700,154.14000,221.83000,41.32000,29.02000,252.78000,334.35000,233.12000,142.19000
131.77000,93.40000,52.57000,33.57000,84.04000,263.46000,118.73000,211.91000,124.82500,9.80500,36.03000,125.73000,73.43500,229.32000,-4.27000
140.18000,107.47000,55.01500,139.45500,239.01500,292.47000,420.01000,209.40000,248.45000,18.40000,39.26000,196.60000,228.54000,232.35500,-12.60500
358.75000,593.21000,42.74000,152.38500,22.55000,394.84500,68.92000,354.45500,189.04000,-17.51000,61.04000,97.24000,207.02000,463.54000,-28.04000
175.24000,188.62000,51.26500,41.15000,120.71000,295.85000,138.88000,186.96500,131.58500,9.98000,39.55000,171.09000,104.51000,267.58000,26.82000
190.46000,210.94000,38.18000,47.34000,128.63000,314.02000,160.95000,123.63000,143.44000,-3.96000,22.88000,178.44000,133.76000,127.81000,28.79000
474.04000,855.26000,100.06000,273.60000,145.28000,307.17000,242.73000,354.45500,314.21000,81.11000,78.77000,515.27000,719.55500,482.12000,8.89000
128.53000,55.60000,37.35000,14.87000,39.51000,230.54000,87.74000,124.05000,103.65000,-3.14000,22.88000,137.58500,27.35500,305.40000,-39.30000
270.77000,327.51000,61.77000,91.14000,151.05000,375.43000,280.03000,248.46500,185.03000,29.63000,23.37000,236.41000,226.55000,305.90000,58.18000
99.13000,242.74000,37.35000,6.88000,120.41000,311.68000,160.05000,121.44000,98.60500,-3.96000,22.43500,110.07000,128.02000,229.32000,33.99000
270.77000,328.19000,109.64000,91.14000,111.30000,272.92000,335.95500,417.19000,185.03000,83.13500,62.19000,527.72000,226.55000,522.55000,16.27500
178.04500,192.21000,20.18500,42.21000,64.98500,282.94000,289.67500,484.23000,132.75000,6.29000,43.33000,171.99000,112.56500,681.84500,-6.24000
190.16000,223.43500,55.75000,45.52000,117.53000,315.97000,164.13000,210.95000,130.39000,23.19000,39.61000,218.55000,133.76000,249.16500,19.15000
251.91000,315.30000,61.27000,82.04000,73.80000,367.26000,113.15000,240.66000,173.27000,24.86000,23.60000,226.48000,213.63000,415.49000,17.01500
85.07000,231.14500,33.37000,-1.41000,39.88000,301.98000,50.47000,94.83330,72.53000,-11.19000,39.05000,121.88000,-0.74000,72.40000,-32.34000
140.18000,107.92000,38.46500,25.08000,52.59000,268.93000,91.23670,124.05000,120.61000,3.64000,23.37000,169.58000,34.75000,131.21000,-1.88000
367.88000,621.10500,94.63000,138.84000,393.61000,268.53000,438.64500,295.43000,177.85000,44.33000,72.57000,233.92000,424.92000,356.55500,178.50500
238.60000,305.64000,170.02000,78.21000,145.28000,324.28000,255.42500,808.73000,143.50000,23.23000,103.86000,218.65500,211.22500,1494.58000,46.92500
367.60000,381.56000,84.27000,158.99500,31.18500,406.37000,68.92000,320.07000,267.07000,50.39500,62.19000,248.50000,469.11000,488.55000,-27.78000
112.30000,57.98000,34.02000,15.40000,39.88000,237.20000,84.93000,98.19000,114.39000,-10.42000,20.70000,148.11000,27.75000,60.03000,-18.34000
228.42000,330.16000,38.56000,14.59000,-1.52000,389.10500,82.52000,123.50000,101.64000,-3.10000,23.57500,146.61000,25.20000,127.81000,33.99000
415.22000,702.34000,87.55000,194.28000,88.28000,332.98000,608.87500,333.75000,274.23000,53.07000,64.31000,334.00000,515.41500,429.65000,6.08000
120.93000,80.58000,34.02000,18.99330,34.92000,301.04000,68.92000,98.19000,107.60000,-10.98000,40.55000,128.20000,34.82000,231.58000,-24.27000
167.30000,157.73000,91.73000,35.76000,111.30000,301.04000,125.05000,348.79000,130.39000,64.71000,65.88000,332.70000,89.73000,176.59500,16.27500
190.46000,219.11500,87.55000,48.36500,133.52000,311.68000,185.29000,333.75000,143.49000,52.63500,64.31000,270.89000,138.18000,429.65000,35.93500
206.20000,233.77000,49.29000,21.59000,58.06000,352.13000,97.15000,180.71000,112.18000,8.90500,34.07500,171.99000,47.25000,291.80000,-32.16000
287.56000,343.33500,88.76000,99.44000,110.98000,393.58000,355.98000,375.29000,196.49000,56.84000,44.92000,331.10000,262.06500,488.55000,17.01500
154.36000,140.23000,47.43000,33.80000,39.94000,289.37000,135.05000,176.56000,124.82500,7.87000,32.75000,168.69000,78.37000,184.15000,-17.94000
353.41000,522.12000,84.41000,139.52000,219.04000,311.68000,384.86000,320.07000,248.45000,48.43000,63.35000,274.66000,420.43300,415.49000,142.23000
90.34000,39.31000,42.49000,1.07500,77.93000,196.38500,113.80000,134.63500,80.14000,9.57000,27.88000,172.62000,10.47500,141.94000,-3.32000
175.50000,191.05000,84.41000,41.15000,116.14500,301.04000,159.82000,325.21000,136.48000,10.34000,43.08500,178.44000,130.63000,429.19000,46.92500
290.45000,377.81000,66.08000,102.33000,180.41000,399.89500,361.17000,282.88000,176.95000,36.10500,52.32000,247.27000,266.24000,398.58000,-28.04000
141.70500,111.04000,49.29000,25.83000,82.51000,269.92000,106.32500,179.62000,121.25000,8.83000,34.07500,171.09000,63.08000,153.05000,-1.16000
96.45000,43.44000,61.27000,6.30000,16.64000,213.02000,59.40000,240.66000,114.14000,22.20000,40.63500,213.84000,17.02000,305.40000,-31.72000
415.22000,702.34000,88.17500,214.25000,39.88000,284.87000,84.93000,353.49000,105.53000,56.84000,65.18000,330.31000,27.85000,475.19000,-18.77000
95.14000,45.61000,44.81250,4.05000,36.42000,219.62000,54.05000,159.98000,127.71000,-3.84250,30.36000,134.46000,16.65000,297.73000,-24.27000
205.19000,238.21000,57.98000,58.87000,125.90000,331.06000,185.20000,183.20000,149.68000,19.49000,39.76000,196.60000,155.91000,354.86000,28.08000
110.08000,50.53000,38.18000,14.59000,16.64000,230.52000,59.40000,128.40000,123.73000,-3.40000,6.95000,166.01000,17.02000,132.12500,-31.89000
341.71500,468.06000,94.76000,136.75000,229.48500,423.22500,408.83000,362.80000,231.66000,70.83000,73.04000,398.13500,350.12000,164.25000,58.18000
114.07000,57.98000,38.56000,14.87000,5.76000,237.26000,101.30000,124.05000,103.65000,-3.14000,23.57500,137.58500,52.35000,131.21000,14.96000
474.04000,30.67000,109.64000,273.60000,64.06500,265.39000,441.84500,427.81000,274.86000,80.98000,26.51000,545.92000,465.90000,516.22000,-7.27000
232.33000,281.20000,59.09000,78.56000,145.91000,352.01000,242.73000,221.18000,173.25000,23.66000,35.15000,247.09000,211.55000,269.71000,8.72000
349.62000,481.33000,82.32000,139.45500,239.98500,423.60000,421.22000,308.72000,230.50000,48.43000,61.15000,248.50000,413.27500,398.58000,27.53000
166.97500,167.09000,59.49000,74.52000,135.88000,295.85000,217.16000,223.17000,169.92000,22.63500,41.13500,213.84000,199.79000,469.24000,37.81000
142.57500,107.92000,76.04000,25.08000,14.14000,268.93000,67.05000,296.68000,121.25000,3.66000,51.66000,153.08500,18.29500,388.02500,-38.11000
190.16000,223.43500,98.09000,36.42000,116.14500,315.97000,130.08000,404.66000,128.83000,9.57000,75.13000,172.05500,90.74500,494.60000,19.15000
221.94000,264.20000,66.56000,67.46000,118.15000,344.13000,174.49500,280.10500,161.33300,18.81500,49.58000,226.85500,138.18000,329.89000,19.15000
179.36000,186.42000,57.30000,43.00000,45.90500,295.61000,88.14000,214.80500,134.71000,19.20000,40.04000,194.85000,31.64000,256.24000,-15.95000
297.73500,172.84500,72.43000,102.33000,36.42000,304.94000,141.91000,303.04500,221.82000,36.10500,60.56000,247.09000,263.93000,461.06000,-7.31000
206.20000,242.74000,56.66000,65.02000,135.54000,357.29500,183.43000,212.20500,154.54000,19.58000,40.04000,203.14000,157.29000,248.73000,36.53000
227.84000,264.20000,82.18000,68.57500,114.99500,221.41000,363.62000,308.72000,173.27000,20.97000,61.52000,211.76500,266.82000,329.89000,17.01500
188.03000,136.29000,61.40000,82.27000,154.40000,311.68000,287.56000,241.52700,176.95000,26.70000,44.87000,226.85500,214.19500,305.40000,62.53000
138.88000,66.80500,49.29000,34.09500,87.55000,237.26000,126.89000,180.71000,126.83000,8.90500,34.09000,171.99000,79.38000,193.41000,3.52333
102.71000,49.14000,38.18000,14.59000,36.30000,224.60000,76.26000,123.63000,100.81000,-3.74000,22.75500,136.01000,25.20000,130.23000,-24.27000
349.62000,238.21000,44.81250,138.84000,400.16500,331.06000,868.50000,163.51000,170.09000,5.02000,30.36000,248.50000,700.54000,171.27500,-1.47500
415.22000,702.34000,127.82500,194.28000,55.50000,353.60000,95.29000,587.77000,274.23000,52.69000,63.35000,316.16500,515.41500,633.88000,-9.78250
107.21000,45.61000,100.06000,273.60000,48.11000,221.41000,909.63000,404.66000,124.82500,81.11000,77.67000,515.27000,719.55500,171.27500,-14.91000
303.01000,397.38000,100.06000,122.47000,87.72000,407.30000,125.49700,412.78000,221.83000,80.98000,73.31000,464.50000,243.95000,502.01000,3.52333
186.11000,219.11500,52.80500,45.10000,95.67000,315.97000,138.64500,202.96000,138.84000,15.49000,37.82000,258.53000,128.02000,754.15000,8.72000
185.32000,209.61000,84.41000,45.10000,164.92000,311.04000,330.49500,359.07000,138.84000,45.19000,63.08000,270.89000,226.55000,494.60000,84.79000
122.09000,91.92000,88.76000,11.16000,22.55000,258.09000,68.15000,353.49000,85.81000,-12.35000,65.18000,121.26000,22.21000,475.19000,-28.04000
145.74300,140.23000,36.22500,12.98000,5.76000,293.11000,48.19000,129.76000,98.41000,-10.42000,18.25000,164.98000,22.37000,88.38500,-11.10000
287.79500,351.98500,82.32000,34.96000,88.28000,394.84500,126.89000,308.72000,217.41000,49.50000,60.56000,274.66000,84.58000,760.48000,7.48500
265.87000,289.09500,61.27000,82.27000,145.28000,358.03000,248.69000,240.66000,176.95000,24.86000,44.48000,226.48000,211.18000,300.56000,46.92500
142.57500,131.65000,49.29000,33.80000,88.42000,265.39000,152.79000,180.71000,76.84500,8.83000,34.09000,172.62000,117.91000,192.15000,7.51000
322.07500,441.04000,63.03500,89.80000,145.28000,423.22500,289.67500,259.01000,184.81000,29.41000,47.85000,233.92000,226.30000,335.86300,46.92500
142.57500,178.13000,45.72000,27.57000,56.05670,294.78000,95.29000,121.44000,122.88000,5.33000,32.15000,159.33500,65.18000,120.47500,8.72000
131.00000,93.40000,33.29000,21.59000,45.90500,304.94000,89.27500,90.16000,112.18000,-12.64000,8.95000,180.51000,33.82000,73.04000,-15.23000
297.73500,372.95000,71.97500,122.61000,175.15000,397.98000,355.98000,294.61000,230.50000,43.09000,30.70000,258.53000,302.13000,356.55500,90.08000
116.82000,64.82000,42.80000,68.75000,135.88000,237.23500,217.16000,598.73000,168.99000,0.22000,27.14000,147.58000,196.63500,756.86000,37.81000
116.82000,283.40500,113.38000,15.83000,63.93000,352.13000,106.09500,441.88000,103.65000,-26.88000,42.88000,84.63000,27.75000,632.27000,-9.78250
108.51000,50.53000,36.73000,14.77000,87.08000,230.52000,78.44000,110.04000,100.81000,-9.71000,18.64000,125.65000,25.36500,88.38500,1.62000
95.45000,43.44000,34.50000,6.14000,16.39000,207.83000,54.66000,105.78000,90.32000,-10.51000,17.62000,121.88000,17.02000,81.11000,-31.72000
142.48000,117.93000,45.91000,27.26000,66.91000,260.47000,107.52000,170.16500,121.94000,5.08000,32.15000,159.33500,63.74000,231.58000,4.67000
131.00000,239.75000,52.80000,37.98000,125.20000,389.10500,130.05000,201.27000,128.83000,12.95000,37.20000,184.16000,90.74500,141.06000,27.83000
352.62700,495.26000,79.87000,152.38500,20.62000,398.12000,64.09000,290.32000,185.03000,8.90500,59.18000,172.05500,469.11000,354.87000,-18.34000
98.89500,45.02000,42.85000,22.58500,61.54000,219.62000,99.24000,146.99000,112.18000,2.72000,27.89000,158.26000,47.25000,153.05000,-10.49000
118.10000,64.82000,45.72000,15.83000,80.11000,237.24500,118.73000,170.16500,104.69000,2.72000,32.10000,203.14000,28.99000,186.30000,-1.16000
98.89500,45.02000,32.56000,10.38000,63.47000,705.84000,73.22000,96.73000,96.63000,-1.65000,22.75500,247.27000,18.82000,75.32000,14.96000
178.04500,192.14000,51.91000,42.21000,103.54000,301.04000,151.92000,192.85500,133.25000,10.51000,35.53000,179.02000,112.56500,633.88000,13.91000
157.24000,97.58500,47.43000,33.80000,87.08000,265.39000,119.88000,204.57000,124.06800,7.87000,32.46000,168.69000,73.43500,192.64000,-15.51000
355.75500,593.21000,36.27000,139.45500,103.13000,447.66000,159.82000,107.66500,247.08000,68.12500,18.25000,397.37500,46.87000,88.38500,13.88000
190.16000,223.43500,61.27000,45.52000,117.05000,315.97000,164.13000,274.76000,140.62000,24.86000,44.48000,226.48000,133.76000,354.86000,19.15000
173.53000,30.67000,46.62000,34.09500,38.11000,182.12000,83.08000,172.62000,126.83000,6.99000,32.46000,172.05500,27.35500,175.75000,-18.77000
152.04500,144.42000,145.35000,30.75500,66.91000,289.36000,101.30000,723.31500,124.06800,6.29000,50.06000,153.19000,72.53000,887.82000,-6.24000
173.53000,197.32200,51.52500,40.13000,95.36000,307.17000,138.64500,192.44000,129.96000,10.34000,34.53000,177.73500,103.67000,232.35500,8.72000
295.13000,379.06000,45.91000,110.23000,193.94000,304.35000,368.92000,154.14000,219.82000,36.40000,32.15000,248.50000,266.82000,231.58000,111.72000
236.78000,288.80000,62.89000,96.88750,135.88000,358.03000,185.20000,186.96500,188.03000,31.01000,42.88000,239.29000,157.29000,206.02000,54.59000
417.42500,727.70000,88.17500,210.08000,95.36000,562.72000,179.65500,348.79000,274.78500,56.14000,40.36000,330.31000,350.12000,74.42000,7.83000
84.59000,44.68500,23.74000,-1.03000,20.62000,184.46000,48.19000,290.32000,74.10000,-17.51000,28.86000,98.31000,4.81000,354.87000,89.30000
141.73000,111.04000,44.81250,25.09000,73.80000,269.92000,106.32500,159.98000,120.96500,3.66000,30.36000,153.08500,58.51500,164.25000,-3.74000
90.34000,39.31000,87.55000,216.78000,82.51000,237.20000,745.88000,348.79000,126.45000,52.69000,72.57000,316.16500,586.56000,519.45000,-1.16000
321.57000,441.04000,113.38000,128.94000,16.39000,420.82000,63.34000,441.88000,254.86000,43.91000,100.58000,259.00000,18.29500,537.74000,-29.67000
152.04500,218.77000,56.64000,58.45000,118.63000,268.22000,179.65500,213.65000,147.11000,19.55000,39.88000,138.99000,150.94000,354.00000,23.19000
132.62000,91.92000,44.67500,23.14000,63.93000,258.09000,103.52000,159.98000,114.14000,3.64000,28.86000,152.29000,46.87000,164.25000,-1.47500
301.64000,467.69000,68.75500,112.44000,38.11000,282.94000,82.52000,511.23000,219.62000,37.71500,50.06000,250.08000,206.42000,754.15000,-17.93000
101.32000,49.14000,38.18000,12.98000,37.73500,224.60000,68.15000,123.63000,98.60500,-3.10000,22.88000,138.48000,22.21000,127.81000,-19.68000
232.33000,192.21000,66.08000,74.52000,143.49000,221.56000,228.95000,280.10500,169.92000,22.63500,49.58000,226.48000,206.42000,316.65000,38.63000
118.10000,43.35000,39.81500,17.11000,64.06500,206.87000,96.71000,129.76000,105.52500,-2.15000,23.77000,138.99000,26.93000,134.03500,-8.82000
270.77000,328.19000,53.38000,88.26000,164.92000,247.17000,335.95500,84.23000,177.89000,27.03000,37.67000,228.93000,249.86000,72.40000,27.17000
114.07000,57.98000,51.91000,34.09500,87.72000,237.75000,125.49700,200.14500,132.75000,10.34000,35.53000,172.62000,79.38000,229.32000,3.52333
95.45000,43.44000,34.50000,6.14000,10.93000,207.83000,44.46000,105.78000,90.32000,-10.51000,18.25000,151.42000,17.02000,68.23000,-38.11000
140.18000,107.47000,39.90000,25.08000,64.06500,268.22000,105.74000,131.62000,114.14000,3.66000,31.01000,153.08500,58.51500,137.07000,-7.31000
205.19000,197.32200,59.64000,58.87000,103.54000,301.98000,151.92000,227.48000,149.68000,19.55000,39.92000,199.92000,153.92000,285.93500,15.76000
190.74000,228.92000,127.82500,47.34000,118.15000,371.67000,164.97000,613.57000,143.44000,84.41000,103.86000,517.66000,133.93000,633.88000,23.14670
175.30000,107.92000,51.91000,40.98000,96.72000,268.93000,140.54000,192.85500,131.58500,10.51000,35.53000,177.40000,104.51000,219.56000,9.10000
302.39000,97.88000,23.74000,122.61000,26.34000,264.81500,438.39500,83.15000,229.80000,-17.51000,17.25000,130.01500,371.54500,62.58000,-27.78000
270.77000,283.40500,63.03500,98.06000,164.53000,353.60000,328.22000,260.65000,168.19000,31.01000,44.87000,286.11000,238.78000,267.58000,72.06000
84.59000,22.92000,21.21000,-1.41000,15.47000,174.15000,44.46000,81.03500,72.53000,-16.02000,100.58000,122.58000,-0.74000,74.42000,-32.16000
98.89500,45.02000,36.22500,6.88000,87.75670,268.93000,177.38000,106.60000,127.71000,-10.42000,17.62000,121.88000,146.81000,86.13000,4.67000
287.79500,351.98500,65.35000,99.44000,143.49000,394.84500,349.87000,278.40000,196.49000,35.31000,39.88000,247.09000,261.30000,269.71000,38.63000
167.30000,176.53000,49.29000,35.76000,36.42000,293.11000,78.44000,180.71000,129.96000,8.90500,34.09000,172.06500,104.51000,193.41000,-17.94000
