459.50500,773.97000,93.41000,225.08000,5.76000,355.73000,47.41000,186.96500,273.60500,68.12500,72.57000,397.37500,586.83000,75.32000,-14.91000
370.82000,626.86000,83.18000,225.08000,400.16500,447.66000,745.88000,316.36000,277.77000,50.37000,61.15000,276.14000,586.56000,429.65000,283.09000
178.32000,208.77000,51.73000,42.22000,102.08000,307.17000,150.31000,192.83500,134.00000,10.40330,35.15000,202.27000,115.96000,225.96000,13.88000
131.00000,239.75000,52.80000,37.98000,125.20000,389.10500,130.05000,201.27000,128.83000,12.95000,37.20000,184.16000,90.74500,141.06000,27.83000
141.73000,289.09500,39.81500,98.07000,133.52000,358.33000,195.02000,129.76000,189.04000,31.63000,23.77000,254.84000,165.84000,469.24000,38.63000
221.97500,264.20000,58.17000,67.46000,55.26000,344.75500,91.15000,214.94000,163.58500,20.53000,41.25000,203.14000,186.00500,256.24000,-13.97000
128.55000,91.92000,47.12000,30.80000,219.04000,258.09000,118.73000,73.19000,123.54000,6.98000,31.49000,172.05500,72.84500,60.37000,142.23000
353.41000,522.12000,77.77000,139.52000,239.98500,438.62000,421.22000,302.02000,248.45000,44.33000,58.21000,259.00000,395.85000,306.31000,-39.30000
99.13000,242.74000,37.35000,6.88000,120.41000,311.68000,160.05000,121.44000,98.60500,-3.96000,22.43500,110.07000,128.02000,229.32000,33.99000
114.07000,57.98000,32.56000,-1.52000,87.08000,230.54000,118.15000,85.27500,95.53000,-16.50000,37.82000,115.96000,72.63000,68.23000,7.81000
353.41000,49.14000,170.02000,139.52000,18.29000,224.60000,421.22000,808.73000,248.45000,52.63500,115.16000,221.71000,420.43300,1494.58000,-27.78000
157.24000,97.58500,47.43000,33.80000,87.08000,265.39000,119.88000,204.57000,124.06800,7.87000,32.46000,168.69000,73.43500,192.64000,-15.51000
114.07000,57.98000,51.91000,34.09500,87.72000,237.75000,125.49700,200.14500,132.75000,10.34000,35.53000,172.62000,79.38000,229.32000,3.52333
265.01000,328.60000,62.06000,89.40000,154.40000,387.07000,287.56000,240.66000,183.88500,29.41000,46.61000,252.78000,223.49000,300.56000,60.66500
276.24000,330.16000,63.03500,98.07000,180.23500,387.07000,363.62000,158.50000,170.09000,33.78000,40.99500,245.16000,266.82000,156.67000,93.42000
108.51000,50.16000,68.93000,13.35000,52.59000,230.52000,63.34000,283.73000,100.11000,38.86000,58.20000,252.78000,24.01000,335.86300,-13.97000
118.10000,64.82000,45.72000,15.83000,80.11000,237.24500,118.73000,170.16500,104.69000,2.72000,32.10000,203.14000,28.99000,186.30000,-1.16000
168.25000,176.53000,50.03500,35.76000,547.58000,293.11000,1491.98000,196.41000,127.49000,8.96000,34.44000,172.05500,811.22500,226.84000,283.09000
301.64000,379.06000,68.75500,112.44000,175.15000,397.98000,355.98000,285.12000,221.82000,37.71500,51.66000,250.08000,262.06500,354.86000,90.08000
96.45000,43.35000,34.02000,6.30000,52.59000,221.56000,64.09000,98.19000,100.81000,-10.51000,17.82000,122.58000,17.02000,77.23000,-13.90000
152.04500,140.23000,47.43000,33.80000,118.63000,289.37000,130.08000,283.15000,124.82000,7.87000,32.75000,168.69000,65.49000,354.00000,36.53000
211.61500,254.04000,2.61000,-10.38000,135.88000,270.72500,40.93500,61.28330,59.68000,-34.01000,5.01000,121.07000,-10.42000,37.25000,15.76000
90.34000,39.31000,87.55000,216.78000,82.51000,237.20000,745.88000,348.79000,126.45000,52.69000,72.57000,316.16500,586.56000,519.45000,-1.16000
227.84000,223.43500,87.63000,68.57500,130.57000,315.97000,223.95000,333.75000,165.53000,56.14000,64.51500,326.74000,186.00500,438.67000,9.10000
120.68500,66.10000,46.25500,17.29000,58.06000,237.24500,103.52000,154.14000,153.07000,5.33000,18.64000,226.85500,27.35500,155.41000,-13.39500
144.12000,132.78000,45.54000,27.61000,74.36000,281.64000,113.15000,168.95000,123.54000,5.33000,31.01000,177.40000,65.22000,192.15000,-6.24000
358.75000,467.69000,113.42000,136.75000,59.00000,344.32000,97.15000,427.81000,241.71000,115.45000,30.70000,566.69000,52.32000,537.74000,-11.10000
200.18000,231.14500,63.03500,30.80000,84.04000,393.58000,116.82500,265.31000,124.82500,30.81000,48.50000,226.85500,72.53000,487.26500,27.17000
178.32000,198.49000,51.91000,42.22000,102.08000,300.90000,150.31000,192.85500,122.88000,10.55000,35.53000,180.82500,115.96000,215.63000,13.88000
459.50500,225.17000,53.38000,271.80000,164.53000,304.94000,954.35000,204.57000,308.29000,80.98000,37.82000,168.69000,700.54000,253.68000,72.06000
147.99000,157.73000,95.21000,30.80000,82.51000,289.95000,119.88000,383.77000,123.73000,6.99000,73.29000,168.69000,72.63000,305.40000,-1.16000
178.32000,197.32200,88.17500,42.22000,95.36000,299.92000,138.64500,348.79000,132.20000,-4.58500,65.88000,133.86000,117.03000,475.19000,8.33000
119.56000,66.80500,36.27000,16.26000,39.88000,237.26000,84.93000,154.14000,105.53000,-10.21000,18.25000,125.65000,30.04000,155.41000,-18.34000
152.04500,140.23000,42.49000,-3.32000,78.00000,323.20000,43.16000,458.95000,74.10000,0.22000,26.66000,146.61000,-6.47000,488.55000,16.01000
98.89500,45.02000,42.85000,22.58500,61.54000,219.62000,99.24000,146.99000,112.18000,2.72000,27.89000,158.26000,47.25000,153.05000,-10.49000
178.04500,192.21000,20.18500,42.21000,64.98500,282.94000,289.67500,484.23000,132.75000,6.29000,43.33000,171.99000,112.56500,681.84500,-6.24000
108.51000,50.16000,38.18000,14.87000,37.91500,230.08000,82.52000,123.63000,103.73000,-3.14000,22.75500,137.58500,27.35500,130.23000,-17.93000
145.19000,132.95000,49.18000,17.29000,48.03000,237.75000,89.29000,184.81000,106.64000,-2.20000,34.61000,137.45000,32.15000,199.81000,-17.93000
204.79000,237.75000,57.30000,58.45000,128.63000,344.32000,185.29000,214.80500,148.79000,19.55000,40.04000,286.11000,153.92000,256.24000,28.79000
201.50000,233.77000,33.29000,41.15000,89.15000,325.67000,140.54000,94.83330,132.20000,-10.51000,14.32000,122.58000,108.69500,77.92000,7.83000
367.88000,779.13000,84.82500,162.14000,307.57000,542.86000,441.84500,328.93000,264.94000,52.63500,63.35000,326.74000,469.11000,319.03000,147.42000
85.07000,231.14500,33.37000,-1.41000,39.88000,301.98000,50.47000,94.83330,72.53000,-11.19000,39.05000,121.88000,-0.74000,72.40000,-32.34000
110.08000,66.80500,38.56000,20.85500,48.11000,265.39000,91.15000,138.43500,98.41000,0.16000,23.57500,146.13000,34.75000,142.95000,-14.91000
188.03000,136.29000,61.40000,82.27000,154.40000,311.68000,287.56000,241.52700,176.95000,26.70000,44.87000,226.85500,214.19500,305.40000,62.53000
322.07500,310.85000,76.29000,128.94000,239.01500,366.40000,416.23000,297.62000,196.49000,43.91000,49.58000,259.00000,395.85000,388.68000,142.23000
131.77000,93.40000,113.42000,370.63500,100.34000,256.93000,909.63000,489.09000,120.96500,87.07000,89.51000,566.69000,719.55500,701.41000,14.06000
96.45000,44.68500,36.22500,6.30000,73.80000,174.15000,113.15000,106.60000,91.96500,-10.42000,17.82000,123.32000,17.02000,142.95000,-13.08000
152.74000,144.42000,47.43000,33.80000,78.00000,289.37000,114.09000,211.91000,124.44000,7.87000,32.75000,168.69000,67.43000,230.99000,-1.47500
102.71000,49.14000,38.18000,14.59000,36.30000,224.60000,76.26000,123.63000,100.81000,-3.74000,22.75500,136.01000,25.20000,130.23000,-24.27000
120.53000,75.22000,39.90000,17.11000,45.90500,239.47000,88.14000,110.04000,105.52500,-1.82500,27.89000,142.60000,31.64000,86.13000,-15.51000
180.25500,208.77000,51.26500,43.44000,31.18500,307.17000,68.92000,179.62000,134.76000,9.98000,35.11500,174.54500,119.28000,259.13000,-28.50000
142.57500,178.13000,45.72000,27.57000,56.05670,294.78000,95.29000,121.44000,122.88000,5.33000,32.15000,159.33500,65.18000,120.47500,8.72000
257.29000,310.85000,56.64000,82.27000,152.94500,366.74000,259.08500,212.20500,176.95000,19.55000,39.88000,198.81000,213.63000,253.68000,-11.41000
204.21000,238.21000,63.49000,88.26000,163.37000,237.75000,289.67500,268.28000,177.85000,27.03000,48.21000,174.54500,222.84000,331.75300,66.57000
147.99000,138.58000,49.36000,30.75500,45.90500,284.87000,89.27500,179.62000,123.90000,5.76000,23.93500,160.35000,4.81000,192.64000,-17.94000
297.73500,379.06000,68.37000,112.06000,221.87000,447.66000,368.53000,283.73000,219.62000,37.70000,73.04000,249.12000,266.82000,335.86300,142.23000
140.18000,107.47000,55.01500,139.45500,239.01500,292.47000,420.01000,209.40000,248.45000,18.40000,39.26000,196.60000,228.54000,232.35500,-12.60500
108.51000,50.53000,36.73000,14.77000,87.08000,230.52000,78.44000,110.04000,100.81000,-9.71000,18.64000,125.65000,25.36500,88.38500,1.62000
167.30000,157.73000,91.73000,35.76000,111.30000,301.04000,125.05000,348.79000,130.39000,64.71000,65.88000,332.70000,89.73000,176.59500,16.27500
185.98000,216.02000,68.75500,45.10000,92.70000,314.22000,138.64500,283.73000,138.84000,37.71500,51.78500,250.08000,103.67000,329.89000,8.33000
287.56000,343.33500,64.92000,98.07000,182.24000,301.04000,363.62000,241.52700,185.03000,33.78000,48.50000,245.16000,528.96000,305.40000,39.24500
303.01000,381.56000,67.11000,120.57500,110.98000,406.37000,155.81000,280.40000,221.83000,38.86000,47.07000,226.48000,121.64000,637.58000,14.06000
204.79000,237.75000,36.22500,65.02000,135.54000,327.97000,185.20000,106.60000,143.50000,-10.42000,23.77000,122.58000,153.92000,119.77000,36.46000
287.56000,327.51000,56.64000,99.44000,67.40000,375.43000,349.87000,212.20500,188.03000,19.55000,39.88000,199.92000,261.30000,637.58000,-4.27000
145.74300,134.12000,87.63000,30.75500,26.34000,282.94000,117.56000,343.16000,124.06800,6.29000,64.27500,182.37000,72.63000,77.92000,-5.17000
131.77000,93.40000,82.18000,22.58500,20.62000,267.28500,64.09000,365.19000,112.70000,51.45500,60.56000,180.82500,47.25000,505.67000,-31.89000
416.12000,765.87000,84.82500,200.92000,144.54000,323.20000,241.06000,359.07000,273.60500,52.63500,23.37000,147.49000,207.02000,701.41000,39.24500
202.16000,237.75000,55.01500,52.86000,48.03000,328.62000,438.39500,204.57000,143.50000,18.40000,39.61000,196.32000,420.43300,248.73000,-16.05000
349.62000,238.21000,44.81250,138.84000,400.16500,331.06000,868.50000,163.51000,170.09000,5.02000,30.36000,248.50000,700.54000,171.27500,-1.47500
341.71500,468.06000,77.49000,136.75000,118.15000,422.60500,177.38000,296.68000,247.08000,44.24000,38.34500,203.95000,150.94000,388.02500,23.14670
201.50000,189.46000,61.77000,88.26000,159.12000,314.02000,293.76000,296.68000,177.85000,27.03000,32.46000,228.93000,223.36000,388.02500,54.59000
297.73500,372.95000,71.97500,122.61000,175.15000,397.98000,355.98000,294.61000,230.50000,43.09000,30.70000,258.53000,302.13000,356.55500,90.08000
273.33000,328.60000,65.35000,99.44000,56.05670,397.98000,349.87000,278.40000,264.94000,35.31000,34.86000,245.15000,261.30000,340.21000,-13.87000
353.41000,522.10500,79.87000,139.52000,180.41000,447.66000,361.17000,303.04500,248.06000,45.19000,59.18000,259.59000,420.43300,395.55000,-6.24000
188.03000,236.74000,52.70500,45.35500,88.35750,325.84000,129.58000,202.96000,139.78000,13.72000,36.98000,217.48000,132.32000,429.65000,7.51000
287.56000,343.33500,65.35000,99.44000,164.92000,393.58000,330.49500,278.40000,189.04000,35.31000,48.94000,245.16000,243.95000,335.86300,93.42000
84.59000,44.68500,23.74000,-1.03000,20.62000,184.46000,48.19000,290.32000,74.10000,-17.51000,28.86000,98.31000,4.81000,354.87000,89.30000
137.71000,107.92000,33.29000,24.72000,55.50000,268.53000,92.25000,84.63000,143.90000,-17.51000,14.22000,125.49000,38.21500,75.32000,-11.70000
87.93000,38.37000,32.56000,-0.06000,16.39000,184.46000,54.05000,90.16000,76.84500,-13.89000,51.56000,115.96000,12.07000,72.40000,-31.89000
456.53300,765.87000,34.50000,268.94000,128.63000,562.72000,954.35000,96.73000,300.09000,72.70000,17.62000,387.00000,734.17000,75.32000,28.79000
185.32000,209.61000,84.41000,45.10000,164.92000,311.04000,330.49500,359.07000,138.84000,45.19000,63.08000,270.89000,226.55000,494.60000,84.79000
190.16000,223.43500,51.73000,45.52000,96.74000,315.97000,140.54000,192.44000,140.62000,14.60000,35.15000,186.99700,133.76000,226.84000,9.40000
140.18000,107.47000,39.90000,25.08000,64.06500,268.22000,105.74000,131.62000,114.14000,3.66000,31.01000,153.08500,58.51500,137.07000,-7.31000
120.93000,80.58000,34.02000,18.99330,34.92000,301.04000,68.92000,98.19000,107.60000,-10.98000,40.55000,128.20000,34.82000,231.58000,-24.27000
300.42000,377.81000,67.22000,112.44000,239.98500,420.82000,420.01000,290.32000,219.62000,36.40000,51.54000,248.50000,400.76000,354.87000,6.08000
261.35000,321.40000,61.77000,88.26000,134.13000,369.17000,225.43000,283.15000,177.85000,27.03000,44.48000,228.93000,202.47000,395.55000,39.24500
194.09000,236.74000,52.70500,47.50000,134.13000,383.30000,81.86500,200.14500,143.49000,15.49000,36.98000,122.58000,135.04000,229.32000,35.93500
241.05300,309.11000,51.91000,51.21000,144.86500,353.60000,254.64500,195.81000,143.90000,10.55000,63.08000,186.99700,146.81000,170.05000,42.98000
87.93000,29.02000,33.29000,2.33000,-1.52000,255.30000,42.49000,105.78000,103.73000,-12.35000,13.33000,121.26000,12.07000,81.11000,-32.34000
102.71000,43.44000,34.02000,2.51000,128.63000,207.83000,48.19000,98.19000,98.41000,-12.64000,40.44000,315.15000,8.50500,74.42000,14.96000
132.62000,91.92000,44.67500,23.14000,63.93000,258.09000,103.52000,159.98000,114.14000,3.64000,28.86000,152.29000,46.87000,164.25000,-1.47500
227.84000,264.20000,82.18000,68.57500,114.99500,221.41000,363.62000,308.72000,173.27000,20.97000,61.52000,211.76500,266.82000,329.89000,17.01500
416.12000,703.60000,88.17500,205.31000,136.16000,519.04000,213.09000,212.20500,124.82000,56.84000,65.80000,331.10000,186.00500,253.68000,38.33500
261.35000,321.40000,72.43000,123.37000,151.05000,369.03000,150.31000,328.93000,230.50000,42.70500,54.10000,203.95000,115.96000,429.65000,-38.46000
120.53000,45.02000,42.82000,20.85500,52.50000,219.62000,91.23670,146.99000,108.44300,2.65500,31.49000,147.58000,34.75000,142.95000,-13.90000
303.01000,167.09000,66.08000,112.44000,307.57000,311.68000,374.89700,280.10500,221.05000,37.71500,49.58000,250.08000,302.13000,340.13000,20.34000
287.42000,343.33500,82.32000,66.59000,48.03000,366.74000,82.52000,308.72000,161.33300,20.14000,78.95000,203.95500,22.37000,408.70000,-15.51000
85.07000,97.88000,38.18000,14.77000,48.03000,265.39000,89.29000,123.63000,105.71000,-3.40000,22.25000,136.01000,33.82000,192.64000,-9.28000
116.82000,64.82000,42.80000,68.75000,135.88000,237.23500,217.16000,598.73000,168.99000,0.22000,27.14000,147.58000,196.63500,756.86000,37.81000
475.97000,315.30000,111.19000,298.37000,5.57000,367.66000,54.66000,430.19000,371.85000,84.41000,89.51000,182.37000,734.17000,522.55000,-39.30000
415.22000,702.34000,91.39000,194.28000,34.92000,198.76000,608.87500,348.79000,274.23000,57.62500,65.88000,276.14000,515.41500,329.89000,-27.54000
415.22000,702.34000,127.82500,194.28000,55.50000,353.60000,95.29000,587.77000,274.23000,52.69000,63.35000,316.16500,515.41500,633.88000,-9.78250
95.14000,43.35000,34.02000,-3.32000,10.93000,207.44500,43.16000,99.24000,100.81000,-10.42000,17.25000,125.71500,-6.47000,487.26500,-38.11000
287.79500,351.98500,61.77000,99.44000,112.10000,394.84500,349.87000,283.73000,185.03000,27.03000,46.59330,228.93000,261.30000,306.83000,16.66000
367.60000,381.56000,84.27000,158.99500,31.18500,406.37000,68.92000,320.07000,267.07000,50.39500,62.19000,248.50000,469.11000,488.55000,-27.78000
140.18000,107.92000,38.46500,25.08000,52.59000,268.93000,91.23670,124.05000,120.61000,3.64000,23.37000,169.58000,34.75000,131.21000,-1.88000
415.22000,702.34000,88.17500,194.28000,84.04000,230.54000,595.49000,302.16000,274.23000,56.14000,70.20000,276.14000,515.41500,380.53000,1.62000
166.97500,167.09000,59.49000,74.52000,135.88000,295.85000,217.16000,223.17000,169.92000,22.63500,41.13500,213.84000,199.79000,469.24000,37.81000
167.30000,176.53000,49.29000,35.76000,36.42000,293.11000,78.44000,180.71000,129.96000,8.90500,34.09000,172.06500,104.51000,193.41000,-17.94000
141.73000,111.04000,38.18000,25.83000,15.47000,269.92000,47.41000,170.16500,121.25000,5.02000,22.88000,159.27500,65.49000,177.31000,-32.34000
260.95000,315.30000,51.73000,83.56000,154.40000,367.26000,287.56000,192.44000,177.50000,9.98000,35.53000,153.08500,216.99000,705.28000,42.98000
417.42500,726.39500,52.80000,214.25000,76.44000,371.67000,745.88000,283.15000,274.78500,10.40330,37.25000,179.02000,586.56000,354.00000,-3.51000
175.30000,107.47000,51.52500,40.98000,37.91500,263.49000,86.95000,192.83500,131.58500,10.34000,35.20000,180.51000,104.51000,216.11000,-32.34000
178.04500,192.21000,50.04000,41.15000,136.16000,295.85000,135.05000,192.83500,138.84000,9.80500,34.61000,173.75000,104.51000,216.11000,16.01000
353.41000,522.10500,67.11000,123.37000,164.53000,387.07000,330.49500,282.88000,235.24000,36.40000,48.50000,248.50000,266.82000,340.21000,72.06000
287.56000,343.33500,65.35000,99.44000,182.24000,267.28500,355.98000,296.68000,173.25000,35.31000,48.94000,245.15000,262.06500,388.02500,106.09500
131.77000,93.40000,63.03500,34.11500,117.53000,237.24500,164.97000,260.65000,129.96000,9.80500,39.55000,173.75000,101.29000,308.25000,-2.55000
132.89000,97.88000,47.43000,22.58500,59.00000,274.38000,97.15000,176.56000,112.18000,6.99000,32.75000,184.16000,46.87000,226.84000,-9.28000
141.73000,111.04000,44.81250,25.09000,73.80000,269.92000,106.32500,159.98000,120.96500,3.66000,30.36000,153.08500,58.51500,164.25000,-3.74000
341.71500,468.06000,94.76000,136.75000,229.48500,423.22500,408.83000,362.80000,231.66000,70.83000,73.04000,398.13500,350.12000,164.25000,58.18000
142.48000,117.93000,51.26500,27.26000,87.08000,323.20000,117.56000,106.60000,121.94000,8.83000,35.11500,169.58000,63.74000,86.13000,-11.10000
114.07000,57.72000,94.76000,11.94000,37.91500,237.20000,82.52000,229.71000,98.41000,80.98000,27.89000,545.92000,22.37000,398.58000,-20.71000
236.78000,289.09500,59.49000,75.68000,146.21500,358.46500,255.42500,215.57000,171.09000,22.40500,41.13500,213.84000,211.22500,228.80000,16.66000
112.30000,57.35000,50.04000,58.45000,123.14000,230.52000,184.99500,184.81000,145.24000,9.80500,34.61000,174.43000,154.38000,199.81000,27.53000
179.73000,206.66500,47.94000,34.09500,26.34000,306.46000,110.06000,176.92000,126.83000,7.92000,36.03000,185.61500,78.37000,153.05000,-27.78000
120.93000,79.23000,34.00500,18.41000,49.13000,247.93000,89.29000,99.24000,106.64000,-11.19000,27.88000,134.46000,33.82000,77.92000,-13.90000
302.39000,97.88000,23.74000,122.61000,26.34000,264.81500,438.39500,83.15000,229.80000,-17.51000,17.25000,130.01500,371.54500,62.58000,-27.78000
95.14000,43.00000,59.09000,30.80000,36.42000,207.44500,116.82500,220.18000,143.61500,22.40500,40.36000,214.51000,72.53000,291.80000,3.20000
132.62000,38.37000,45.37000,24.36000,61.54000,221.56000,98.66000,167.01000,114.39000,3.12000,30.70000,152.29000,52.32000,176.59500,-9.78250
349.62000,176.53000,113.42000,461.38000,547.58000,293.11000,1491.98000,165.70500,382.88000,115.45000,39.92000,566.69000,811.22500,156.67000,283.09000
321.57000,429.30300,79.15000,128.94000,154.40000,562.72000,287.56000,302.16000,235.37000,44.33000,34.86000,272.13000,350.12000,395.55000,15.76000
211.61500,353.59000,58.17000,66.59000,162.96000,393.58000,197.21000,214.94000,161.33300,20.53000,38.34500,207.64000,164.25500,255.01000,64.94500
178.03000,192.14000,50.04000,43.91000,145.28000,306.46000,154.55500,186.83500,134.71000,9.80500,34.61000,173.75000,121.64000,206.02000,18.57000
206.20000,242.74000,55.75000,65.02000,47.38000,340.21000,89.29000,211.91000,154.54000,19.58000,39.76000,203.14000,33.82000,237.54500,-21.17000
287.79500,351.98500,65.35000,99.44000,143.49000,394.84500,349.87000,278.40000,196.49000,35.31000,39.88000,247.09000,261.30000,269.71000,38.63000
185.98000,216.02000,62.22500,98.07000,82.51000,314.02000,118.15000,303.04500,194.00000,29.63000,46.74000,249.12000,79.38000,397.29000,-11.41000
154.36000,144.42000,42.80000,21.35500,63.47000,289.37000,92.14000,143.79500,194.00000,0.22000,27.89000,147.49000,38.21500,156.67000,14.83000
179.36000,239.35000,51.91000,43.00000,87.72000,321.86000,150.31000,192.85500,134.25000,10.55000,29.75000,179.02000,115.96000,219.56000,3.52333
121.04000,80.62000,49.29000,35.76000,52.59000,247.93000,89.29000,183.20000,128.25000,9.57000,23.60000,190.91000,33.82000,199.39000,-18.77000
273.33000,328.19000,55.58000,52.86000,193.94000,375.43000,368.92000,210.95000,143.61500,19.20000,39.55000,196.21500,302.13000,249.16500,110.50000
232.36000,286.00000,61.77000,74.52000,144.54000,321.86000,225.43000,248.46500,169.92000,26.70000,44.92000,226.64500,203.79000,305.90000,-31.72000
120.53000,64.82000,34.00500,17.29000,106.44000,237.23500,183.43000,96.73000,105.52500,-10.98000,23.93500,122.58000,153.92000,77.23000,13.91000
353.41000,522.12000,84.41000,139.52000,219.04000,311.68000,384.86000,320.07000,248.45000,48.43000,63.35000,274.66000,420.43300,415.49000,142.23000
182.21000,209.61000,37.53000,35.86000,88.42000,295.04000,129.58000,85.27500,131.58500,-3.84250,22.43500,134.46000,90.24000,68.23000,7.51000
238.60000,325.87000,60.60000,77.58000,117.94000,394.84500,173.85000,228.12000,171.26000,23.23000,39.76000,218.65500,211.18000,285.93500,23.47000
138.88000,66.80500,49.29000,34.09500,87.55000,237.26000,126.89000,180.71000,126.83000,8.90500,34.09000,171.99000,79.38000,193.41000,3.52333
305.62000,228.93000,88.17500,110.23000,182.24000,341.92000,361.17000,121.44000,221.83000,36.40000,55.97000,248.50000,302.13000,120.47500,84.79000
120.93000,257.57000,40.09000,15.83000,39.88000,344.38700,84.93000,131.62000,103.65000,-2.20000,23.60000,146.61000,27.85000,291.80000,-18.34000
367.88000,328.19000,67.11000,122.61000,55.50000,295.61000,92.14000,282.88000,229.80000,36.32000,51.54000,247.27000,37.93500,169.02000,-11.86000
173.53000,167.54000,40.16000,40.27000,131.60000,292.17500,135.05000,131.62000,130.04000,0.22000,26.51000,146.61000,101.29000,137.07000,32.96000
140.18000,107.47000,44.67500,25.08000,66.91000,268.53000,106.32500,165.70500,132.75000,3.64000,30.36000,151.42000,63.08000,264.89000,-0.92000
190.46000,210.94000,38.18000,47.34000,128.63000,314.02000,160.95000,123.63000,143.44000,-3.96000,22.88000,178.44000,133.76000,127.81000,28.79000
303.01000,397.38000,43.10000,122.61000,45.07000,407.30000,87.74000,214.80500,229.80000,37.70000,28.86000,196.60000,325.08000,171.27500,-17.94000
121.04000,80.62000,126.34000,18.99330,80.11000,255.30000,89.27500,613.57000,107.60000,9.57000,115.16000,172.62000,33.82000,760.48000,-1.47500
96.45000,43.44000,58.17000,6.30000,16.64000,207.44500,59.40000,214.94000,91.96500,20.53000,26.66000,203.95500,17.02000,306.31000,-31.72000
287.56000,297.50000,66.08000,99.44000,180.23500,358.33000,356.48000,280.10500,171.26000,35.31000,48.50000,236.78500,262.06500,335.86300,93.42000
152.04500,218.77000,56.64000,58.45000,118.63000,268.22000,179.65500,213.65000,147.11000,19.55000,39.88000,138.99000,150.94000,354.00000,23.19000
329.26000,467.69000,76.29000,135.69700,48.11000,422.60500,400.41500,297.62000,126.66500,43.92000,55.19000,98.31000,325.08000,388.68000,-14.91000
221.97500,265.39000,58.91000,67.46000,133.52000,352.13000,197.21000,295.43000,163.58500,20.78000,40.06000,203.95500,185.11000,356.55500,33.99000
90.16000,45.02000,36.22500,1.07500,134.13000,219.62000,196.17000,124.05000,96.63000,-10.42000,17.82000,122.58000,11.31000,153.05000,36.46000
173.11000,176.53000,112.65000,75.68000,144.86500,295.36000,241.06000,412.23000,171.09000,23.66000,51.66000,221.71000,207.02000,502.01000,-42.17000
95.45000,43.35000,60.74500,6.14000,14.14000,207.44500,64.09000,231.72500,90.32000,23.66000,43.08500,221.71000,17.02000,305.40000,-11.70000
228.42000,283.40500,58.96000,68.57500,136.16000,294.78000,217.01500,220.18000,165.53000,20.97000,41.13500,211.76500,186.00500,272.92000,38.33500
322.07500,441.04000,63.03500,89.80000,145.28000,423.22500,289.67500,259.01000,184.81000,29.41000,47.85000,233.92000,226.30000,335.86300,46.92500
131.00000,93.40000,33.29000,21.59000,45.90500,304.94000,89.27500,90.16000,112.18000,-12.64000,8.95000,180.51000,33.82000,73.04000,-15.23000
87.93000,29.02000,32.72000,-0.06000,5.76000,369.03000,47.41000,85.27500,76.84500,-13.89000,13.33000,125.71500,8.50500,73.04000,-38.18000
95.14000,43.00000,34.00500,2.51000,15.16000,198.76000,49.90000,99.24000,95.53000,-12.35000,25.13000,121.07000,12.07000,306.83000,-6.24000
159.90500,157.73000,40.16000,34.09500,110.98000,358.46500,155.81000,128.40000,126.83000,7.92000,22.25000,158.26000,73.43500,134.03500,15.76000
120.68500,80.62000,2.61000,-10.38000,111.30000,247.17000,156.52000,61.28330,103.65000,-34.01000,5.01000,172.62000,112.56500,37.25000,27.17000
98.58000,44.68500,38.18000,11.94000,229.48500,266.15500,89.29000,124.05000,98.41000,-5.23000,22.43500,130.01500,33.82000,131.21000,154.38000
114.07000,57.35000,39.45000,15.83000,37.73500,230.08000,86.95000,128.40000,104.86000,-2.20000,23.60000,184.16000,30.04000,253.68000,-18.34000
194.09000,228.92000,52.80500,48.68500,117.84000,322.86000,174.49500,201.27000,143.61500,16.01000,37.20000,190.91000,145.77000,230.99000,19.68000
474.04000,718.84000,98.09000,273.60000,547.58000,306.46000,909.63000,412.23000,229.80000,82.28000,30.64000,515.27000,719.55500,500.60000,283.09000
297.73500,172.84500,72.43000,102.33000,36.42000,304.94000,141.91000,303.04500,221.82000,36.10500,60.56000,247.09000,263.93000,461.06000,-7.31000
265.01000,328.19000,62.06000,89.40000,61.54000,284.66300,98.66000,248.96000,183.88500,29.41000,46.61000,233.92000,186.00500,305.90000,-10.97000
186.11000,219.11500,87.55000,14.59000,67.40000,315.97000,107.52000,333.75000,100.81000,50.37000,64.31000,275.94000,25.20000,176.59500,-5.17000
142.57500,140.23000,44.07000,27.57000,34.92000,335.99500,67.75000,134.63500,122.88000,5.33000,52.17000,158.90000,65.18000,141.94000,-24.34000
303.01000,531.14000,72.43000,122.47000,39.51000,230.99000,40.93500,290.32000,221.83000,41.32000,54.10000,259.59000,-10.42000,354.87000,-19.08500
175.30000,231.14500,51.26500,40.98000,45.90500,322.86000,98.66000,73.19000,124.82500,10.34000,34.44000,179.02000,503.08000,60.37000,-19.68000
205.19000,197.32200,59.64000,58.87000,103.54000,301.98000,151.92000,227.48000,149.68000,19.55000,39.92000,199.92000,153.92000,285.93500,15.76000
145.19000,132.78000,45.12000,25.09000,95.67000,273.59000,138.64500,208.58000,121.25000,5.08000,30.64000,158.90000,52.35000,226.84000,8.89000
141.70500,111.04000,49.29000,25.83000,82.51000,269.92000,106.32500,179.62000,121.25000,8.83000,34.07500,171.09000,63.08000,153.05000,-1.16000
112.30000,57.98000,34.02000,15.40000,39.88000,237.20000,84.93000,98.19000,114.39000,-10.42000,20.70000,148.11000,27.75000,60.03000,-18.34000
270.77000,327.51000,61.77000,91.14000,151.05000,375.43000,280.03000,248.46500,185.03000,29.63000,23.37000,236.41000,226.55000,305.90000,58.18000
154.36000,140.23000,47.43000,33.80000,39.94000,289.37000,135.05000,176.56000,124.82500,7.87000,32.75000,168.69000,78.37000,184.15000,-17.94000
353.41000,522.10500,111.19000,139.52000,154.40000,427.44000,421.22000,430.19000,248.45000,82.28000,125.95000,517.66000,413.27500,531.07000,68.99000
417.42500,726.39500,91.39000,214.25000,229.48500,393.58000,410.31000,343.16000,248.95000,64.86000,65.88000,334.00000,559.57000,463.54000,144.84000
160.80000,167.54000,54.82000,6.88000,118.15000,292.17500,177.38000,280.40000,97.12000,22.40500,40.36000,214.35000,17.02000,306.31000,23.14670
180.25500,208.77000,51.95000,43.44000,117.84000,307.17000,154.41000,265.31000,134.76000,11.58000,35.64000,185.02000,119.28000,323.79000,19.68000
302.39000,372.95000,72.43000,112.06000,82.51000,397.98000,117.56000,295.43000,219.62000,37.70000,35.47000,254.84000,72.63000,380.53000,17.51000
353.41000,522.10500,113.42000,139.52000,239.98500,427.44000,420.01000,511.23000,248.06000,115.45000,100.06000,566.69000,400.76000,705.28000,84.79000
221.94000,264.20000,66.56000,67.46000,118.15000,344.13000,174.49500,280.10500,161.33300,18.81500,49.58000,226.85500,138.18000,329.89000,19.15000
145.51000,133.40000,51.91000,30.54000,112.10000,306.46000,154.41000,202.96000,123.90000,5.76000,37.67000,160.35000,119.28000,232.35500,17.51000
95.14000,45.61000,44.81250,4.05000,36.42000,219.62000,54.05000,159.98000,127.71000,-3.84250,30.36000,134.46000,16.65000,297.73000,-24.27000
417.42500,726.39500,52.80500,214.25000,79.71000,328.62000,129.58000,359.07000,291.85000,64.86000,37.20000,331.10000,89.73000,633.88000,7.81000
270.77000,283.40500,63.03500,98.06000,164.53000,353.60000,328.22000,260.65000,168.19000,31.01000,44.87000,286.11000,238.78000,267.58000,72.06000
90.34000,39.31000,42.49000,1.07500,77.93000,196.38500,113.80000,134.63500,80.14000,9.57000,27.88000,172.62000,10.47500,141.94000,-3.32000
107.21000,49.14000,34.02000,2.33000,-1.52000,221.41000,42.49000,99.24000,114.39000,-12.35000,18.25000,121.07000,10.47500,705.28000,23.14670
166.97500,167.54000,49.29000,35.86000,88.42000,295.36000,129.71000,180.71000,127.49000,8.96000,34.09000,172.05500,90.24000,192.15000,7.48500
142.48000,117.93000,45.91000,27.26000,66.91000,260.47000,107.52000,170.16500,121.94000,5.08000,32.15000,159.33500,63.74000,231.58000,4.67000
415.22000,702.34000,87.55000,194.28000,88.28000,332.98000,608.87500,333.75000,274.23000,53.07000,64.31000,334.00000,515.41500,429.65000,6.08000
175.30000,107.92000,51.91000,40.98000,96.72000,268.93000,140.54000,192.85500,131.58500,10.51000,35.53000,177.40000,104.51000,219.56000,9.10000
175.30000,57.98000,34.00500,24.12500,80.11000,237.23500,107.76000,98.19000,136.48000,2.83000,16.28000,151.91500,49.59000,60.03000,-1.47500
179.36000,120.91000,51.91000,43.00000,103.54000,273.59000,151.92000,192.85500,133.25000,10.55000,35.47000,180.51000,117.03000,219.56000,14.06000
98.89500,45.02000,37.42000,13.35000,31.79000,221.41000,74.90000,122.45000,114.03000,-3.96000,22.25000,207.64000,24.05000,122.51000,-13.97000
87.50000,29.02000,91.01500,-1.03000,14.14000,399.89500,113.15000,362.80000,74.10000,67.39000,65.88000,387.00000,4.81000,481.81000,27.17000
227.84000,265.39000,66.08000,68.57500,135.65000,344.13000,217.01500,268.28000,165.53000,20.97000,49.58000,211.76500,186.00500,232.35500,36.53000
321.57000,441.04000,118.79000,323.48000,63.43000,420.82000,102.68000,484.23000,198.64000,131.30000,100.58000,194.85000,52.91500,681.84500,-9.28000
168.25000,219.11500,88.76000,35.86000,87.75670,315.97000,130.05000,290.32000,128.83000,49.50000,65.18000,274.66000,90.74500,354.87000,27.17000
321.57000,372.95000,79.87000,128.94000,45.07000,397.98000,87.74000,61.28330,221.83000,43.91000,59.18000,259.00000,350.12000,37.25000,-1.16000
415.22000,702.34000,88.17500,214.25000,39.88000,284.87000,84.93000,353.49000,105.53000,56.84000,65.18000,330.31000,27.85000,475.19000,-18.77000
367.60000,39.31000,113.42000,162.14000,95.67000,216.61000,533.97000,441.88000,264.94000,51.45500,100.06000,297.30000,473.39000,705.28000,9.10000
251.91000,337.57000,118.79000,89.80000,37.91500,383.30000,81.86500,484.23000,184.81000,131.30000,100.58000,276.14000,226.30000,754.15000,-20.71000
302.39000,330.16000,68.93000,120.57500,180.41000,385.43000,361.17000,285.12000,219.82000,38.86000,51.78500,218.65500,302.13000,348.30000,111.72000
178.04500,192.21000,55.01500,43.00000,103.54000,301.98000,151.92000,211.91000,128.99000,17.74000,54.10000,196.60000,117.91000,491.30500,-9.24000
185.98000,237.75000,52.70500,45.10000,103.13000,331.06000,150.37000,84.63000,138.84000,13.72000,37.20000,185.13000,128.02000,74.42000,13.91000
142.48000,117.93000,44.81250,27.26000,68.94000,277.01000,107.76000,163.51000,120.61000,5.08000,32.46000,117.30000,63.74000,225.96000,-13.08000
98.89500,45.02000,36.22500,6.88000,87.75670,268.93000,177.38000,106.60000,127.71000,-10.42000,17.62000,121.88000,146.81000,86.13000,4.67000
474.04000,30.67000,109.64000,273.60000,64.06500,265.39000,441.84500,427.81000,274.86000,80.98000,26.51000,545.92000,465.90000,516.22000,-7.27000
204.21000,228.93000,51.95000,58.87000,125.90000,323.20000,185.20000,192.83500,154.95000,19.55000,35.64000,199.92000,155.91000,216.11000,17.51000
