232.33000,192.21000,66.08000,74.52000,143.49000,221.56000,228.95000,280.10500,169.92000,22.63500,49.58000,226.48000,206.42000,316.65000,38.63000
206.20000,242.74000,56.66000,65.02000,135.54000,357.29500,183.43000,212.20500,154.54000,19.58000,40.04000,203.14000,157.29000,248.73000,36.53000
175.30000,191.05000,53.38000,40.98000,15.16000,300.90000,49.90000,295.43000,131.58500,9.80500,37.82000,174.43000,104.51000,356.55500,-31.72000
178.32000,198.49000,23.74000,2.33000,63.47000,295.85000,81.86500,83.15000,104.43500,-12.35000,29.02000,121.07000,26.93000,62.58000,-9.24000
95.14000,43.35000,34.02000,-3.32000,10.93000,207.44500,43.16000,99.24000,100.81000,-10.42000,17.25000,125.71500,-6.47000,487.26500,-38.11000
140.18000,107.47000,44.07000,25.08000,67.40000,268.22000,107.52000,154.14000,120.61000,3.66000,29.02000,148.11000,57.98000,155.41000,-6.07000
116.82000,50.53000,20.18500,15.40000,63.47000,230.99000,84.82000,73.19000,104.86000,-26.88000,5.74000,84.63000,27.75000,415.49000,-10.97000
417.42500,726.39500,52.80500,214.25000,79.71000,328.62000,129.58000,359.07000,291.85000,64.86000,37.20000,331.10000,89.73000,633.88000,7.81000
145.19000,132.95000,43.10000,29.35500,103.54000,284.87000,151.92000,143.96000,123.54000,5.08000,31.01000,160.35000,65.18000,149.46500,13.91000
110.08000,38.37000,58.96000,14.59000,117.84000,398.12000,166.27000,354.45500,100.11000,-3.74000,40.36000,136.01000,135.04000,192.15000,20.34000
459.50500,773.97000,46.25500,261.87500,120.71000,344.75500,177.38000,85.27500,300.09000,67.39000,32.37000,266.62000,474.65000,68.23000,27.17000
95.45000,43.44000,34.50000,6.14000,10.93000,207.83000,44.46000,105.78000,90.32000,-10.51000,18.25000,151.42000,17.02000,68.23000,-38.11000
140.18000,107.47000,42.49000,30.80000,68.94000,268.53000,107.76000,84.63000,124.06800,6.98000,27.89000,166.01000,72.63000,66.39250,-2.55000
96.45000,44.68500,36.22500,6.30000,73.80000,174.15000,113.15000,106.60000,91.96500,-10.42000,17.82000,123.32000,17.02000,142.95000,-13.08000
140.18000,107.47000,45.37000,27.07000,80.11000,268.22000,117.56000,165.70500,121.94000,2.83000,32.10000,186.99700,73.43500,169.02000,-1.47500
302.39000,29.69000,52.57000,120.57500,118.63000,181.80000,67.75000,198.55000,221.82000,36.32000,34.86000,248.03000,395.85000,232.35500,23.47000
179.36000,120.91000,51.91000,43.00000,103.54000,273.59000,151.92000,192.85500,133.25000,10.55000,35.47000,180.51000,117.03000,219.56000,14.06000
131.77000,93.40000,42.80000,21.35500,180.23500,260.47000,355.98000,172.38000,126.45000,0.22000,27.14000,258.53000,266.24000,176.59500,93.42000
101.32000,49.14000,38.18000,12.98000,37.73500,224.60000,68.15000,123.63000,98.60500,-3.10000,22.88000,138.48000,22.21000,127.81000,-19.68000
144.12000,132.78000,32.56000,-1.52000,107.84000,275.77500,40.93500,90.16000,72.21000,-17.51000,17.25000,97.24000,-10.42000,72.40000,14.96000
287.79500,351.98500,65.35000,99.44000,143.49000,394.84500,349.87000,278.40000,196.49000,35.31000,39.88000,247.09000,261.30000,269.71000,38.63000
305.62000,481.33000,62.06000,112.06000,164.92000,423.60000,328.22000,270.75000,219.62000,29.41000,46.59330,233.92000,211.18000,306.83000,84.79000
132.62000,38.37000,45.37000,24.36000,61.54000,221.56000,98.66000,167.01000,114.39000,3.12000,30.70000,152.29000,52.32000,176.59500,-9.78250
303.01000,531.14000,72.43000,122.47000,39.51000,230.99000,40.93500,290.32000,221.83000,41.32000,54.10000,259.59000,-10.42000,354.87000,-19.08500
152.04500,66.10000,45.12000,33.57000,63.93000,237.24500,105.74000,131.62000,124.82500,5.02000,30.64000,171.09000,72.84500,137.07000,-4.27000
142.57500,107.92000,76.04000,25.08000,14.14000,268.93000,67.05000,296.68000,121.25000,3.66000,51.66000,153.08500,18.29500,388.02500,-38.11000
300.42000,377.81000,67.22000,112.44000,239.98500,420.82000,420.01000,290.32000,219.62000,36.40000,51.54000,248.50000,400.76000,354.87000,6.08000
147.99000,157.73000,95.21000,30.80000,82.51000,289.95000,119.88000,383.77000,123.73000,6.99000,73.29000,168.69000,72.63000,305.40000,-1.16000
131.77000,93.40000,63.03500,34.11500,117.53000,237.24500,164.97000,260.65000,129.96000,9.80500,39.55000,173.75000,101.29000,308.25000,-2.55000
295.13000,379.06000,45.91000,110.23000,193.94000,304.35000,368.92000,154.14000,219.82000,36.40000,32.15000,248.50000,266.82000,231.58000,111.72000
98.89500,45.02000,39.90000,8.32500,15.16000,284.87000,63.34000,131.62000,96.63000,-2.15000,23.77000,142.60000,18.29500,137.07000,6.08000
98.89500,45.02000,37.42000,13.35000,31.79000,221.41000,74.90000,122.45000,114.03000,-3.96000,22.25000,207.64000,24.05000,122.51000,-13.97000
204.79000,237.75000,59.49000,52.86000,55.50000,325.84000,92.14000,223.17000,165.53000,22.40500,41.13500,214.35000,133.93000,331.75300,-11.70000
265.87000,289.09500,61.27000,82.27000,145.28000,358.03000,248.69000,240.66000,176.95000,24.86000,44.48000,226.48000,211.18000,300.56000,46.92500
121.04000,80.62000,49.29000,35.76000,52.59000,247.93000,89.29000,183.20000,128.25000,9.57000,23.60000,190.91000,33.82000,199.39000,-18.77000
120.53000,75.22000,39.90000,17.11000,45.90500,239.47000,88.14000,110.04000,105.52500,-1.82500,27.89000,142.60000,31.64000,86.13000,-15.51000
201.50000,189.46000,61.77000,88.26000,159.12000,314.02000,293.76000,296.68000,177.85000,27.03000,32.46000,228.93000,223.36000,388.02500,54.59000
98.89500,45.02000,32.56000,10.38000,63.47000,705.84000,73.22000,96.73000,96.63000,-1.65000,22.75500,247.27000,18.82000,75.32000,14.96000
257.29000,310.85000,56.64000,82.27000,152.94500,366.74000,259.08500,212.20500,176.95000,19.55000,39.88000,198.81000,213.63000,253.68000,-11.41000
276.24000,330.16000,63.03500,98.07000,180.23500,387.07000,363.62000,158.50000,170.09000,33.78000,40.99500,245.16000,266.82000,156.67000,93.42000
147.99000,134.12000,51.91000,47.50000,130.57000,282.94000,188.12000,192.85500,143.50000,15.44000,35.47000,199.92000,165.84000,463.54000,22.20000
90.34000,39.31000,42.49000,1.07500,77.93000,196.38500,113.80000,134.63500,80.14000,9.57000,27.88000,172.62000,10.47500,141.94000,-3.32000
132.89000,97.88000,47.43000,22.58500,59.00000,274.38000,97.15000,176.56000,112.18000,6.99000,32.75000,184.16000,46.87000,226.84000,-9.28000
191.94500,228.93000,59.64000,43.91000,154.40000,321.86000,281.93000,227.48000,122.97000,22.40500,41.25000,214.35000,117.91000,284.15000,60.66500
287.42000,337.57000,64.92000,98.07000,173.50000,282.94000,349.87000,274.76000,170.09000,33.78000,48.50000,245.16000,266.82000,316.65000,84.79000
157.24000,58.68000,58.96000,34.09500,61.54000,237.24500,68.15000,220.18000,126.66500,7.92000,40.55000,169.58000,22.21000,487.26500,-9.78250
140.18000,107.47000,39.90000,25.08000,64.06500,268.22000,105.74000,131.62000,114.14000,3.66000,31.01000,153.08500,58.51500,137.07000,-7.31000
180.25500,245.34500,113.42000,40.98000,96.72000,344.75500,138.88000,587.77000,131.58500,115.45000,27.88000,334.00000,104.51000,756.86000,8.72000
211.61500,353.59000,58.17000,66.59000,162.96000,393.58000,197.21000,214.94000,161.33300,20.53000,38.34500,207.64000,164.25500,255.01000,64.94500
145.74300,136.29000,40.16000,24.72000,61.54000,293.11000,99.24000,204.57000,108.44300,-3.40000,26.51000,138.69000,52.32000,165.01000,-10.97000
185.98000,237.75000,52.70500,45.10000,103.13000,331.06000,150.37000,84.63000,138.84000,13.72000,37.20000,185.13000,128.02000,74.42000,13.91000
99.13000,44.68500,32.56000,10.38000,15.47000,270.03000,67.75000,90.64000,90.32000,-10.21000,35.11500,125.65000,18.95000,62.58000,-32.34000
228.42000,236.74000,58.17000,68.57500,135.65000,327.87000,213.09000,214.94000,165.53000,20.97000,40.36000,211.76500,186.00500,256.24000,36.46000
303.01000,415.33000,50.04000,41.15000,88.42000,419.72000,129.71000,184.81000,137.01000,9.80500,34.61000,199.92000,94.55000,199.81000,19.68000
265.01000,336.68000,40.16000,89.40000,63.93000,366.40000,68.15000,134.09000,183.88500,27.03000,26.51000,228.93000,223.49000,141.06000,-5.17000
90.16000,45.02000,36.22500,1.07500,134.13000,219.62000,196.17000,124.05000,96.63000,-10.42000,17.82000,122.58000,11.31000,153.05000,36.46000
236.78000,289.09500,59.09000,75.11000,36.30000,358.03000,76.26000,221.18000,173.25000,22.92000,40.44000,169.58000,206.42000,74.42000,-24.27000
415.22000,702.34000,87.63000,205.31000,39.94000,423.22500,118.73000,328.93000,274.78500,57.62500,64.27500,259.59000,474.65000,429.65000,-17.94000
141.73000,289.09500,39.81500,98.07000,133.52000,358.33000,195.02000,129.76000,189.04000,31.63000,23.77000,254.84000,165.84000,469.24000,38.63000
273.33000,330.16000,37.42000,12.98000,36.30000,387.07000,76.26000,81.40000,98.60500,-3.96000,48.50000,134.46000,25.20000,77.23000,-24.34000
270.77000,328.19000,62.06000,89.40000,163.03000,411.03500,290.77000,280.40000,183.88500,29.41000,46.59330,233.92000,223.49000,340.13000,66.57000
185.98000,192.21000,52.80500,45.10000,110.98000,295.85000,155.81000,200.14500,138.84000,15.49000,37.82000,179.02000,127.07000,229.32000,16.01000
321.57000,429.30300,79.15000,128.94000,154.40000,562.72000,287.56000,302.16000,235.37000,44.33000,34.86000,272.13000,350.12000,395.55000,15.76000
167.30000,176.53000,49.29000,35.76000,36.42000,293.11000,78.44000,180.71000,129.96000,8.90500,34.09000,172.06500,104.51000,193.41000,-17.94000
237.35000,289.09500,42.74000,78.21000,95.36000,357.29500,259.08500,134.63500,230.50000,0.09000,14.32000,147.58000,211.18000,141.94000,20.34000
353.41000,522.10500,113.42000,139.52000,239.98500,427.44000,420.01000,511.23000,248.06000,115.45000,100.06000,566.69000,400.76000,705.28000,84.79000
302.39000,330.16000,68.93000,120.57500,180.41000,385.43000,361.17000,285.12000,219.82000,38.86000,51.78500,218.65500,302.13000,348.30000,111.72000
7.95000,1.95000,37.35000,11.94000,22.55000,150.86000,67.75000,110.04000,98.41000,-4.58500,22.05000,179.02000,22.21000,88.38500,-32.34000
265.01000,328.60000,62.06000,89.40000,154.40000,387.07000,287.56000,240.66000,183.88500,29.41000,46.61000,252.78000,223.49000,300.56000,60.66500
221.97500,264.20000,58.17000,67.46000,55.26000,344.75500,91.15000,214.94000,163.58500,20.53000,41.25000,203.14000,186.00500,256.24000,-13.97000
180.25500,208.77000,51.95000,43.44000,117.84000,307.17000,154.41000,265.31000,134.76000,11.58000,35.64000,185.02000,119.28000,323.79000,19.68000
287.79500,351.98500,61.77000,99.44000,112.10000,394.84500,349.87000,283.73000,185.03000,27.03000,46.59330,228.93000,261.30000,306.83000,16.66000
98.58000,44.68500,38.18000,11.94000,229.48500,266.15500,89.29000,124.05000,98.41000,-5.23000,22.43500,130.01500,33.82000,131.21000,154.38000
145.74300,136.29000,99.80000,136.03500,239.01500,281.64000,416.23000,412.23000,248.95000,43.92000,77.67000,259.59000,371.54500,505.67000,-4.05500
98.58000,44.68500,21.21000,-6.47000,77.93000,277.01000,113.80000,81.03500,121.25000,-21.96500,6.12000,84.63000,-7.12000,60.82000,-3.32000
221.97500,325.87000,93.41000,67.46000,55.50000,367.26000,197.21000,412.23000,161.33300,80.98000,65.18000,214.35000,185.11000,633.88000,-11.70000
287.42000,337.57000,63.50000,98.07000,45.07000,389.10500,87.74000,278.40000,190.46000,33.78000,48.21000,245.16000,-0.74000,519.45000,-1.16000
341.71500,468.06000,77.49000,136.75000,118.15000,422.60500,177.38000,296.68000,247.08000,44.24000,38.34500,203.95000,150.94000,388.02500,23.14670
178.32000,198.49000,51.91000,42.22000,102.08000,300.90000,150.31000,192.85500,122.88000,10.55000,35.53000,180.82500,115.96000,215.63000,13.88000
87.93000,29.02000,32.72000,-0.06000,5.76000,369.03000,47.41000,85.27500,76.84500,-13.89000,13.33000,125.71500,8.50500,73.04000,-38.18000
273.33000,328.60000,65.35000,99.44000,56.05670,397.98000,349.87000,278.40000,264.94000,35.31000,34.86000,245.15000,261.30000,340.21000,-13.87000
205.97000,239.35000,56.64000,65.02000,117.53000,344.38700,154.41000,213.65000,154.95000,19.58000,39.88000,203.14000,119.28000,952.69000,18.57000
260.95000,315.30000,51.73000,83.56000,154.40000,367.26000,287.56000,192.44000,177.50000,9.98000,35.53000,153.08500,216.99000,705.28000,42.98000
131.77000,93.40000,113.42000,370.63500,100.34000,256.93000,909.63000,489.09000,120.96500,87.07000,89.51000,566.69000,719.55500,701.41000,14.06000
173.11000,176.53000,112.65000,75.68000,144.86500,295.36000,241.06000,412.23000,171.09000,23.66000,51.66000,221.71000,207.02000,502.01000,-42.17000
270.77000,327.51000,61.77000,91.14000,151.05000,375.43000,280.03000,248.46500,185.03000,29.63000,23.37000,236.41000,226.55000,305.90000,58.18000
145.19000,132.78000,45.12000,25.09000,95.67000,273.59000,138.64500,208.58000,121.25000,5.08000,30.64000,158.90000,52.35000,226.84000,8.89000
264.56000,322.00500,92.35000,268.94000,64.98500,369.17000,438.64500,427.81000,277.77000,64.96000,71.55500,331.10000,334.35000,264.89000,-11.86000
353.41000,522.10500,79.87000,139.52000,125.90000,322.86000,185.20000,302.02000,248.95000,45.19000,59.18000,272.13000,420.43300,394.71000,27.53000
320.83000,397.38000,82.32000,126.59000,163.37000,407.30000,289.67500,308.72000,230.78000,45.19000,61.04000,270.89000,342.08000,408.70000,66.57000
168.25000,176.53000,50.03500,35.76000,547.58000,293.11000,1491.98000,196.41000,127.49000,8.96000,34.44000,172.05500,811.22500,226.84000,283.09000
98.89500,45.02000,36.22500,6.88000,87.75670,268.93000,177.38000,106.60000,127.71000,-10.42000,17.62000,121.88000,146.81000,86.13000,4.67000
132.74000,97.58500,39.81500,24.36000,80.11000,263.49000,117.56000,129.76000,111.95500,2.83000,23.77000,151.91500,52.35000,134.03500,-7.27000
118.10000,43.35000,39.81500,17.11000,64.06500,206.87000,96.71000,129.76000,105.52500,-2.15000,23.77000,138.99000,26.93000,134.03500,-8.82000
147.99000,73.30000,49.18000,33.80000,87.08000,324.28000,119.88000,183.20000,198.64000,7.87000,33.97000,168.69000,72.84500,199.39000,-11.86000
355.75500,522.10500,68.37000,149.77000,15.47000,456.68000,421.22000,305.82000,241.71000,30.04000,51.56000,235.80500,413.27500,340.21000,-32.34000
167.30000,176.53000,63.49000,37.98000,88.42000,293.11000,129.71000,268.28000,129.09000,30.81000,48.21000,240.12000,89.73000,319.03000,7.51000
152.04500,144.42000,145.35000,30.75500,66.91000,289.36000,101.30000,723.31500,124.06800,6.29000,50.06000,153.19000,72.53000,887.82000,-6.24000
102.71000,49.14000,42.82000,21.59000,55.50000,224.60000,97.15000,139.41000,112.18000,2.38000,27.89000,147.58000,47.25000,153.05000,-11.86000
290.45000,377.81000,66.08000,102.33000,180.41000,399.89500,361.17000,282.88000,176.95000,36.10500,52.32000,247.27000,266.24000,398.58000,-28.04000
329.26000,468.06000,94.63000,123.37000,18.29000,423.60000,64.09000,388.86500,230.78000,67.39000,58.21000,145.44000,18.29500,493.00000,-25.37500
132.74000,97.74000,45.37000,23.14000,120.71000,264.81500,178.55000,158.50000,114.03000,5.33000,30.70000,158.26000,150.22000,156.67000,26.82000
353.41000,522.10500,67.11000,123.37000,164.53000,387.07000,330.49500,282.88000,235.24000,36.40000,48.50000,248.50000,266.82000,340.21000,72.06000
257.29000,262.09000,109.64000,298.37000,103.13000,344.32000,150.37000,427.81000,300.09000,82.28000,42.88000,566.69000,734.17000,519.45000,13.91000
320.83000,238.21000,76.04000,126.59000,221.87000,331.06000,393.61500,354.45500,219.82000,43.09000,51.56000,258.53000,342.08000,519.45000,142.19000
173.53000,186.42000,50.04000,40.27000,48.03000,295.61000,91.15000,186.83500,130.04000,9.90500,35.64000,171.09000,101.29000,206.02000,-16.05000
178.04500,192.21000,55.01500,43.00000,103.54000,301.98000,151.92000,211.91000,128.99000,17.74000,54.10000,196.60000,117.91000,491.30500,-9.24000
111.73000,57.98000,38.46500,14.87000,64.06500,236.43000,83.08000,124.05000,99.24000,-3.14000,23.37000,137.58500,27.35500,156.67000,-7.27000
132.62000,91.92000,44.67500,23.14000,63.93000,258.09000,103.52000,159.98000,114.14000,3.64000,28.86000,152.29000,46.87000,164.25000,-1.47500
152.04500,140.23000,42.49000,-3.32000,78.00000,323.20000,43.16000,458.95000,74.10000,0.22000,26.66000,146.61000,-6.47000,488.55000,16.01000
257.29000,310.85000,55.58000,-3.32000,15.16000,366.74000,43.16000,210.95000,85.81000,19.20000,39.61000,196.32000,-6.47000,250.88000,-32.34000
300.42000,379.06000,68.75500,112.44000,214.90000,389.10500,374.89700,283.73000,219.62000,37.71500,51.54000,247.27000,323.88000,354.87000,142.23000
185.98000,216.02000,68.75500,45.10000,92.70000,314.22000,138.64500,283.73000,138.84000,37.71500,51.78500,250.08000,103.67000,329.89000,8.33000
191.94500,228.93000,49.18000,67.39000,74.36000,327.97000,48.19000,180.71000,162.06000,30.81000,22.88000,240.12000,-7.12000,193.41000,-2.55000
238.60000,379.06000,60.74500,92.94000,239.01500,407.30000,349.87000,170.16500,219.82000,23.66000,43.08500,221.71000,266.24000,192.15000,154.38000
137.71000,107.92000,33.29000,24.72000,55.50000,268.53000,92.25000,84.63000,143.90000,-17.51000,14.22000,125.49000,38.21500,75.32000,-11.70000
182.21000,209.61000,42.82000,43.91000,117.53000,311.04000,179.65500,143.79500,119.30000,12.95000,27.88000,171.99000,138.18000,149.46500,15.76000
474.04000,855.26000,100.06000,273.60000,145.28000,307.17000,242.73000,354.45500,314.21000,81.11000,78.77000,515.27000,719.55500,482.12000,8.89000
96.45000,43.44000,61.27000,6.30000,16.64000,213.02000,59.40000,240.66000,114.14000,22.20000,40.63500,213.84000,17.02000,305.40000,-31.72000
200.18000,231.14500,63.03500,30.80000,84.04000,393.58000,116.82500,265.31000,124.82500,30.81000,48.50000,226.85500,72.53000,487.26500,27.17000
116.75000,57.72000,37.11000,6.88000,63.93000,252.09000,103.52000,119.63000,105.53000,-10.42000,35.20000,125.71500,18.82000,272.92000,-7.31000
270.77000,328.19000,53.38000,88.26000,164.92000,247.17000,335.95500,84.23000,177.89000,27.03000,37.67000,228.93000,249.86000,72.40000,27.17000
341.71500,467.69000,77.77000,136.03500,271.07000,422.60500,438.64500,302.02000,235.37000,44.33000,58.20000,270.89000,473.39000,394.71000,-4.27000
190.46000,210.94000,38.18000,47.34000,128.63000,314.02000,160.95000,123.63000,143.44000,-3.96000,22.88000,178.44000,133.76000,127.81000,28.79000
297.73500,172.84500,72.43000,102.33000,36.42000,304.94000,141.91000,303.04500,221.82000,36.10500,60.56000,247.09000,263.93000,461.06000,-7.31000
367.60000,39.31000,113.42000,162.14000,95.67000,216.61000,533.97000,441.88000,264.94000,51.45500,100.06000,297.30000,473.39000,705.28000,9.10000
178.04500,188.62000,77.77000,135.69700,229.48500,295.85000,410.31000,388.86500,235.37000,43.92000,58.20000,259.00000,359.57000,492.12000,65.53500
205.19000,236.74000,118.79000,123.37000,219.04000,327.87000,393.61500,484.23000,210.17000,131.30000,100.58000,566.69000,334.35000,681.84500,142.19000
87.93000,30.67000,36.27000,-0.06000,15.47000,306.46000,63.34000,106.60000,76.84500,-12.35000,18.25000,121.07000,8.50500,119.77000,-32.34000
