221.94000,264.20000,66.56000,67.46000,118.15000,344.13000,174.49500,280.10500,161.33300,18.81500,49.58000,226.85500,138.18000,329.89000,19.15000
190.46000,236.74000,53.38000,47.34000,117.53000,327.97000,164.97000,202.96000,143.44000,16.01000,36.22000,190.91000,133.93000,228.80000,6.08000
147.99000,138.58000,49.36000,30.75500,45.90500,284.87000,89.27500,179.62000,123.90000,5.76000,23.93500,160.35000,4.81000,192.64000,-17.94000
87.93000,30.67000,34.02000,11.16000,39.88000,182.12000,84.93000,98.19000,107.60000,-10.42000,17.25000,117.30000,27.75000,75.32000,-21.17000
114.07000,57.35000,39.45000,15.83000,37.73500,230.08000,86.95000,128.40000,104.86000,-2.20000,23.60000,184.16000,30.04000,253.68000,-18.34000
107.21000,45.61000,100.06000,273.60000,48.11000,221.41000,909.63000,404.66000,124.82500,81.11000,77.67000,515.27000,719.55500,171.27500,-14.91000
154.36000,140.23000,47.43000,33.80000,39.94000,289.37000,135.05000,176.56000,124.82500,7.87000,32.75000,168.69000,78.37000,184.15000,-17.94000
145.74300,136.29000,99.80000,136.03500,239.01500,281.64000,416.23000,412.23000,248.95000,43.92000,77.67000,259.59000,371.54500,505.67000,-4.05500
367.88000,264.20000,63.49000,78.21000,95.36000,344.38700,138.64500,302.02000,173.27000,23.23000,34.21000,218.65500,211.22500,394.71000,13.07000
145.19000,132.95000,49.18000,17.29000,48.03000,237.75000,89.29000,184.81000,106.64000,-2.20000,34.61000,137.45000,32.15000,199.81000,-17.93000
276.24000,330.16000,32.72000,24.36000,63.43000,385.43000,103.52000,283.15000,114.39000,-13.89000,13.33000,190.39000,52.35000,348.30000,-9.28000
108.51000,50.53000,37.31000,14.87000,52.50000,230.52000,84.82000,116.09000,103.73000,-3.14000,21.05000,137.58500,27.35500,119.77000,-13.90000
370.82000,626.86000,83.18000,225.08000,400.16500,447.66000,745.88000,316.36000,277.77000,50.37000,61.15000,276.14000,586.56000,429.65000,283.09000
287.79500,351.98500,61.77000,99.44000,112.10000,394.84500,349.87000,283.73000,185.03000,27.03000,46.59330,228.93000,261.30000,306.83000,16.66000
142.48000,117.93000,113.38000,27.26000,68.94000,278.38000,107.76000,441.88000,121.94000,23.66000,77.67000,221.71000,63.08000,522.55000,-16.05000
137.71000,107.92000,33.29000,24.72000,55.50000,268.53000,92.25000,84.63000,143.90000,-17.51000,14.22000,125.49000,38.21500,75.32000,-11.70000
145.74300,134.12000,87.63000,30.75500,26.34000,282.94000,117.56000,343.16000,124.06800,6.29000,64.27500,182.37000,72.63000,77.92000,-5.17000
241.05300,309.11000,51.91000,51.21000,144.86500,353.60000,254.64500,195.81000,143.90000,10.55000,63.08000,186.99700,146.81000,170.05000,42.98000
131.00000,93.40000,44.81250,24.36000,60.50000,447.66000,98.66000,163.51000,114.95000,5.02000,27.07000,156.33000,52.32000,77.23000,-11.10000
95.14000,44.68500,34.00500,6.88000,111.30000,213.02000,177.38000,85.27500,114.14000,-10.98000,40.63500,145.44000,27.75000,73.04000,16.27500
237.35000,262.09000,59.49000,461.38000,547.58000,344.38700,1491.98000,290.32000,435.95000,64.96000,41.13500,566.69000,811.22500,354.87000,283.09000
355.75500,531.14000,170.02000,149.77000,130.57000,440.35000,438.39500,808.73000,248.95000,53.07000,115.16000,316.16500,420.43300,1494.58000,19.68000
175.30000,107.47000,51.52500,40.98000,37.91500,263.49000,86.95000,192.83500,131.58500,10.34000,35.20000,180.51000,104.51000,216.11000,-32.34000
287.42000,337.57000,63.50000,98.07000,45.07000,389.10500,87.74000,278.40000,190.46000,33.78000,48.21000,245.16000,-0.74000,519.45000,-1.16000
175.24000,188.62000,51.26500,41.15000,120.71000,295.85000,138.88000,186.96500,131.58500,9.98000,39.55000,171.09000,104.51000,267.58000,26.82000
321.57000,372.95000,79.87000,128.94000,45.07000,397.98000,87.74000,61.28330,221.83000,43.91000,59.18000,259.00000,350.12000,37.25000,-1.16000
90.16000,42.69500,14.62000,1.07500,45.07000,198.76000,89.27500,68.98000,78.44000,-10.98000,6.12000,121.88000,12.07000,62.58000,-7.31000
358.75000,467.69000,113.42000,136.75000,59.00000,344.32000,97.15000,427.81000,241.71000,115.45000,30.70000,566.69000,52.32000,537.74000,-11.10000
287.42000,337.57000,67.11000,99.48000,39.84000,389.10500,438.39500,282.88000,221.83000,36.32000,43.33000,248.03000,465.90000,335.86300,-11.86000
116.82000,50.53000,20.18500,15.40000,63.47000,230.99000,84.82000,73.19000,104.86000,-26.88000,5.74000,84.63000,27.75000,415.49000,-10.97000
102.71000,43.44000,34.02000,2.51000,128.63000,207.83000,48.19000,98.19000,98.41000,-12.64000,40.44000,315.15000,8.50500,74.42000,14.96000
120.93000,79.23000,34.00500,18.41000,49.13000,247.93000,89.29000,99.24000,106.64000,-11.19000,27.88000,134.46000,33.82000,77.92000,-13.90000
417.42500,726.39500,52.80500,214.25000,79.71000,328.62000,129.58000,359.07000,291.85000,64.86000,37.20000,331.10000,89.73000,633.88000,7.81000
120.93000,79.23000,71.43000,17.29000,61.53000,237.23500,98.66000,290.32000,103.73000,-1.82500,34.07500,226.48000,49.59000,354.87000,-9.96000
144.12000,132.78000,45.54000,27.61000,74.36000,281.64000,113.15000,168.95000,123.54000,5.33000,31.01000,177.40000,65.22000,192.15000,-6.24000
107.21000,97.58500,38.56000,14.87000,37.73500,263.46000,82.52000,90.16000,103.73000,-3.14000,23.57500,137.58500,27.35500,72.40000,-15.51000
201.50000,236.74000,111.19000,88.26000,31.79000,325.84000,281.93000,511.23000,177.85000,49.50000,89.51000,276.14000,222.84000,732.89000,-11.10000
173.11000,178.13000,21.21000,38.50000,55.50000,294.78000,130.08000,290.32000,129.96000,9.80500,6.12000,171.09000,93.96000,354.87000,-11.70000
265.01000,328.19000,62.06000,89.40000,61.54000,284.66300,98.66000,248.96000,183.88500,29.41000,46.61000,233.92000,186.00500,305.90000,-10.97000
300.42000,379.06000,68.75500,112.44000,214.90000,389.10500,374.89700,283.73000,219.62000,37.71500,51.54000,247.27000,323.88000,354.87000,142.23000
140.18000,107.47000,44.07000,25.08000,67.40000,268.22000,107.52000,154.14000,120.61000,3.66000,29.02000,148.11000,57.98000,155.41000,-6.07000
200.18000,231.14500,63.03500,30.80000,84.04000,393.58000,116.82500,265.31000,124.82500,30.81000,48.50000,226.85500,72.53000,487.26500,27.17000
190.74000,228.92000,127.82500,47.34000,118.15000,371.67000,164.97000,613.57000,143.44000,84.41000,103.86000,517.66000,133.93000,633.88000,23.14670
141.73000,111.04000,37.11000,25.83000,-9.78000,269.92000,42.49000,119.63000,121.25000,-11.19000,17.62000,312.55000,-7.12000,119.77000,-42.17000
302.39000,381.56000,34.02000,92.94000,135.88000,407.30000,314.57000,138.43500,168.99000,35.34000,22.25000,247.09000,226.55000,142.78000,9.10000
228.42000,236.74000,58.17000,68.57500,135.65000,327.87000,213.09000,214.94000,165.53000,20.97000,40.36000,211.76500,186.00500,256.24000,36.46000
175.50000,191.05000,84.41000,41.15000,116.14500,301.04000,159.82000,325.21000,136.48000,10.34000,43.08500,178.44000,130.63000,429.19000,46.92500
415.22000,702.34000,88.17500,194.28000,84.04000,230.54000,595.49000,302.16000,274.23000,56.14000,70.20000,276.14000,515.41500,380.53000,1.62000
173.53000,167.54000,40.16000,40.27000,131.60000,292.17500,135.05000,131.62000,130.04000,0.22000,26.51000,146.61000,101.29000,137.07000,32.96000
232.33000,281.20000,59.09000,78.56000,145.91000,352.01000,242.73000,221.18000,173.25000,23.66000,35.15000,247.09000,211.55000,269.71000,8.72000
367.88000,621.10500,91.73000,165.72000,88.42000,389.10500,63.34000,587.77000,265.80000,64.96000,65.88000,334.00000,473.39000,760.48000,7.81000
142.48000,117.93000,42.49000,27.26000,61.54000,277.01000,107.52000,158.50000,126.45000,5.08000,26.51000,158.90000,63.74000,176.59500,-9.28000
179.36000,239.35000,51.91000,43.00000,102.08000,320.78000,154.41000,192.85500,137.01000,10.55000,34.53000,185.13000,117.91000,215.63000,14.06000
320.83000,238.21000,76.04000,126.59000,221.87000,331.06000,393.61500,354.45500,219.82000,43.09000,51.56000,258.53000,342.08000,519.45000,142.19000
120.53000,75.22000,39.90000,17.11000,45.90500,239.47000,88.14000,110.04000,105.52500,-1.82500,27.89000,142.60000,31.64000,86.13000,-15.51000
321.57000,441.04000,113.38000,128.94000,16.39000,420.82000,63.34000,441.88000,254.86000,43.91000,100.58000,259.00000,18.29500,537.74000,-29.67000
84.59000,22.92000,21.21000,-1.41000,15.47000,174.15000,44.46000,81.03500,72.53000,-16.02000,100.58000,122.58000,-0.74000,74.42000,-32.16000
265.87000,289.09500,61.27000,82.27000,145.28000,358.03000,248.69000,240.66000,176.95000,24.86000,44.48000,226.48000,211.18000,300.56000,46.92500
132.74000,97.58500,39.81500,24.36000,80.11000,263.49000,117.56000,129.76000,111.95500,2.83000,23.77000,151.91500,52.35000,134.03500,-7.27000
358.75000,593.21000,42.74000,152.38500,22.55000,394.84500,68.92000,354.45500,189.04000,-17.51000,61.04000,97.24000,207.02000,463.54000,-28.04000
321.57000,429.30300,79.15000,128.94000,154.40000,562.72000,287.56000,302.16000,235.37000,44.33000,34.86000,272.13000,350.12000,395.55000,15.76000
352.62700,214.05000,71.97500,139.52000,102.08000,307.17000,438.64500,294.61000,248.95000,45.19000,52.32000,158.90000,420.43300,329.89000,13.91000
178.04500,188.62000,77.77000,135.69700,229.48500,295.85000,410.31000,388.86500,235.37000,43.92000,58.20000,259.00000,359.57000,492.12000,65.53500
107.21000,49.14000,34.02000,2.33000,-1.52000,221.41000,42.49000,99.24000,114.39000,-12.35000,18.25000,121.07000,10.47500,705.28000,23.14670
96.45000,43.44000,58.17000,6.30000,16.64000,207.44500,59.40000,214.94000,91.96500,20.53000,26.66000,203.95500,17.02000,306.31000,-31.72000
206.20000,242.74000,56.66000,65.02000,135.54000,357.29500,183.43000,212.20500,154.54000,19.58000,40.04000,203.14000,157.29000,248.73000,36.53000
138.88000,66.80500,49.29000,34.09500,87.55000,237.26000,126.89000,180.71000,126.83000,8.90500,34.09000,171.99000,79.38000,193.41000,3.52333
367.88000,328.19000,67.11000,122.61000,55.50000,295.61000,92.14000,282.88000,229.80000,36.32000,51.54000,247.27000,37.93500,169.02000,-11.86000
95.45000,43.44000,34.50000,6.14000,10.93000,207.83000,44.46000,105.78000,90.32000,-10.51000,18.25000,151.42000,17.02000,68.23000,-38.11000
273.33000,328.19000,55.58000,52.86000,193.94000,375.43000,368.92000,210.95000,143.61500,19.20000,39.55000,196.21500,302.13000,249.16500,110.50000
110.08000,50.53000,38.18000,14.59000,16.64000,230.52000,59.40000,128.40000,123.73000,-3.40000,6.95000,166.01000,17.02000,132.12500,-31.89000
416.12000,703.60000,88.17500,205.31000,136.16000,519.04000,213.09000,212.20500,124.82000,56.84000,65.80000,331.10000,186.00500,253.68000,38.33500
175.30000,231.14500,51.26500,40.98000,45.90500,322.86000,98.66000,73.19000,124.82500,10.34000,34.44000,179.02000,503.08000,60.37000,-19.68000
182.21000,183.32000,46.62000,43.91000,152.94500,295.04000,183.43000,211.91000,136.48000,6.99000,13.33000,156.33000,112.56500,253.68000,58.18000
474.04000,855.26000,100.06000,273.60000,145.28000,307.17000,242.73000,354.45500,314.21000,81.11000,78.77000,515.27000,719.55500,482.12000,8.89000
147.99000,73.30000,49.18000,33.80000,87.08000,324.28000,119.88000,183.20000,198.64000,7.87000,33.97000,168.69000,72.84500,199.39000,-11.86000
367.60000,242.74000,84.82500,165.72000,117.05000,321.86000,410.31000,328.93000,265.80000,52.63500,77.67000,236.78500,473.39000,475.19000,14.35000
273.33000,328.60000,55.01500,92.94000,164.92000,383.30000,308.50000,214.80500,137.01000,30.04000,39.26000,245.16000,226.30000,256.24000,84.79000
297.73500,372.95000,71.97500,122.61000,175.15000,397.98000,355.98000,294.61000,230.50000,43.09000,30.70000,258.53000,302.13000,356.55500,90.08000
95.14000,43.00000,59.09000,30.80000,36.42000,207.44500,116.82500,220.18000,143.61500,22.40500,40.36000,214.51000,72.53000,291.80000,3.20000
190.46000,216.02000,52.80000,47.34000,-9.78000,314.22000,43.16000,201.27000,143.44000,15.49000,37.25000,191.08000,133.76000,230.99000,-42.17000
206.20000,254.04000,91.73000,225.08000,16.64000,344.75500,63.34000,365.19000,382.88000,64.86000,59.18000,334.00000,586.83000,494.60000,-32.16000
118.10000,43.35000,39.81500,17.11000,64.06500,206.87000,96.71000,129.76000,105.52500,-2.15000,23.77000,138.99000,26.93000,134.03500,-8.82000
228.42000,283.40500,58.96000,68.57500,136.16000,294.78000,217.01500,220.18000,165.53000,20.97000,41.13500,211.76500,186.00500,272.92000,38.33500
122.09000,91.92000,88.76000,11.16000,22.55000,258.09000,68.15000,353.49000,85.81000,-12.35000,65.18000,121.26000,22.21000,475.19000,-28.04000
228.42000,330.16000,38.56000,14.59000,-1.52000,389.10500,82.52000,123.50000,101.64000,-3.10000,23.57500,146.61000,25.20000,127.81000,33.99000
303.01000,531.14000,72.43000,122.47000,39.51000,230.99000,40.93500,290.32000,221.83000,41.32000,54.10000,259.59000,-10.42000,354.87000,-19.08500
140.18000,107.47000,42.49000,30.80000,68.94000,268.53000,107.76000,84.63000,124.06800,6.98000,27.89000,166.01000,72.63000,66.39250,-2.55000
273.33000,328.60000,65.35000,99.44000,56.05670,397.98000,349.87000,278.40000,264.94000,35.31000,34.86000,245.15000,261.30000,340.21000,-13.87000
305.62000,409.37000,84.27000,122.61000,34.92000,315.97000,154.55500,320.07000,229.80000,50.39500,62.19000,236.78500,323.88000,481.81000,-24.03000
367.88000,779.13000,84.82500,162.14000,307.57000,542.86000,441.84500,328.93000,264.94000,52.63500,63.35000,326.74000,469.11000,319.03000,147.42000
456.53300,765.87000,34.50000,268.94000,128.63000,562.72000,954.35000,96.73000,300.09000,72.70000,17.62000,387.00000,734.17000,75.32000,28.79000
221.97500,264.20000,58.17000,67.46000,55.26000,344.75500,91.15000,214.94000,163.58500,20.53000,41.25000,203.14000,186.00500,256.24000,-13.97000
152.04500,140.23000,42.49000,-3.32000,78.00000,323.20000,43.16000,458.95000,74.10000,0.22000,26.66000,146.61000,-6.47000,488.55000,16.01000
191.94500,228.93000,49.18000,67.39000,74.36000,327.97000,48.19000,180.71000,162.06000,30.81000,22.88000,240.12000,-7.12000,193.41000,-2.55000
206.20000,239.35000,23.60000,-3.32000,-0.08000,301.98000,42.49000,81.40000,88.21000,-17.51000,12.26000,97.24000,-6.47000,66.39250,-40.87000
144.12000,132.78000,46.62000,34.11500,101.66500,289.36000,113.15000,285.12000,114.39000,6.99000,17.62000,168.41000,65.22000,335.86300,13.07000
111.73000,57.98000,38.46500,14.87000,64.06500,236.43000,83.08000,124.05000,99.24000,-3.14000,23.37000,137.58500,27.35500,156.67000,-7.27000
475.97000,315.30000,111.19000,298.37000,5.57000,367.66000,54.66000,430.19000,371.85000,84.41000,89.51000,182.37000,734.17000,522.55000,-39.30000
206.20000,242.74000,55.75000,65.02000,47.38000,340.21000,89.29000,211.91000,154.54000,19.58000,39.76000,203.14000,33.82000,237.54500,-21.17000
237.35000,325.87000,60.58500,75.68000,104.92000,358.46500,154.41000,228.12000,171.09000,23.19000,46.61000,217.48000,206.42000,285.93500,33.99000
145.51000,133.40000,51.91000,30.54000,112.10000,306.46000,154.41000,202.96000,123.90000,5.76000,37.67000,160.35000,119.28000,232.35500,17.51000
90.34000,39.31000,42.49000,1.07500,77.93000,196.38500,113.80000,134.63500,80.14000,9.57000,27.88000,172.62000,10.47500,141.94000,-3.32000
270.77000,328.19000,53.38000,88.26000,164.92000,247.17000,335.95500,84.23000,177.89000,27.03000,37.67000,228.93000,249.86000,72.40000,27.17000
188.03000,219.11500,101.54000,45.35500,131.60000,237.24500,160.05000,412.23000,139.78000,18.40000,78.95000,194.21000,132.32000,487.26500,37.81000
173.53000,186.42000,50.04000,40.27000,48.03000,295.61000,91.15000,186.83500,130.04000,9.90500,35.64000,171.09000,101.29000,206.02000,-16.05000
166.97500,167.54000,49.29000,35.86000,88.42000,295.36000,129.71000,180.71000,127.49000,8.96000,34.09000,172.05500,90.24000,192.15000,7.48500
353.41000,522.10500,112.65000,139.45500,37.91500,387.07000,745.88000,441.00000,190.46000,48.43000,89.51000,326.74000,586.56000,637.58000,-28.50000
232.33000,192.21000,66.08000,74.52000,143.49000,221.56000,228.95000,280.10500,169.92000,22.63500,49.58000,226.48000,206.42000,316.65000,38.63000
87.93000,29.02000,32.72000,-0.06000,5.76000,369.03000,47.41000,85.27500,76.84500,-13.89000,13.33000,125.71500,8.50500,73.04000,-38.18000
367.88000,621.10500,94.63000,138.84000,393.61000,268.53000,438.64500,295.43000,177.85000,44.33000,72.57000,233.92000,424.92000,356.55500,178.50500
227.84000,265.39000,66.08000,68.57500,135.65000,344.13000,217.01500,268.28000,165.53000,20.97000,49.58000,211.76500,186.00500,232.35500,36.53000
180.25500,206.66500,52.80000,43.44000,106.44000,306.46000,154.41000,201.27000,134.76000,11.58000,33.97000,138.48000,119.28000,228.80000,14.96000
173.11000,176.53000,112.65000,75.68000,144.86500,295.36000,241.06000,412.23000,171.09000,23.66000,51.66000,221.71000,207.02000,502.01000,-42.17000
180.25500,208.77000,51.95000,43.44000,117.84000,307.17000,154.41000,265.31000,134.76000,11.58000,35.64000,185.02000,119.28000,323.79000,19.68000
358.75000,522.12000,59.64000,74.52000,117.53000,357.29500,164.97000,240.66000,169.92000,22.63500,41.25000,214.35000,133.93000,300.56000,6.08000
322.07500,441.04000,63.03500,89.80000,145.28000,423.22500,289.67500,259.01000,184.81000,29.41000,47.85000,233.92000,226.30000,335.86300,46.92500
190.46000,210.94000,38.18000,47.34000,128.63000,314.02000,160.95000,123.63000,143.44000,-3.96000,22.88000,178.44000,133.76000,127.81000,28.79000
205.19000,197.32200,59.64000,58.87000,103.54000,301.98000,151.92000,227.48000,149.68000,19.55000,39.92000,199.92000,153.92000,285.93500,15.76000
131.77000,93.40000,113.42000,370.63500,100.34000,256.93000,909.63000,489.09000,120.96500,87.07000,89.51000,566.69000,719.55500,701.41000,14.06000
110.08000,66.80500,38.56000,20.85500,48.11000,265.39000,91.15000,138.43500,98.41000,0.16000,23.57500,146.13000,34.75000,142.95000,-14.91000
260.95000,315.30000,95.21000,83.56000,134.13000,292.47000,225.43000,383.77000,177.50000,26.86000,73.29000,226.85500,211.18000,516.22000,-9.78250
141.73000,111.04000,44.81250,25.09000,73.80000,269.92000,106.32500,159.98000,120.96500,3.66000,30.36000,153.08500,58.51500,164.25000,-3.74000
85.07000,42.69500,24.39000,-1.41000,-9.78000,199.14000,40.93500,84.23000,72.53000,-16.50000,8.95000,172.90000,-0.74000,62.65000,-42.17000
205.97000,239.35000,56.64000,65.02000,117.53000,344.38700,154.41000,213.65000,154.95000,19.58000,39.88000,203.14000,119.28000,952.69000,18.57000
142.48000,117.93000,44.81250,27.26000,68.94000,277.01000,107.76000,163.51000,120.61000,5.08000,32.46000,117.30000,63.74000,225.96000,-13.08000
95.14000,43.35000,34.02000,-3.32000,10.93000,207.44500,43.16000,99.24000,100.81000,-10.42000,17.25000,125.71500,-6.47000,487.26500,-38.11000
329.26000,468.06000,77.49000,135.69700,193.94000,423.60000,368.92000,302.02000,235.37000,43.92000,42.35000,255.67000,293.34000,394.71000,142.19000
175.50000,167.54000,51.73000,41.15000,55.26000,315.97000,92.14000,196.41000,136.48000,10.34000,34.86000,177.73500,108.69500,192.15000,-12.60500
