34.37500,1.95000,60.58500,-6.47000,-0.08000,150.86000,43.16000,228.12000,126.66500,23.19000,41.25000,226.64500,-6.47000,290.03000,-11.86000
152.04500,144.42000,145.35000,30.75500,66.91000,289.36000,101.30000,723.31500,124.06800,6.29000,50.06000,153.19000,72.53000,887.82000,-6.24000
152.74000,144.42000,47.43000,33.80000,78.00000,289.37000,114.09000,211.91000,124.44000,7.87000,32.75000,168.69000,67.43000,230.99000,-1.47500
322.07500,310.85000,76.29000,128.94000,239.01500,366.40000,416.23000,297.62000,196.49000,43.91000,49.58000,259.00000,395.85000,388.68000,142.23000
204.79000,237.75000,36.22500,65.02000,135.54000,327.97000,185.20000,106.60000,143.50000,-10.42000,23.77000,122.58000,153.92000,119.77000,36.46000
204.21000,238.21000,63.49000,88.26000,163.37000,237.75000,289.67500,268.28000,177.85000,27.03000,48.21000,174.54500,222.84000,331.75300,66.57000
87.93000,57.35000,21.15000,-0.06000,22.55000,230.99000,68.15000,81.03500,76.84500,-26.88000,5.74000,84.63000,22.21000,60.82000,-28.04000
166.97500,167.09000,49.72000,36.42000,90.97000,292.17500,138.88000,165.70500,129.09000,9.57000,34.44000,174.43000,112.56500,175.75000,8.37000
321.57000,372.95000,79.87000,128.94000,45.07000,397.98000,87.74000,61.28330,221.83000,43.91000,59.18000,259.00000,350.12000,37.25000,-1.16000
179.73000,206.66500,47.94000,34.09500,26.34000,306.46000,110.06000,176.92000,126.83000,7.92000,36.03000,185.61500,78.37000,153.05000,-27.78000
287.79500,351.98500,61.77000,99.44000,112.10000,394.84500,349.87000,283.73000,185.03000,27.03000,46.59330,228.93000,261.30000,306.83000,16.66000
157.24000,97.58500,47.43000,33.80000,87.08000,265.39000,119.88000,204.57000,124.06800,7.87000,32.46000,168.69000,73.43500,192.64000,-15.51000
178.04500,188.62000,77.77000,135.69700,229.48500,295.85000,410.31000,388.86500,235.37000,43.92000,58.20000,259.00000,359.57000,492.12000,65.53500
190.16000,223.43500,61.27000,45.52000,117.05000,315.97000,164.13000,274.76000,140.62000,24.86000,44.48000,226.48000,133.76000,354.86000,19.15000
236.78000,289.09500,59.49000,75.68000,146.21500,358.46500,255.42500,215.57000,171.09000,22.40500,41.13500,213.84000,211.22500,228.80000,16.66000
251.91000,379.06000,60.74500,82.04000,87.55000,393.58000,125.05000,231.72500,173.27000,23.93000,43.08500,196.21500,213.63000,297.73000,-1.88000
95.45000,43.35000,60.74500,6.14000,14.14000,207.44500,64.09000,231.72500,90.32000,23.66000,43.08500,221.71000,17.02000,305.40000,-11.70000
270.77000,328.19000,109.64000,91.14000,111.30000,272.92000,335.95500,417.19000,185.03000,83.13500,62.19000,527.72000,226.55000,522.55000,16.27500
201.50000,233.77000,33.29000,41.15000,89.15000,325.67000,140.54000,94.83330,132.20000,-10.51000,14.32000,122.58000,108.69500,77.92000,7.83000
474.04000,30.67000,109.64000,273.60000,64.06500,265.39000,441.84500,427.81000,274.86000,80.98000,26.51000,545.92000,465.90000,516.22000,-7.27000
132.74000,97.58500,39.81500,24.36000,80.11000,263.49000,117.56000,129.76000,111.95500,2.83000,23.77000,151.91500,52.35000,134.03500,-7.27000
142.48000,117.93000,63.03500,33.80000,87.08000,371.67000,125.05000,260.65000,128.83000,0.09000,58.21000,146.13000,74.26000,308.25000,0.50000
131.00000,93.40000,44.81250,24.36000,60.50000,447.66000,98.66000,163.51000,114.95000,5.02000,27.07000,156.33000,52.32000,77.23000,-11.10000
96.45000,43.44000,61.27000,6.30000,16.64000,213.02000,59.40000,240.66000,114.14000,22.20000,40.63500,213.84000,17.02000,305.40000,-31.72000
182.21000,209.61000,67.11000,66.59000,180.23500,294.78000,356.48000,290.32000,143.90000,36.32000,52.17000,248.50000,164.25500,354.87000,93.42000
367.88000,779.13000,84.82500,162.14000,307.57000,542.86000,441.84500,328.93000,264.94000,52.63500,63.35000,326.74000,469.11000,319.03000,147.42000
329.26000,468.06000,77.49000,135.69700,193.94000,423.60000,368.92000,302.02000,235.37000,43.92000,42.35000,255.67000,293.34000,394.71000,142.19000
236.78000,289.09500,59.09000,75.11000,36.30000,358.03000,76.26000,221.18000,173.25000,22.92000,40.44000,169.58000,206.42000,74.42000,-24.27000
145.19000,132.78000,45.12000,25.09000,95.67000,273.59000,138.64500,208.58000,121.25000,5.08000,30.64000,158.90000,52.35000,226.84000,8.89000
142.57500,107.92000,76.04000,25.08000,14.14000,268.93000,67.05000,296.68000,121.25000,3.66000,51.66000,153.08500,18.29500,388.02500,-38.11000
118.10000,80.62000,51.73000,15.83000,39.94000,247.93000,101.30000,202.96000,104.86000,9.80500,26.51000,182.37000,34.10500,230.99000,-17.93000
142.48000,117.93000,51.26500,27.26000,87.08000,323.20000,117.56000,106.60000,121.94000,8.83000,35.11500,169.58000,63.74000,86.13000,-11.10000
112.30000,57.35000,50.04000,58.45000,123.14000,230.52000,184.99500,184.81000,145.24000,9.80500,34.61000,174.43000,154.38000,199.81000,27.53000
257.29000,310.85000,55.58000,-3.32000,15.16000,366.74000,43.16000,210.95000,85.81000,19.20000,39.61000,196.32000,-6.47000,250.88000,-32.34000
131.77000,93.40000,42.80000,21.35500,180.23500,260.47000,355.98000,172.38000,126.45000,0.22000,27.14000,258.53000,266.24000,176.59500,93.42000
85.07000,231.14500,33.37000,-1.41000,39.88000,301.98000,50.47000,94.83330,72.53000,-11.19000,39.05000,121.88000,-0.74000,72.40000,-32.34000
98.58000,44.68500,38.18000,11.94000,229.48500,266.15500,89.29000,124.05000,98.41000,-5.23000,22.43500,130.01500,33.82000,131.21000,154.38000
228.42000,236.74000,58.17000,68.57500,135.65000,327.87000,213.09000,214.94000,165.53000,20.97000,40.36000,211.76500,186.00500,256.24000,36.46000
140.18000,107.47000,44.07000,25.08000,67.40000,268.22000,107.52000,154.14000,120.61000,3.66000,29.02000,148.11000,57.98000,155.41000,-6.07000
145.74300,133.40000,52.14000,29.35500,92.70000,289.36000,113.47000,143.96000,123.73000,12.95000,41.13500,203.14000,67.43000,149.46500,8.33000
301.64000,381.56000,68.75500,112.44000,63.93000,406.37000,105.74000,285.12000,274.23000,37.71500,51.66000,250.08000,223.36000,354.86000,-0.92000
237.35000,289.09500,42.74000,78.21000,95.36000,357.29500,259.08500,134.63500,230.50000,0.09000,14.32000,147.58000,211.18000,141.94000,20.34000
355.75500,531.14000,170.02000,149.77000,130.57000,440.35000,438.39500,808.73000,248.95000,53.07000,115.16000,316.16500,420.43300,1494.58000,19.68000
355.75500,522.10500,68.37000,149.77000,15.47000,456.68000,421.22000,305.82000,241.71000,30.04000,51.56000,235.80500,413.27500,340.21000,-32.34000
116.82000,50.53000,20.18500,15.40000,63.47000,230.99000,84.82000,73.19000,104.86000,-26.88000,5.74000,84.63000,27.75000,415.49000,-10.97000
270.77000,327.51000,61.77000,91.14000,151.05000,375.43000,280.03000,248.46500,185.03000,29.63000,23.37000,236.41000,226.55000,305.90000,58.18000
182.21000,209.61000,37.53000,35.86000,88.42000,295.04000,129.58000,85.27500,131.58500,-3.84250,22.43500,134.46000,90.24000,68.23000,7.51000
152.04500,66.10000,45.12000,33.57000,63.93000,237.24500,105.74000,131.62000,124.82500,5.02000,30.64000,171.09000,72.84500,137.07000,-4.27000
415.22000,702.34000,87.63000,205.31000,39.94000,423.22500,118.73000,328.93000,274.78500,57.62500,64.27500,259.59000,474.65000,429.65000,-17.94000
415.22000,702.34000,92.35000,194.28000,282.64000,385.43000,608.87500,362.80000,274.23000,64.96000,72.57000,398.13500,515.41500,516.22000,147.42000
173.11000,97.88000,37.42000,38.50000,87.75670,315.97000,125.86000,172.62000,129.09000,9.80500,22.43500,172.62000,94.55000,169.02000,4.67000
175.30000,189.46000,86.40000,40.98000,74.36000,301.04000,106.32500,412.23000,131.58500,52.69000,64.27500,259.00000,59.25000,500.60000,-3.51000
142.57500,45.61000,34.50000,27.57000,56.05670,221.41000,95.29000,110.04000,122.88000,-10.51000,17.62000,110.07000,65.18000,97.18000,-11.41000
265.01000,336.68000,40.16000,89.40000,63.93000,366.40000,68.15000,134.09000,183.88500,27.03000,26.51000,228.93000,223.49000,141.06000,-5.17000
261.35000,321.40000,61.77000,88.26000,134.13000,369.17000,225.43000,283.15000,177.85000,27.03000,44.48000,228.93000,202.47000,395.55000,39.24500
341.71500,467.69000,77.77000,136.03500,271.07000,422.60500,438.64500,302.02000,235.37000,44.33000,58.20000,270.89000,473.39000,394.71000,-4.27000
188.03000,219.11500,101.54000,45.35500,131.60000,237.24500,160.05000,412.23000,139.78000,18.40000,78.95000,194.21000,132.32000,487.26500,37.81000
320.83000,238.21000,76.04000,126.59000,221.87000,331.06000,393.61500,354.45500,219.82000,43.09000,51.56000,258.53000,342.08000,519.45000,142.19000
321.57000,429.30300,79.15000,128.94000,154.40000,562.72000,287.56000,302.16000,235.37000,44.33000,34.86000,272.13000,350.12000,395.55000,15.76000
101.32000,138.58000,37.35000,14.59000,31.95500,284.87000,74.90000,128.40000,171.42000,-3.40000,28.23000,137.45000,25.20000,132.12500,-1.16000
352.62700,214.05000,71.97500,139.52000,102.08000,307.17000,438.64500,294.61000,248.95000,45.19000,52.32000,158.90000,420.43300,329.89000,13.91000
415.22000,702.34000,87.55000,194.28000,88.28000,332.98000,608.87500,333.75000,274.23000,53.07000,64.31000,334.00000,515.41500,429.65000,6.08000
303.01000,167.09000,66.08000,112.44000,307.57000,311.68000,374.89700,280.10500,221.05000,37.71500,49.58000,250.08000,302.13000,340.13000,20.34000
142.48000,117.93000,42.49000,27.26000,61.54000,277.01000,107.52000,158.50000,126.45000,5.08000,26.51000,158.90000,63.74000,176.59500,-9.28000
128.53000,55.60000,37.35000,14.87000,39.51000,230.54000,87.74000,124.05000,103.65000,-3.14000,22.88000,137.58500,27.35500,305.40000,-39.30000
147.99000,157.73000,95.21000,30.80000,82.51000,289.95000,119.88000,383.77000,123.73000,6.99000,73.29000,168.69000,72.63000,305.40000,-1.16000
265.01000,315.30000,61.40000,88.26000,-1.52000,367.26000,293.76000,489.09000,177.85000,27.03000,44.87000,228.93000,223.36000,701.41000,-40.87000
142.57500,140.23000,44.07000,27.57000,34.92000,335.99500,67.75000,134.63500,122.88000,5.33000,52.17000,158.90000,65.18000,141.94000,-24.34000
179.36000,186.42000,57.30000,43.00000,45.90500,295.61000,88.14000,214.80500,134.71000,19.20000,40.04000,194.85000,31.64000,256.24000,-15.95000
241.05300,325.87000,38.56000,45.35500,112.10000,371.67000,160.05000,124.05000,139.78000,13.72000,23.57500,248.03000,130.63000,131.21000,16.66000
96.45000,43.35000,34.02000,6.30000,52.59000,221.56000,64.09000,98.19000,100.81000,-10.51000,17.82000,122.58000,17.02000,77.23000,-13.90000
87.50000,29.02000,91.01500,-1.03000,14.14000,399.89500,113.15000,362.80000,74.10000,67.39000,65.88000,387.00000,4.81000,481.81000,27.17000
175.50000,191.05000,84.41000,41.15000,116.14500,301.04000,159.82000,325.21000,136.48000,10.34000,43.08500,178.44000,130.63000,429.19000,46.92500
99.13000,242.74000,37.35000,6.88000,120.41000,311.68000,160.05000,121.44000,98.60500,-3.96000,22.43500,110.07000,128.02000,229.32000,33.99000
206.20000,242.74000,56.66000,65.02000,135.54000,357.29500,183.43000,212.20500,154.54000,19.58000,40.04000,203.14000,157.29000,248.73000,36.53000
157.24000,138.58000,45.37000,34.09500,48.11000,284.87000,125.05000,179.62000,221.83000,5.33000,27.07000,158.90000,78.37000,192.64000,-14.91000
154.36000,140.23000,47.43000,33.80000,39.94000,289.37000,135.05000,176.56000,124.82500,7.87000,32.75000,168.69000,78.37000,184.15000,-17.94000
191.94500,228.93000,59.64000,43.91000,154.40000,321.86000,281.93000,227.48000,122.97000,22.40500,41.25000,214.35000,117.91000,284.15000,60.66500
221.94000,322.00500,57.98000,67.46000,125.90000,367.66000,185.20000,211.91000,168.19000,20.53000,40.06000,211.90000,157.29000,250.88000,28.08000
232.33000,192.21000,66.08000,74.52000,143.49000,221.56000,228.95000,280.10500,169.92000,22.63500,49.58000,226.48000,206.42000,316.65000,38.63000
221.97500,325.87000,93.41000,67.46000,55.50000,367.26000,197.21000,412.23000,161.33300,80.98000,65.18000,214.35000,185.11000,633.88000,-11.70000
178.32000,176.53000,51.91000,42.22000,102.08000,289.36000,150.31000,192.85500,134.00000,10.55000,35.53000,179.02000,115.96000,219.56000,13.88000
204.79000,237.75000,59.49000,52.86000,55.50000,325.84000,92.14000,223.17000,165.53000,22.40500,41.13500,214.35000,133.93000,331.75300,-11.70000
261.35000,321.40000,72.43000,123.37000,151.05000,369.03000,150.31000,328.93000,230.50000,42.70500,54.10000,203.95000,115.96000,429.65000,-38.46000
349.62000,238.21000,44.81250,138.84000,400.16500,331.06000,868.50000,163.51000,170.09000,5.02000,30.36000,248.50000,700.54000,171.27500,-1.47500
188.03000,236.74000,52.70500,45.35500,88.35750,325.84000,129.58000,202.96000,139.78000,13.72000,36.98000,217.48000,132.32000,429.65000,7.51000
95.14000,43.35000,34.02000,-3.32000,10.93000,207.44500,43.16000,99.24000,100.81000,-10.42000,17.25000,125.71500,-6.47000,487.26500,-38.11000
173.53000,197.32200,51.52500,40.13000,95.36000,307.17000,138.64500,192.44000,129.96000,10.34000,34.53000,177.73500,103.67000,232.35500,8.72000
276.24000,330.16000,32.72000,24.36000,63.43000,385.43000,103.52000,283.15000,114.39000,-13.89000,13.33000,190.39000,52.35000,348.30000,-9.28000
206.20000,239.35000,23.60000,-3.32000,-0.08000,301.98000,42.49000,81.40000,88.21000,-17.51000,12.26000,97.24000,-6.47000,66.39250,-40.87000
95.45000,43.35000,34.02000,6.14000,39.88000,237.23500,68.92000,96.73000,90.32000,-10.51000,17.25000,228.93000,17.02000,75.32000,-15.23000
273.33000,328.60000,55.01500,92.94000,164.92000,383.30000,308.50000,214.80500,137.01000,30.04000,39.26000,245.16000,226.30000,256.24000,84.79000
173.53000,186.42000,50.04000,40.27000,48.03000,295.61000,91.15000,186.83500,130.04000,9.90500,35.64000,171.09000,101.29000,206.02000,-16.05000
415.22000,702.34000,127.82500,194.28000,55.50000,353.60000,95.29000,587.77000,274.23000,52.69000,63.35000,316.16500,515.41500,633.88000,-9.78250
232.33000,328.19000,59.64000,74.52000,180.41000,325.84000,363.62000,227.48000,147.11000,22.63500,41.25000,203.95500,203.79000,284.15000,90.08000
141.70500,111.04000,34.02000,30.75500,55.50000,268.22000,91.55000,96.73000,124.06800,-10.42000,17.25000,121.88000,72.53000,75.32000,-9.96000
157.24000,58.68000,58.96000,34.09500,61.54000,237.24500,68.15000,220.18000,126.66500,7.92000,40.55000,169.58000,22.21000,487.26500,-9.78250
141.73000,111.04000,37.11000,25.83000,-9.78000,269.92000,42.49000,119.63000,121.25000,-11.19000,17.62000,312.55000,-7.12000,119.77000,-42.17000
99.13000,44.68500,32.56000,10.38000,15.47000,270.03000,67.75000,90.64000,90.32000,-10.21000,35.11500,125.65000,18.95000,62.58000,-32.34000
159.90500,157.73000,40.16000,34.09500,110.98000,358.46500,155.81000,128.40000,126.83000,7.92000,22.25000,158.26000,73.43500,134.03500,15.76000
194.09000,235.47000,86.40000,52.86000,120.71000,325.84000,178.55000,332.58000,145.24000,52.69000,64.27500,214.35000,226.30000,432.24500,26.82000
287.56000,343.33500,64.92000,98.07000,182.24000,301.04000,363.62000,241.52700,185.03000,33.78000,48.50000,245.16000,528.96000,305.40000,39.24500
287.56000,297.50000,66.08000,99.44000,180.23500,358.33000,356.48000,280.10500,171.26000,35.31000,48.50000,236.78500,262.06500,335.86300,93.42000
237.35000,325.87000,60.58500,75.68000,104.92000,358.46500,154.41000,228.12000,171.09000,23.19000,46.61000,217.48000,206.42000,285.93500,33.99000
228.42000,330.16000,38.56000,14.59000,-1.52000,389.10500,82.52000,123.50000,101.64000,-3.10000,23.57500,146.61000,25.20000,127.81000,33.99000
142.48000,117.93000,44.81250,27.26000,68.94000,277.01000,107.76000,163.51000,120.61000,5.08000,32.46000,117.30000,63.74000,225.96000,-13.08000
145.74300,134.12000,87.63000,30.75500,26.34000,282.94000,117.56000,343.16000,124.06800,6.29000,64.27500,182.37000,72.63000,77.92000,-5.17000
367.60000,242.74000,84.82500,165.72000,117.05000,321.86000,410.31000,328.93000,265.80000,52.63500,77.67000,236.78500,473.39000,475.19000,14.35000
228.42000,283.40500,58.96000,68.57500,136.16000,294.78000,217.01500,220.18000,165.53000,20.97000,41.13500,211.76500,186.00500,272.92000,38.33500
185.98000,216.02000,62.22500,98.07000,82.51000,314.02000,118.15000,303.04500,194.00000,29.63000,46.74000,249.12000,79.38000,397.29000,-11.41000
415.22000,703.60000,93.41000,194.28000,163.03000,440.35000,393.61500,412.23000,274.23000,68.12500,73.04000,397.37500,515.41500,502.01000,66.57000
116.82000,283.40500,113.38000,15.83000,63.93000,352.13000,106.09500,441.88000,103.65000,-26.88000,42.88000,84.63000,27.75000,632.27000,-9.78250
459.50500,773.97000,46.25500,261.87500,120.71000,344.75500,177.38000,85.27500,300.09000,67.39000,32.37000,266.62000,474.65000,68.23000,27.17000
204.21000,228.93000,51.95000,58.87000,125.90000,323.20000,185.20000,192.83500,154.95000,19.55000,35.64000,199.92000,155.91000,216.11000,17.51000
180.25500,208.77000,54.49000,43.44000,106.44000,307.17000,154.41000,207.10000,134.76000,16.01000,103.86000,247.09000,119.28000,237.54500,14.96000
201.50000,236.74000,111.19000,88.26000,31.79000,325.84000,281.93000,511.23000,177.85000,49.50000,89.51000,276.14000,222.84000,732.89000,-11.10000
120.93000,79.23000,34.00500,18.41000,49.13000,247.93000,89.29000,99.24000,106.64000,-11.19000,27.88000,134.46000,33.82000,77.92000,-13.90000
207.09000,225.17000,55.01500,52.86000,39.94000,323.20000,81.86500,212.20500,143.50000,18.40000,39.05000,203.95000,24.01000,253.68000,-17.93000
238.60000,379.06000,60.74500,92.94000,239.01500,407.30000,349.87000,170.16500,219.82000,23.66000,43.08500,221.71000,266.24000,192.15000,154.38000
180.25500,245.34500,113.42000,40.98000,96.72000,344.75500,138.88000,587.77000,131.58500,115.45000,27.88000,334.00000,104.51000,756.86000,8.72000
221.94000,264.20000,66.56000,67.46000,118.15000,344.13000,174.49500,280.10500,161.33300,18.81500,49.58000,226.85500,138.18000,329.89000,19.15000
227.84000,264.20000,82.18000,68.57500,114.99500,221.41000,363.62000,308.72000,173.27000,20.97000,61.52000,211.76500,266.82000,329.89000,17.01500
206.20000,245.34500,37.42000,58.45000,108.63000,344.32000,185.20000,106.60000,143.61500,16.14000,23.57500,194.21000,155.91000,86.13000,18.57000
110.08000,66.80500,38.56000,20.85500,48.11000,265.39000,91.15000,138.43500,98.41000,0.16000,23.57500,146.13000,34.75000,142.95000,-14.91000
175.24000,172.84500,44.81000,41.15000,93.95500,292.47000,131.63000,165.70500,130.04000,10.34000,30.15500,179.02000,108.69500,165.01000,8.37000
154.36000,144.42000,42.80000,21.35500,63.47000,289.37000,92.14000,143.79500,194.00000,0.22000,27.89000,147.49000,38.21500,156.67000,14.83000
179.36000,239.35000,51.91000,43.00000,87.72000,321.86000,150.31000,192.85500,134.25000,10.55000,29.75000,179.02000,115.96000,219.56000,3.52333
206.20000,254.04000,91.73000,225.08000,16.64000,344.75500,63.34000,365.19000,382.88000,64.86000,59.18000,334.00000,586.83000,494.60000,-32.16000
85.07000,172.84500,58.91000,-1.41000,-9.78000,294.78000,40.93500,215.57000,72.53000,22.40500,51.56000,209.04000,-0.74000,519.45000,-42.17000
303.01000,397.38000,43.10000,122.61000,45.07000,407.30000,87.74000,214.80500,229.80000,37.70000,28.86000,196.60000,325.08000,171.27500,-17.94000
264.56000,322.00500,92.35000,268.94000,64.98500,369.17000,438.64500,427.81000,277.77000,64.96000,71.55500,331.10000,334.35000,264.89000,-11.86000
98.58000,44.68500,21.21000,-6.47000,77.93000,277.01000,113.80000,81.03500,121.25000,-21.96500,6.12000,84.63000,-7.12000,60.82000,-3.32000
185.98000,225.17000,60.58500,45.10000,110.98000,174.15000,156.52000,229.71000,138.84000,15.44000,39.92000,177.73500,128.02000,306.83000,16.01000
98.89500,45.02000,37.42000,13.35000,31.79000,221.41000,74.90000,122.45000,114.03000,-3.96000,22.25000,207.64000,24.05000,122.51000,-13.97000
186.11000,219.11500,87.55000,14.59000,67.40000,315.97000,107.52000,333.75000,100.81000,50.37000,64.31000,275.94000,25.20000,176.59500,-5.17000
238.60000,325.87000,60.60000,77.58000,117.94000,394.84500,173.85000,228.12000,171.26000,23.23000,39.76000,218.65500,211.18000,285.93500,23.47000
173.53000,167.54000,40.16000,40.27000,131.60000,292.17500,135.05000,131.62000,130.04000,0.22000,26.51000,146.61000,101.29000,137.07000,32.96000
147.99000,134.12000,51.91000,47.50000,130.57000,282.94000,188.12000,192.85500,143.50000,15.44000,35.47000,199.92000,165.84000,463.54000,22.20000
102.71000,43.44000,34.02000,2.51000,128.63000,207.83000,48.19000,98.19000,98.41000,-12.64000,40.44000,315.15000,8.50500,74.42000,14.96000
190.46000,210.94000,38.18000,47.34000,128.63000,314.02000,160.95000,123.63000,143.44000,-3.96000,22.88000,178.44000,133.76000,127.81000,28.79000
138.88000,66.10000,21.21000,-3.32000,45.90500,237.26000,88.14000,81.03500,74.10000,-17.51000,6.95000,97.24000,31.64000,60.82000,-15.95000
221.97500,265.39000,58.17000,67.39000,5.57000,268.93000,44.46000,214.94000,161.88500,20.53000,40.36000,202.27000,-2.50000,231.58000,-39.30000
120.68500,66.10000,58.91000,67.46000,120.41000,237.23500,185.20000,231.72500,169.92000,20.53000,40.63500,98.31000,155.91000,297.73000,-18.77000
114.07000,57.72000,94.76000,11.94000,37.91500,237.20000,82.52000,229.71000,98.41000,80.98000,27.89000,545.92000,22.37000,398.58000,-20.71000
131.00000,93.40000,33.29000,21.59000,45.90500,304.94000,89.27500,90.16000,112.18000,-12.64000,8.95000,180.51000,33.82000,73.04000,-15.23000
152.04500,140.23000,42.49000,-3.32000,78.00000,323.20000,43.16000,458.95000,74.10000,0.22000,26.66000,146.61000,-6.47000,488.55000,16.01000
237.35000,262.09000,59.49000,461.38000,547.58000,344.38700,1491.98000,290.32000,435.95000,64.96000,41.13500,566.69000,811.22500,354.87000,283.09000
206.20000,228.93000,56.66000,65.02000,96.74000,322.86000,140.54000,213.65000,121.30000,19.58000,40.44000,203.14000,34.82000,228.80000,7.83000
95.14000,43.00000,59.09000,30.80000,36.42000,207.44500,116.82500,220.18000,143.61500,22.40500,40.36000,214.51000,72.53000,291.80000,3.20000
118.10000,43.35000,39.81500,17.11000,64.06500,206.87000,96.71000,129.76000,105.52500,-2.15000,23.77000,138.99000,26.93000,134.03500,-8.82000
116.82000,64.82000,42.80000,68.75000,135.88000,237.23500,217.16000,598.73000,168.99000,0.22000,27.14000,147.58000,196.63500,756.86000,37.81000
417.42500,727.70000,88.17500,210.08000,95.36000,562.72000,179.65500,348.79000,274.78500,56.14000,40.36000,330.31000,350.12000,74.42000,7.83000
142.48000,117.93000,45.91000,27.26000,66.91000,260.47000,107.52000,170.16500,121.94000,5.08000,32.15000,159.33500,63.74000,231.58000,4.67000
232.33000,283.40500,59.64000,68.75000,136.16000,353.60000,223.95000,221.18000,247.08000,22.63500,40.99500,214.51000,202.47000,54.68000,38.63000
475.97000,315.30000,111.19000,298.37000,5.57000,367.66000,54.66000,430.19000,371.85000,84.41000,89.51000,182.37000,734.17000,522.55000,-39.30000
96.45000,43.44000,58.17000,6.30000,16.64000,207.44500,59.40000,214.94000,91.96500,20.53000,26.66000,203.95500,17.02000,306.31000,-31.72000
367.88000,328.19000,67.11000,122.61000,55.50000,295.61000,92.14000,282.88000,229.80000,36.32000,51.54000,247.27000,37.93500,169.02000,-11.86000
329.26000,468.06000,94.63000,123.37000,18.29000,423.60000,64.09000,388.86500,230.78000,67.39000,58.21000,145.44000,18.29500,493.00000,-25.37500
110.08000,50.53000,38.18000,14.59000,16.64000,230.52000,59.40000,128.40000,123.73000,-3.40000,6.95000,166.01000,17.02000,132.12500,-31.89000
297.73500,372.95000,71.97500,122.61000,175.15000,397.98000,355.98000,294.61000,230.50000,43.09000,30.70000,258.53000,302.13000,356.55500,90.08000
346.56000,495.26000,74.27000,138.84000,180.41000,422.60500,410.31000,296.68000,240.65000,44.33000,53.41000,211.76500,395.85000,502.01000,89.30000
205.97000,239.35000,56.64000,65.02000,117.53000,344.38700,154.41000,213.65000,154.95000,19.58000,39.88000,203.14000,119.28000,952.69000,18.57000
341.71500,468.06000,77.49000,136.75000,118.15000,422.60500,177.38000,296.68000,247.08000,44.24000,38.34500,203.95000,150.94000,388.02500,23.14670
302.39000,330.16000,68.93000,120.57500,180.41000,385.43000,361.17000,285.12000,219.82000,38.86000,51.78500,218.65500,302.13000,348.30000,111.72000
142.57500,178.13000,45.72000,27.57000,56.05670,294.78000,95.29000,121.44000,122.88000,5.33000,32.15000,159.33500,65.18000,120.47500,8.72000
303.01000,415.33000,50.04000,41.15000,88.42000,419.72000,129.71000,184.81000,137.01000,9.80500,34.61000,199.92000,94.55000,199.81000,19.68000
238.60000,305.64000,170.02000,78.21000,145.28000,324.28000,255.42500,808.73000,143.50000,23.23000,103.86000,218.65500,211.22500,1494.58000,46.92500
121.04000,80.62000,49.29000,35.76000,52.59000,247.93000,89.29000,183.20000,128.25000,9.57000,23.60000,190.91000,33.82000,199.39000,-18.77000
107.21000,49.14000,34.02000,2.33000,-1.52000,221.41000,42.49000,99.24000,114.39000,-12.35000,18.25000,121.07000,10.47500,705.28000,23.14670
251.91000,315.30000,61.27000,82.04000,73.80000,367.26000,113.15000,240.66000,173.27000,24.86000,23.60000,226.48000,213.63000,415.49000,17.01500
180.25500,206.66500,52.80000,43.44000,106.44000,306.46000,154.41000,201.27000,134.76000,11.58000,33.97000,138.48000,119.28000,228.80000,14.96000
95.14000,44.68500,34.00500,6.88000,111.30000,213.02000,177.38000,85.27500,114.14000,-10.98000,40.63500,145.44000,27.75000,73.04000,16.27500
190.46000,219.11500,87.55000,48.36500,133.52000,311.68000,185.29000,333.75000,143.49000,52.63500,64.31000,270.89000,138.18000,429.65000,35.93500
147.99000,73.30000,49.18000,33.80000,87.08000,324.28000,119.88000,183.20000,198.64000,7.87000,33.97000,168.69000,72.84500,199.39000,-11.86000
227.84000,223.43500,87.63000,68.57500,130.57000,315.97000,223.95000,333.75000,165.53000,56.14000,64.51500,326.74000,186.00500,438.67000,9.10000
108.51000,50.53000,37.31000,14.87000,52.50000,230.52000,84.82000,116.09000,103.73000,-3.14000,21.05000,137.58500,27.35500,119.77000,-13.90000
287.42000,336.68000,63.49000,102.33000,108.63000,288.28000,374.89700,270.75000,219.82000,31.01000,48.21000,240.12000,263.93000,290.03000,14.96000
160.80000,167.54000,54.82000,6.88000,118.15000,292.17500,177.38000,280.40000,97.12000,22.40500,40.36000,214.35000,17.02000,306.31000,23.14670
211.61500,353.59000,58.17000,66.59000,162.96000,393.58000,197.21000,214.94000,161.33300,20.53000,38.34500,207.64000,164.25500,255.01000,64.94500
120.93000,80.58000,34.02000,18.99330,34.92000,301.04000,68.92000,98.19000,107.60000,-10.98000,40.55000,128.20000,34.82000,231.58000,-24.27000
145.74300,136.29000,40.16000,24.72000,61.54000,293.11000,99.24000,204.57000,108.44300,-3.40000,26.51000,138.69000,52.32000,165.01000,-10.97000
179.73000,204.05500,51.73000,43.00000,59.00000,306.32000,97.15000,134.63500,134.76000,10.55000,35.20000,196.32000,117.91000,141.94000,-10.97000
185.98000,216.02000,68.75500,45.10000,92.70000,314.22000,138.64500,283.73000,138.84000,37.71500,51.78500,250.08000,103.67000,329.89000,8.33000
370.82000,626.86000,83.18000,225.08000,400.16500,447.66000,745.88000,316.36000,277.77000,50.37000,61.15000,276.14000,586.56000,429.65000,283.09000
273.33000,328.19000,55.58000,52.86000,193.94000,375.43000,368.92000,210.95000,143.61500,19.20000,39.55000,196.21500,302.13000,249.16500,110.50000
145.19000,132.95000,49.18000,17.29000,48.03000,237.75000,89.29000,184.81000,106.64000,-2.20000,34.61000,137.45000,32.15000,199.81000,-17.93000
190.16000,223.43500,51.73000,45.52000,96.74000,315.97000,140.54000,192.44000,140.62000,14.60000,35.15000,186.99700,133.76000,226.84000,9.40000
178.04500,192.14000,51.91000,42.21000,103.54000,301.04000,151.92000,192.85500,133.25000,10.51000,35.53000,179.02000,112.56500,633.88000,13.91000
178.03000,192.14000,50.04000,43.91000,145.28000,306.46000,154.55500,186.83500,134.71000,9.80500,34.61000,173.75000,121.64000,206.02000,18.57000
287.42000,337.57000,67.11000,99.48000,39.84000,389.10500,438.39500,282.88000,221.83000,36.32000,43.33000,248.03000,465.90000,335.86300,-11.86000
90.16000,45.02000,36.22500,1.07500,134.13000,219.62000,196.17000,124.05000,96.63000,-10.42000,17.82000,122.58000,11.31000,153.05000,36.46000
190.16000,223.43500,55.75000,45.52000,117.53000,315.97000,164.13000,210.95000,130.39000,23.19000,39.61000,218.55000,133.76000,249.16500,19.15000
85.07000,97.88000,38.18000,14.77000,48.03000,265.39000,89.29000,123.63000,105.71000,-3.40000,22.25000,136.01000,33.82000,192.64000,-9.28000
140.18000,107.47000,39.90000,25.08000,64.06500,268.22000,105.74000,131.62000,114.14000,3.66000,31.01000,153.08500,58.51500,137.07000,-7.31000
145.74300,140.23000,36.22500,12.98000,5.76000,293.11000,48.19000,129.76000,98.41000,-10.42000,18.25000,164.98000,22.37000,88.38500,-11.10000
120.53000,208.77000,84.41000,17.11000,45.90500,306.32000,88.14000,325.21000,143.44000,19.20000,59.18000,196.21500,31.64000,331.75300,-16.97500
417.42500,726.39500,91.73000,214.25000,104.92000,306.32000,150.31000,359.07000,274.86000,64.86000,29.75000,331.10000,117.03000,461.06000,15.76000
303.01000,397.38000,100.06000,122.47000,87.72000,407.30000,125.49700,412.78000,221.83000,80.98000,73.31000,464.50000,243.95000,502.01000,3.52333
346.56000,467.69000,77.49000,136.75000,87.75670,419.72000,125.86000,90.64000,189.04000,44.24000,43.08500,254.84000,101.29000,73.04000,4.67000
108.51000,50.53000,36.73000,14.77000,87.08000,230.52000,78.44000,110.04000,100.81000,-9.71000,18.64000,125.65000,25.36500,88.38500,1.62000
142.57500,131.65000,49.29000,33.80000,88.42000,265.39000,152.79000,180.71000,76.84500,8.83000,34.09000,172.62000,117.91000,192.15000,7.51000
205.19000,239.35000,38.18000,11.16000,89.15000,275.77500,117.56000,123.63000,98.41000,-3.96000,22.88000,136.01000,27.75000,177.31000,7.81000
107.21000,97.58500,38.56000,14.87000,37.73500,263.46000,82.52000,90.16000,103.73000,-3.14000,23.57500,137.58500,27.35500,72.40000,-15.51000
167.30000,176.53000,63.49000,37.98000,88.42000,293.11000,129.71000,268.28000,129.09000,30.81000,48.21000,240.12000,89.73000,319.03000,7.51000
185.98000,192.21000,52.80500,45.10000,110.98000,295.85000,155.81000,200.14500,138.84000,15.49000,37.82000,179.02000,127.07000,229.32000,16.01000
257.29000,310.85000,56.64000,82.27000,152.94500,366.74000,259.08500,212.20500,176.95000,19.55000,39.88000,198.81000,213.63000,253.68000,-11.41000
102.71000,49.14000,42.82000,21.59000,55.50000,224.60000,97.15000,139.41000,112.18000,2.38000,27.89000,147.58000,47.25000,153.05000,-11.86000
185.32000,209.61000,84.41000,45.10000,164.92000,311.04000,330.49500,359.07000,138.84000,45.19000,63.08000,270.89000,226.55000,494.60000,84.79000
415.22000,702.34000,88.17500,214.25000,39.88000,284.87000,84.93000,353.49000,105.53000,56.84000,65.18000,330.31000,27.85000,475.19000,-18.77000
200.18000,231.14500,63.03500,30.80000,84.04000,393.58000,116.82500,265.31000,124.82500,30.81000,48.50000,226.85500,72.53000,487.26500,27.17000
90.34000,39.31000,87.55000,216.78000,82.51000,237.20000,745.88000,348.79000,126.45000,52.69000,72.57000,316.16500,586.56000,519.45000,-1.16000
227.84000,264.20000,71.97500,68.75000,31.18500,344.75500,68.92000,260.65000,136.48000,20.97000,52.32000,211.76500,18.95000,308.25000,-28.04000
111.73000,57.35000,37.42000,12.98000,63.47000,256.93000,102.68000,122.45000,100.11000,-3.96000,22.88000,125.73000,24.01000,142.95000,-9.28000
145.19000,132.95000,44.81000,29.35500,92.70000,277.01000,116.82500,159.98000,123.90000,-4.58500,30.15500,134.46000,67.43000,164.25000,8.33000
305.62000,481.33000,62.06000,112.06000,164.92000,423.60000,328.22000,270.75000,219.62000,29.41000,46.59330,233.92000,211.18000,306.83000,84.79000
116.75000,42.69500,145.96000,18.41000,111.30000,198.76000,156.52000,764.73000,112.18000,-1.15000,150.11000,146.13000,302.13000,931.63000,16.27500
349.62000,481.33000,82.32000,139.45500,239.98500,423.60000,421.22000,308.72000,230.50000,48.43000,61.15000,248.50000,413.27500,398.58000,27.53000
353.41000,522.10500,79.87000,139.52000,125.90000,322.86000,185.20000,302.02000,248.95000,45.19000,59.18000,272.13000,420.43300,394.71000,27.53000
416.12000,703.60000,88.17500,205.31000,136.16000,519.04000,213.09000,212.20500,124.82000,56.84000,65.80000,331.10000,186.00500,253.68000,38.33500
202.16000,237.75000,55.01500,52.86000,48.03000,328.62000,438.39500,204.57000,143.50000,18.40000,39.61000,196.32000,420.43300,248.73000,-16.05000
