300.42000,379.06000,68.75500,112.44000,214.90000,389.10500,374.89700,283.73000,219.62000,37.71500,51.54000,247.27000,323.88000,354.87000,142.23000
178.32000,157.73000,62.06000,-3.32000,39.94000,394.84500,40.93500,248.96000,68.65000,29.41000,46.61000,233.92000,-7.12000,306.83000,-17.93000
194.09000,236.74000,52.70500,47.50000,134.13000,383.30000,81.86500,200.14500,143.49000,15.49000,36.98000,122.58000,135.04000,229.32000,35.93500
206.20000,22.92000,101.54000,273.60000,39.88000,275.77500,84.93000,417.19000,382.88000,81.11000,73.31000,226.85500,719.55500,516.22000,-20.71000
186.11000,218.77000,87.55000,45.10000,132.27000,292.47000,195.02000,290.32000,138.84000,13.68000,64.51500,185.61500,165.84000,354.87000,29.37000
85.07000,29.69000,31.04000,-1.41000,59.00000,181.80000,43.16000,85.27500,189.04000,-16.02000,8.95000,97.24000,-0.74000,68.23000,-11.10000
179.36000,239.35000,51.91000,43.00000,102.08000,320.78000,154.41000,192.85500,137.01000,10.55000,34.53000,185.13000,117.91000,215.63000,14.06000
131.77000,93.40000,63.03500,34.11500,117.53000,237.24500,164.97000,260.65000,129.96000,9.80500,39.55000,173.75000,101.29000,308.25000,-2.55000
147.99000,138.58000,49.36000,30.75500,45.90500,284.87000,89.27500,179.62000,123.90000,5.76000,23.93500,160.35000,4.81000,192.64000,-17.94000
237.35000,281.20000,53.38000,75.68000,87.72000,349.87000,125.86000,241.52700,171.09000,19.20000,77.67000,196.60000,82.25000,305.40000,3.52333
355.75500,593.21000,36.27000,139.45500,103.13000,447.66000,159.82000,107.66500,247.08000,68.12500,18.25000,397.37500,46.87000,88.38500,13.88000
1096.55000,1011.84000,170.02000,1526.64000,547.58000,705.84000,1491.98000,808.73000,435.95000,250.71000,103.86000,623.13000,811.22500,306.31000,283.09000
131.77000,93.40000,52.57000,33.57000,84.04000,263.46000,118.73000,211.91000,124.82500,9.80500,36.03000,125.73000,73.43500,229.32000,-4.27000
352.62700,495.26000,79.87000,152.38500,20.62000,398.12000,64.09000,290.32000,185.03000,8.90500,59.18000,172.05500,469.11000,354.87000,-18.34000
120.93000,257.57000,40.09000,15.83000,39.88000,344.38700,84.93000,131.62000,103.65000,-2.20000,23.60000,146.61000,27.85000,291.80000,-18.34000
190.16000,144.42000,57.30000,48.36500,135.88000,289.37000,217.16000,215.57000,143.49000,19.20000,40.06000,186.99700,138.18000,264.89000,38.33500
175.30000,107.47000,51.52500,40.98000,37.91500,263.49000,86.95000,192.83500,131.58500,10.34000,35.20000,180.51000,104.51000,216.11000,-32.34000
120.93000,79.23000,71.43000,17.29000,61.53000,237.23500,98.66000,290.32000,103.73000,-1.82500,34.07500,226.48000,49.59000,354.87000,-9.96000
114.07000,57.72000,38.46500,14.87000,37.91500,236.43000,82.52000,123.63000,103.73000,-3.14000,23.37000,137.45000,27.35500,754.15000,-18.77000
322.07500,441.04000,63.03500,89.80000,145.28000,423.22500,289.67500,259.01000,184.81000,29.41000,47.85000,233.92000,226.30000,335.86300,46.92500
232.33000,29.69000,67.22000,75.11000,145.28000,181.80000,241.06000,283.15000,173.27000,36.10500,51.54000,247.27000,207.02000,354.00000,46.92500
182.21000,209.61000,52.80000,58.87000,123.14000,311.04000,184.99500,202.96000,127.71000,19.20000,27.44000,196.60000,154.38000,253.68000,27.53000
416.59000,718.84000,91.39000,210.08000,162.96000,313.56500,290.77000,359.07000,277.77000,64.71000,65.88000,332.70000,222.84000,705.28000,54.59000
168.25000,219.11500,88.76000,35.86000,87.75670,315.97000,130.05000,290.32000,128.83000,49.50000,65.18000,274.66000,90.74500,354.87000,27.17000
353.41000,522.10500,79.87000,139.52000,180.41000,447.66000,361.17000,303.04500,248.06000,45.19000,59.18000,259.59000,420.43300,395.55000,-6.24000
116.75000,57.72000,37.11000,6.88000,63.93000,252.09000,103.52000,119.63000,105.53000,-10.42000,35.20000,125.71500,18.82000,272.92000,-7.31000
261.35000,321.40000,62.22500,88.26000,154.40000,369.03000,287.56000,254.84500,177.85000,29.63000,46.74000,235.80500,222.84000,354.86000,62.53000
301.64000,379.06000,68.75500,112.44000,175.15000,397.98000,355.98000,285.12000,221.82000,37.71500,51.66000,250.08000,262.06500,354.86000,90.08000
173.11000,178.13000,21.21000,38.50000,55.50000,294.78000,130.08000,290.32000,129.96000,9.80500,6.12000,171.09000,93.96000,354.87000,-11.70000
132.62000,38.37000,45.37000,24.36000,61.54000,221.56000,98.66000,167.01000,114.39000,3.12000,30.70000,152.29000,52.32000,176.59500,-9.78250
185.98000,237.75000,52.70500,45.10000,103.13000,331.06000,150.37000,84.63000,138.84000,13.72000,37.20000,185.13000,128.02000,74.42000,13.91000
236.78000,288.80000,61.77000,74.52000,37.91500,357.29500,82.52000,248.46500,105.53000,22.63500,40.55000,216.32500,26.93000,305.90000,-21.17000
140.18000,107.47000,42.49000,30.80000,68.94000,268.53000,107.76000,84.63000,124.06800,6.98000,27.89000,166.01000,72.63000,66.39250,-2.55000
200.18000,214.05000,58.17000,66.59000,120.71000,340.21000,184.99500,214.94000,161.33300,20.53000,40.44000,128.20000,164.25500,264.89000,26.82000
152.04500,140.23000,47.43000,33.80000,118.63000,289.37000,130.08000,283.15000,124.82000,7.87000,32.75000,168.69000,65.49000,354.00000,36.53000
145.51000,133.40000,51.91000,30.54000,112.10000,306.46000,154.41000,202.96000,123.90000,5.76000,37.67000,160.35000,119.28000,232.35500,17.51000
180.25500,208.77000,51.26500,43.44000,31.18500,307.17000,68.92000,179.62000,134.76000,9.98000,35.11500,174.54500,119.28000,259.13000,-28.50000
190.46000,216.02000,52.80000,47.34000,-9.78000,314.22000,43.16000,201.27000,143.44000,15.49000,37.25000,191.08000,133.76000,230.99000,-42.17000
190.46000,236.74000,53.38000,47.34000,117.53000,327.97000,164.97000,202.96000,143.44000,16.01000,36.22000,190.91000,133.93000,228.80000,6.08000
221.97500,265.39000,58.91000,67.46000,133.52000,352.13000,197.21000,295.43000,163.58500,20.78000,40.06000,203.95500,185.11000,356.55500,33.99000
178.04500,192.21000,50.04000,41.15000,136.16000,295.85000,135.05000,192.83500,138.84000,9.80500,34.61000,173.75000,104.51000,216.11000,16.01000
287.42000,343.33500,82.32000,66.59000,48.03000,366.74000,82.52000,308.72000,161.33300,20.14000,78.95000,203.95500,22.37000,408.70000,-15.51000
353.41000,522.10500,113.42000,139.52000,239.98500,427.44000,420.01000,511.23000,248.06000,115.45000,100.06000,566.69000,400.76000,705.28000,84.79000
205.19000,197.32200,59.64000,58.87000,103.54000,301.98000,151.92000,227.48000,149.68000,19.55000,39.92000,199.92000,153.92000,285.93500,15.76000
270.77000,328.19000,53.38000,88.26000,164.92000,247.17000,335.95500,84.23000,177.89000,27.03000,37.67000,228.93000,249.86000,72.40000,27.17000
128.55000,91.92000,47.12000,30.80000,219.04000,258.09000,118.73000,73.19000,123.54000,6.98000,31.49000,172.05500,72.84500,60.37000,142.23000
141.73000,111.04000,44.81250,25.09000,73.80000,269.92000,106.32500,159.98000,120.96500,3.66000,30.36000,153.08500,58.51500,164.25000,-3.74000
178.32000,197.32200,88.17500,42.22000,95.36000,299.92000,138.64500,348.79000,132.20000,-4.58500,65.88000,133.86000,117.03000,475.19000,8.33000
297.73500,467.69000,47.43000,30.80000,103.54000,423.60000,151.92000,178.19000,124.44000,6.98000,29.02000,166.01000,72.63000,225.96000,14.35000
204.79000,237.75000,66.08000,58.76000,123.14000,325.67000,184.99500,280.10500,147.62500,19.49000,51.54000,211.76500,154.38000,340.21000,27.53000
131.00000,91.92000,42.74000,21.59000,55.50000,263.46000,96.71000,178.19000,112.18000,0.09000,28.86000,138.69000,45.17000,192.15000,-11.86000
98.89500,45.02000,39.90000,8.32500,15.16000,284.87000,63.34000,131.62000,96.63000,-2.15000,23.77000,142.60000,18.29500,137.07000,6.08000
141.73000,112.56000,82.32000,82.27000,144.86500,270.03000,225.43000,308.72000,177.85000,50.39000,61.15000,211.90000,203.79000,408.70000,17.01500
98.89500,45.02000,36.22500,6.88000,87.75670,268.93000,177.38000,106.60000,127.71000,-10.42000,17.62000,121.88000,146.81000,86.13000,4.67000
265.01000,328.60000,62.06000,89.40000,154.40000,387.07000,287.56000,240.66000,183.88500,29.41000,46.61000,252.78000,223.49000,300.56000,60.66500
178.04500,192.21000,20.18500,42.21000,64.98500,282.94000,289.67500,484.23000,132.75000,6.29000,43.33000,171.99000,112.56500,681.84500,-6.24000
206.20000,242.74000,55.75000,65.02000,47.38000,340.21000,89.29000,211.91000,154.54000,19.58000,39.76000,203.14000,33.82000,237.54500,-21.17000
140.18000,107.47000,45.37000,27.07000,80.11000,268.22000,117.56000,165.70500,121.94000,2.83000,32.10000,186.99700,73.43500,169.02000,-1.47500
349.62000,481.33000,60.88000,136.03500,134.13000,423.60000,197.21000,234.72000,168.99000,26.86000,43.33000,226.85500,238.78000,300.56000,35.44500
287.79500,351.98500,65.35000,99.44000,143.49000,394.84500,349.87000,278.40000,196.49000,35.31000,39.88000,247.09000,261.30000,269.71000,38.63000
152.74000,140.68000,94.76000,41.15000,100.34000,289.36000,225.43000,412.78000,132.20000,15.44000,73.29000,185.02000,89.73000,502.01000,-32.34000
367.88000,621.10500,91.73000,165.72000,88.42000,389.10500,63.34000,587.77000,265.80000,64.96000,65.88000,334.00000,473.39000,760.48000,7.81000
287.56000,327.51000,56.64000,99.44000,67.40000,375.43000,349.87000,212.20500,188.03000,19.55000,39.88000,199.92000,261.30000,637.58000,-4.27000
353.41000,522.12000,84.41000,139.52000,219.04000,311.68000,384.86000,320.07000,248.45000,48.43000,63.35000,274.66000,420.43300,415.49000,142.23000
87.50000,29.69000,42.80000,-1.03000,31.79000,181.80000,73.22000,142.98000,122.88000,0.22000,27.14000,145.44000,10.47500,142.95000,-27.78000
121.04000,80.62000,126.34000,18.99330,80.11000,255.30000,89.27500,613.57000,107.60000,9.57000,115.16000,172.62000,33.82000,760.48000,-1.47500
287.79500,351.98500,82.32000,34.96000,88.28000,394.84500,126.89000,308.72000,217.41000,49.50000,60.56000,274.66000,84.58000,760.48000,7.48500
84.59000,22.92000,21.21000,-1.41000,15.47000,174.15000,44.46000,81.03500,72.53000,-16.02000,100.58000,122.58000,-0.74000,74.42000,-32.16000
111.73000,57.98000,38.46500,14.87000,64.06500,236.43000,83.08000,124.05000,99.24000,-3.14000,23.37000,137.58500,27.35500,156.67000,-7.27000
84.59000,44.68500,23.74000,-1.03000,20.62000,184.46000,48.19000,290.32000,74.10000,-17.51000,28.86000,98.31000,4.81000,354.87000,89.30000
204.79000,718.84000,57.98000,67.39000,130.57000,196.38500,188.12000,128.40000,162.06000,19.68000,40.06000,203.95000,162.91000,429.19000,33.99000
305.62000,409.37000,84.27000,122.61000,34.92000,315.97000,154.55500,320.07000,229.80000,50.39500,62.19000,236.78500,323.88000,481.81000,-24.03000
367.88000,264.20000,63.49000,78.21000,95.36000,344.38700,138.64500,302.02000,173.27000,23.23000,34.21000,218.65500,211.22500,394.71000,13.07000
300.42000,377.81000,67.22000,112.44000,239.98500,420.82000,420.01000,290.32000,219.62000,36.40000,51.54000,248.50000,400.76000,354.87000,6.08000
459.50500,225.17000,53.38000,271.80000,164.53000,304.94000,954.35000,204.57000,308.29000,80.98000,37.82000,168.69000,700.54000,253.68000,72.06000
191.94500,228.93000,49.18000,67.39000,74.36000,327.97000,48.19000,180.71000,162.06000,30.81000,22.88000,240.12000,-7.12000,193.41000,-2.55000
474.04000,718.84000,98.09000,273.60000,547.58000,306.46000,909.63000,412.23000,229.80000,82.28000,30.64000,515.27000,719.55500,500.60000,283.09000
353.41000,522.10500,111.19000,139.52000,154.40000,427.44000,421.22000,430.19000,248.45000,82.28000,125.95000,517.66000,413.27500,531.07000,68.99000
101.32000,43.35000,76.29000,135.69700,221.87000,206.87000,400.41500,296.68000,219.62000,43.92000,52.17000,259.59000,342.08000,408.70000,142.23000
175.24000,188.62000,51.26500,41.15000,120.71000,295.85000,138.88000,186.96500,131.58500,9.98000,39.55000,171.09000,104.51000,267.58000,26.82000
459.50500,773.97000,93.41000,225.08000,5.76000,355.73000,47.41000,186.96500,273.60500,68.12500,72.57000,397.37500,586.83000,75.32000,-14.91000
415.22000,702.34000,88.17500,194.28000,84.04000,230.54000,595.49000,302.16000,274.23000,56.14000,70.20000,276.14000,515.41500,380.53000,1.62000
206.20000,233.77000,49.29000,21.59000,58.06000,352.13000,97.15000,180.71000,112.18000,8.90500,34.07500,171.99000,47.25000,291.80000,-32.16000
140.18000,107.47000,44.81250,24.72000,63.47000,270.03000,102.68000,167.01000,107.60000,5.02000,30.36000,156.33000,52.91500,300.56000,-9.24000
297.73500,172.84500,72.43000,102.33000,36.42000,304.94000,141.91000,303.04500,221.82000,36.10500,60.56000,247.09000,263.93000,461.06000,-7.31000
182.21000,209.61000,42.82000,43.91000,117.53000,311.04000,179.65500,143.79500,119.30000,12.95000,27.88000,171.99000,138.18000,149.46500,15.76000
188.03000,136.29000,61.40000,82.27000,154.40000,311.68000,287.56000,241.52700,176.95000,26.70000,44.87000,226.85500,214.19500,305.40000,62.53000
122.09000,91.92000,88.76000,11.16000,22.55000,258.09000,68.15000,353.49000,85.81000,-12.35000,65.18000,121.26000,22.21000,475.19000,-28.04000
276.24000,330.16000,118.79000,96.88750,55.41000,387.07000,174.49500,484.23000,188.03000,21.99000,100.58000,211.90000,153.92000,756.86000,-9.96000
140.18000,107.92000,38.46500,25.08000,52.59000,268.93000,91.23670,124.05000,120.61000,3.64000,23.37000,169.58000,34.75000,131.21000,-1.88000
287.56000,309.11000,44.67500,24.72000,63.43000,366.40000,102.68000,159.98000,128.25000,3.64000,32.75000,152.37000,52.91500,492.12000,-9.24000
107.21000,45.61000,100.06000,273.60000,48.11000,221.41000,909.63000,404.66000,124.82500,81.11000,77.67000,515.27000,719.55500,171.27500,-14.91000
141.73000,111.04000,38.18000,25.83000,15.47000,269.92000,47.41000,170.16500,121.25000,5.02000,22.88000,159.27500,65.49000,177.31000,-32.34000
202.16000,235.47000,56.21000,58.45000,114.99500,324.28000,174.49500,227.48000,163.58500,19.49000,39.76000,194.85000,203.79000,285.93500,14.83000
206.20000,245.34500,51.73000,65.02000,255.71000,281.64000,384.86000,192.83500,121.25000,10.40330,36.03000,179.02000,266.24000,54.68000,-28.50000
95.14000,45.61000,44.81250,4.05000,36.42000,219.62000,54.05000,159.98000,127.71000,-3.84250,30.36000,134.46000,16.65000,297.73000,-24.27000
175.50000,167.54000,51.73000,41.15000,55.26000,315.97000,92.14000,196.41000,136.48000,10.34000,34.86000,177.73500,108.69500,192.15000,-12.60500
175.30000,191.05000,53.38000,40.98000,15.16000,300.90000,49.90000,295.43000,131.58500,9.80500,37.82000,174.43000,104.51000,356.55500,-31.72000
474.04000,855.26000,100.06000,273.60000,145.28000,307.17000,242.73000,354.45500,314.21000,81.11000,78.77000,515.27000,719.55500,482.12000,8.89000
265.87000,289.09500,61.27000,82.27000,145.28000,358.03000,248.69000,240.66000,176.95000,24.86000,44.48000,226.48000,211.18000,300.56000,46.92500
260.95000,315.30000,50.09670,83.56000,232.46000,367.26000,410.31000,128.40000,177.50000,9.98000,34.86000,177.73500,371.54500,132.12500,142.23000
297.73500,379.06000,68.37000,112.06000,221.87000,447.66000,368.53000,283.73000,219.62000,37.70000,73.04000,249.12000,266.82000,335.86300,142.23000
282.80500,136.29000,66.08000,98.07000,125.20000,284.66300,242.73000,283.15000,221.82000,31.01000,48.94000,239.29000,238.78000,348.30000,27.83000
173.53000,30.67000,46.62000,34.09500,38.11000,182.12000,83.08000,172.62000,126.83000,6.99000,32.46000,172.05500,27.35500,175.75000,-18.77000
87.93000,29.02000,33.29000,2.33000,-1.52000,255.30000,42.49000,105.78000,103.73000,-12.35000,13.33000,121.26000,12.07000,81.11000,-32.34000
7.95000,1.95000,37.35000,11.94000,22.55000,150.86000,67.75000,110.04000,98.41000,-4.58500,22.05000,179.02000,22.21000,88.38500,-32.34000
95.14000,43.00000,61.77000,12.98000,96.74000,199.14000,138.88000,241.52700,98.60500,26.86000,34.07500,185.13000,22.37000,305.40000,3.20000
120.53000,64.82000,34.00500,17.29000,106.44000,237.23500,183.43000,96.73000,105.52500,-10.98000,23.93500,122.58000,153.92000,77.23000,13.91000
102.71000,49.14000,38.18000,14.59000,36.30000,224.60000,76.26000,123.63000,100.81000,-3.74000,22.75500,136.01000,25.20000,130.23000,-24.27000
142.48000,117.93000,45.72000,27.26000,60.50000,274.38000,106.32500,211.91000,126.45000,5.57667,30.64000,159.33500,63.74000,256.24000,-15.95000
131.77000,93.40000,82.18000,22.58500,20.62000,267.28500,64.09000,365.19000,112.70000,51.45500,60.56000,180.82500,47.25000,505.67000,-31.89000
119.56000,66.80500,36.27000,16.26000,39.88000,237.26000,84.93000,154.14000,105.53000,-10.21000,18.25000,125.65000,30.04000,155.41000,-18.34000
152.04500,140.23000,54.82000,45.35500,114.99500,314.02000,160.05000,180.71000,126.45000,16.14000,49.94000,138.99000,132.32000,193.41000,17.01500
101.32000,49.14000,38.18000,12.98000,37.73500,224.60000,68.15000,123.63000,98.60500,-3.10000,22.88000,138.48000,22.21000,127.81000,-19.68000
112.30000,57.35000,38.18000,15.83000,180.41000,230.52000,335.95500,124.05000,104.86000,-1.82500,22.75500,164.98000,238.78000,131.21000,39.24500
456.53300,765.87000,34.50000,268.94000,128.63000,562.72000,954.35000,96.73000,300.09000,72.70000,17.62000,387.00000,734.17000,75.32000,28.79000
121.04000,80.62000,39.81500,17.11000,112.10000,387.07000,86.95000,134.63500,105.53000,-2.15000,23.77000,138.99000,31.64000,141.94000,19.15000
276.24000,330.16000,36.73000,43.00000,232.46000,394.84500,421.22000,128.40000,134.76000,10.55000,17.25000,184.16000,263.93000,132.12500,142.19000
175.30000,57.98000,34.00500,24.12500,80.11000,237.23500,107.76000,98.19000,136.48000,2.83000,16.28000,151.91500,49.59000,60.03000,-1.47500
297.73500,372.95000,120.01000,205.31000,134.13000,397.98000,217.01500,511.23000,274.78500,56.14000,22.43500,185.02000,196.63500,732.89000,35.93500
120.68500,80.62000,2.61000,-10.38000,111.30000,247.17000,156.52000,61.28330,103.65000,-34.01000,5.01000,172.62000,112.56500,37.25000,27.17000
175.30000,107.92000,51.91000,40.98000,96.72000,268.93000,140.54000,192.85500,131.58500,10.51000,35.53000,177.40000,104.51000,219.56000,9.10000
132.62000,91.92000,44.67500,23.14000,63.93000,258.09000,103.52000,159.98000,114.14000,3.64000,28.86000,152.29000,46.87000,164.25000,-1.47500
144.12000,132.78000,32.56000,-1.52000,107.84000,275.77500,40.93500,90.16000,72.21000,-17.51000,17.25000,97.24000,-10.42000,72.40000,14.96000
141.70500,111.04000,49.29000,25.83000,82.51000,269.92000,106.32500,179.62000,121.25000,8.83000,34.07500,171.09000,63.08000,153.05000,-1.16000
118.10000,64.82000,45.72000,15.83000,80.11000,237.24500,118.73000,170.16500,104.69000,2.72000,32.10000,203.14000,28.99000,186.30000,-1.16000
273.33000,328.60000,65.35000,99.44000,56.05670,397.98000,349.87000,278.40000,264.94000,35.31000,34.86000,245.15000,261.30000,340.21000,-13.87000
231.65000,278.96000,60.74500,68.80500,87.75670,301.98000,125.49700,229.71000,169.50000,22.20000,43.08500,217.48000,214.19500,290.03000,4.67000
140.18000,107.47000,44.67500,25.08000,66.91000,268.53000,106.32500,165.70500,132.75000,3.64000,30.36000,151.42000,63.08000,264.89000,-0.92000
