276.24000,330.16000,63.03500,98.07000,180.23500,387.07000,363.62000,158.50000,170.09000,33.78000,40.99500,245.16000,266.82000,156.67000,93.42000
140.18000,107.47000,45.37000,27.07000,80.11000,268.22000,117.56000,165.70500,121.94000,2.83000,32.10000,186.99700,73.43500,169.02000,-1.47500
120.53000,64.82000,34.00500,17.29000,106.44000,237.23500,183.43000,96.73000,105.52500,-10.98000,23.93500,122.58000,153.92000,77.23000,13.91000
142.57500,140.23000,44.07000,27.57000,34.92000,335.99500,67.75000,134.63500,122.88000,5.33000,52.17000,158.90000,65.18000,141.94000,-24.34000
227.84000,223.43500,87.63000,68.57500,130.57000,315.97000,223.95000,333.75000,165.53000,56.14000,64.51500,326.74000,186.00500,438.67000,9.10000
238.60000,379.06000,60.74500,92.94000,239.01500,407.30000,349.87000,170.16500,219.82000,23.66000,43.08500,221.71000,266.24000,192.15000,154.38000
303.01000,397.38000,43.10000,122.61000,45.07000,407.30000,87.74000,214.80500,229.80000,37.70000,28.86000,196.60000,325.08000,171.27500,-17.94000
118.10000,43.35000,39.81500,17.11000,64.06500,206.87000,96.71000,129.76000,105.52500,-2.15000,23.77000,138.99000,26.93000,134.03500,-8.82000
349.62000,176.53000,113.42000,461.38000,547.58000,293.11000,1491.98000,165.70500,382.88000,115.45000,39.92000,566.69000,811.22500,156.67000,283.09000
141.70500,111.04000,49.18000,25.83000,63.93000,265.39000,105.74000,124.05000,121.30000,9.80500,34.09000,174.54500,45.17000,142.95000,-15.51000
474.04000,718.84000,98.09000,273.60000,547.58000,306.46000,909.63000,412.23000,229.80000,82.28000,30.64000,515.27000,719.55500,500.60000,283.09000
167.30000,176.53000,63.49000,37.98000,88.42000,293.11000,129.71000,268.28000,129.09000,30.81000,48.21000,240.12000,89.73000,319.03000,7.51000
221.97500,265.39000,58.17000,67.39000,5.57000,268.93000,44.46000,214.94000,161.88500,20.53000,40.36000,202.27000,-2.50000,231.58000,-39.30000
206.20000,245.34500,51.73000,65.02000,255.71000,281.64000,384.86000,192.83500,121.25000,10.40330,36.03000,179.02000,266.24000,54.68000,-28.50000
178.04500,188.62000,77.77000,135.69700,229.48500,295.85000,410.31000,388.86500,235.37000,43.92000,58.20000,259.00000,359.57000,492.12000,65.53500
112.30000,57.35000,38.18000,15.83000,180.41000,230.52000,335.95500,124.05000,104.86000,-1.82500,22.75500,164.98000,238.78000,131.21000,39.24500
173.11000,176.53000,112.65000,75.68000,144.86500,295.36000,241.06000,412.23000,171.09000,23.66000,51.66000,221.71000,207.02000,502.01000,-42.17000
116.82000,283.40500,113.38000,15.83000,63.93000,352.13000,106.09500,441.88000,103.65000,-26.88000,42.88000,84.63000,27.75000,632.27000,-9.78250
166.97500,167.09000,59.49000,74.52000,135.88000,295.85000,217.16000,223.17000,169.92000,22.63500,41.13500,213.84000,199.79000,469.24000,37.81000
178.32000,198.49000,51.91000,42.22000,102.08000,300.90000,150.31000,192.85500,122.88000,10.55000,35.53000,180.82500,115.96000,215.63000,13.88000
182.21000,209.61000,52.80000,58.87000,123.14000,311.04000,184.99500,202.96000,127.71000,19.20000,27.44000,196.60000,154.38000,253.68000,27.53000
132.62000,38.37000,45.37000,24.36000,61.54000,221.56000,98.66000,167.01000,114.39000,3.12000,30.70000,152.29000,52.32000,176.59500,-9.78250
102.71000,49.14000,42.82000,21.59000,55.50000,224.60000,97.15000,139.41000,112.18000,2.38000,27.89000,147.58000,47.25000,153.05000,-11.86000
145.19000,132.95000,49.18000,17.29000,48.03000,237.75000,89.29000,184.81000,106.64000,-2.20000,34.61000,137.45000,32.15000,199.81000,-17.93000
178.04500,192.21000,55.01500,43.00000,103.54000,301.98000,151.92000,211.91000,128.99000,17.74000,54.10000,196.60000,117.91000,491.30500,-9.24000
320.83000,397.38000,82.32000,126.59000,163.37000,407.30000,289.67500,308.72000,230.78000,45.19000,61.04000,270.89000,342.08000,408.70000,66.57000
144.12000,132.78000,45.54000,27.61000,74.36000,281.64000,113.15000,168.95000,123.54000,5.33000,31.01000,177.40000,65.22000,192.15000,-6.24000
257.29000,262.09000,109.64000,298.37000,103.13000,344.32000,150.37000,427.81000,300.09000,82.28000,42.88000,566.69000,734.17000,519.45000,13.91000
108.51000,50.16000,38.18000,14.87000,37.91500,230.08000,82.52000,123.63000,103.73000,-3.14000,22.75500,137.58500,27.35500,130.23000,-17.93000
85.07000,172.84500,58.91000,-1.41000,-9.78000,294.78000,40.93500,215.57000,72.53000,22.40500,51.56000,209.04000,-0.74000,519.45000,-42.17000
221.97500,264.20000,58.17000,67.46000,55.26000,344.75500,91.15000,214.94000,163.58500,20.53000,41.25000,203.14000,186.00500,256.24000,-13.97000
201.50000,233.77000,33.29000,41.15000,89.15000,325.67000,140.54000,94.83330,132.20000,-10.51000,14.32000,122.58000,108.69500,77.92000,7.83000
175.30000,191.05000,53.38000,40.98000,15.16000,300.90000,49.90000,295.43000,131.58500,9.80500,37.82000,174.43000,104.51000,356.55500,-31.72000
270.77000,327.51000,61.77000,91.14000,151.05000,375.43000,280.03000,248.46500,185.03000,29.63000,23.37000,236.41000,226.55000,305.90000,58.18000
270.77000,328.19000,62.06000,89.40000,163.03000,411.03500,290.77000,280.40000,183.88500,29.41000,46.59330,233.92000,223.49000,340.13000,66.57000
173.53000,186.42000,50.04000,40.27000,48.03000,295.61000,91.15000,186.83500,130.04000,9.90500,35.64000,171.09000,101.29000,206.02000,-16.05000
121.04000,80.62000,39.81500,17.11000,112.10000,387.07000,86.95000,134.63500,105.53000,-2.15000,23.77000,138.99000,31.64000,141.94000,19.15000
200.18000,231.14500,63.03500,30.80000,84.04000,393.58000,116.82500,265.31000,124.82500,30.81000,48.50000,226.85500,72.53000,487.26500,27.17000
221.97500,325.87000,93.41000,67.46000,55.50000,367.26000,197.21000,412.23000,161.33300,80.98000,65.18000,214.35000,185.11000,633.88000,-11.70000
182.21000,209.61000,42.82000,43.91000,117.53000,311.04000,179.65500,143.79500,119.30000,12.95000,27.88000,171.99000,138.18000,149.46500,15.76000
206.20000,242.74000,56.66000,65.02000,135.54000,357.29500,183.43000,212.20500,154.54000,19.58000,40.04000,203.14000,157.29000,248.73000,36.53000
190.16000,144.42000,57.30000,48.36500,135.88000,289.37000,217.16000,215.57000,143.49000,19.20000,40.06000,186.99700,138.18000,264.89000,38.33500
131.00000,283.40500,40.09000,21.59000,20.91500,358.46500,67.05000,240.66000,112.18000,-1.65000,27.14000,142.60000,45.17000,300.56000,13.91000
116.75000,57.72000,37.11000,6.88000,63.93000,252.09000,103.52000,119.63000,105.53000,-10.42000,35.20000,125.71500,18.82000,272.92000,-7.31000
95.14000,45.61000,44.81250,4.05000,36.42000,219.62000,54.05000,159.98000,127.71000,-3.84250,30.36000,134.46000,16.65000,297.73000,-24.27000
142.48000,117.93000,45.91000,27.26000,66.91000,260.47000,107.52000,170.16500,121.94000,5.08000,32.15000,159.33500,63.74000,231.58000,4.67000
120.93000,257.57000,40.09000,15.83000,39.88000,344.38700,84.93000,131.62000,103.65000,-2.20000,23.60000,146.61000,27.85000,291.80000,-18.34000
261.35000,321.40000,72.43000,123.37000,151.05000,369.03000,150.31000,328.93000,230.50000,42.70500,54.10000,203.95000,115.96000,429.65000,-38.46000
85.07000,42.69500,24.39000,-1.41000,-9.78000,199.14000,40.93500,84.23000,72.53000,-16.50000,8.95000,172.90000,-0.74000,62.65000,-42.17000
270.77000,328.19000,109.64000,91.14000,111.30000,272.92000,335.95500,417.19000,185.03000,83.13500,62.19000,527.72000,226.55000,522.55000,16.27500
367.60000,242.74000,84.82500,165.72000,117.05000,321.86000,410.31000,328.93000,265.80000,52.63500,77.67000,236.78500,473.39000,475.19000,14.35000
237.35000,289.09500,42.74000,78.21000,95.36000,357.29500,259.08500,134.63500,230.50000,0.09000,14.32000,147.58000,211.18000,141.94000,20.34000
140.18000,107.47000,44.81250,24.72000,63.47000,270.03000,102.68000,167.01000,107.60000,5.02000,30.36000,156.33000,52.91500,300.56000,-9.24000
120.68500,66.10000,58.91000,67.46000,120.41000,237.23500,185.20000,231.72500,169.92000,20.53000,40.63500,98.31000,155.91000,297.73000,-18.77000
353.41000,522.10500,79.87000,139.52000,180.41000,447.66000,361.17000,303.04500,248.06000,45.19000,59.18000,259.59000,420.43300,395.55000,-6.24000
353.41000,522.10500,111.19000,139.52000,154.40000,427.44000,421.22000,430.19000,248.45000,82.28000,125.95000,517.66000,413.27500,531.07000,68.99000
142.48000,117.93000,51.26500,27.26000,87.08000,323.20000,117.56000,106.60000,121.94000,8.83000,35.11500,169.58000,63.74000,86.13000,-11.10000
232.33000,283.40500,59.64000,68.75000,136.16000,353.60000,223.95000,221.18000,247.08000,22.63500,40.99500,214.51000,202.47000,54.68000,38.63000
120.53000,112.56000,34.00500,8.32500,26.34000,349.87000,68.15000,98.19000,96.63000,-11.19000,16.28000,121.26000,18.95000,73.04000,-28.04000
204.79000,718.84000,57.98000,67.39000,130.57000,196.38500,188.12000,128.40000,162.06000,19.68000,40.06000,203.95000,162.91000,429.19000,33.99000
141.73000,111.04000,38.18000,25.83000,15.47000,269.92000,47.41000,170.16500,121.25000,5.02000,22.88000,159.27500,65.49000,177.31000,-32.34000
141.73000,289.09500,39.81500,98.07000,133.52000,358.33000,195.02000,129.76000,189.04000,31.63000,23.77000,254.84000,165.84000,469.24000,38.63000
205.19000,236.74000,118.79000,123.37000,219.04000,327.87000,393.61500,484.23000,210.17000,131.30000,100.58000,566.69000,334.35000,681.84500,142.19000
147.99000,73.30000,49.18000,33.80000,87.08000,324.28000,119.88000,183.20000,198.64000,7.87000,33.97000,168.69000,72.84500,199.39000,-11.86000
190.46000,219.11500,87.55000,48.36500,133.52000,311.68000,185.29000,333.75000,143.49000,52.63500,64.31000,270.89000,138.18000,429.65000,35.93500
191.94500,228.93000,49.18000,67.39000,74.36000,327.97000,48.19000,180.71000,162.06000,30.81000,22.88000,240.12000,-7.12000,193.41000,-2.55000
287.56000,297.50000,66.08000,99.44000,180.23500,358.33000,356.48000,280.10500,171.26000,35.31000,48.50000,236.78500,262.06500,335.86300,93.42000
180.25500,208.77000,51.95000,43.44000,117.84000,307.17000,154.41000,265.31000,134.76000,11.58000,35.64000,185.02000,119.28000,323.79000,19.68000
204.21000,228.93000,51.95000,58.87000,125.90000,323.20000,185.20000,192.83500,154.95000,19.55000,35.64000,199.92000,155.91000,216.11000,17.51000
159.90500,157.73000,40.16000,34.09500,110.98000,358.46500,155.81000,128.40000,126.83000,7.92000,22.25000,158.26000,73.43500,134.03500,15.76000
287.56000,343.33500,88.76000,99.44000,110.98000,393.58000,355.98000,375.29000,196.49000,56.84000,44.92000,331.10000,262.06500,488.55000,17.01500
459.50500,225.17000,53.38000,271.80000,164.53000,304.94000,954.35000,204.57000,308.29000,80.98000,37.82000,168.69000,700.54000,253.68000,72.06000
236.78000,289.09500,59.49000,75.68000,146.21500,358.46500,255.42500,215.57000,171.09000,22.40500,41.13500,213.84000,211.22500,228.80000,16.66000
132.74000,97.58500,39.81500,24.36000,80.11000,263.49000,117.56000,129.76000,111.95500,2.83000,23.77000,151.91500,52.35000,134.03500,-7.27000
456.53300,773.97000,94.76000,233.79000,107.84000,292.47000,154.41000,375.70000,286.11000,68.12500,48.34000,397.37500,119.28000,432.24500,14.96000
142.57500,45.61000,34.50000,27.57000,56.05670,221.41000,95.29000,110.04000,122.88000,-10.51000,17.62000,110.07000,65.18000,97.18000,-11.41000
188.03000,219.11500,101.54000,45.35500,131.60000,237.24500,160.05000,412.23000,139.78000,18.40000,78.95000,194.21000,132.32000,487.26500,37.81000
287.56000,309.11000,44.67500,24.72000,63.43000,366.40000,102.68000,159.98000,128.25000,3.64000,32.75000,152.37000,52.91500,492.12000,-9.24000
302.39000,330.16000,68.93000,120.57500,180.41000,385.43000,361.17000,285.12000,219.82000,38.86000,51.78500,218.65500,302.13000,348.30000,111.72000
175.50000,167.54000,51.73000,41.15000,55.26000,315.97000,92.14000,196.41000,136.48000,10.34000,34.86000,177.73500,108.69500,192.15000,-12.60500
95.14000,43.00000,59.09000,30.80000,36.42000,207.44500,116.82500,220.18000,143.61500,22.40500,40.36000,214.51000,72.53000,291.80000,3.20000
474.04000,178.13000,57.30000,273.60000,5.76000,294.78000,44.46000,427.81000,291.85000,81.11000,40.06000,517.66000,748.67000,519.45000,-38.18000
321.57000,336.68000,83.82000,128.94000,346.56000,387.07000,400.41500,320.07000,231.66000,50.39000,40.04000,274.66000,350.12000,415.49000,9.10000
346.56000,495.26000,74.27000,138.84000,180.41000,422.60500,410.31000,296.68000,240.65000,44.33000,53.41000,211.76500,395.85000,502.01000,89.30000
173.53000,167.54000,40.16000,40.27000,131.60000,292.17500,135.05000,131.62000,130.04000,0.22000,26.51000,146.61000,101.29000,137.07000,32.96000
101.32000,138.58000,37.35000,14.59000,31.95500,284.87000,74.90000,128.40000,171.42000,-3.40000,28.23000,137.45000,25.20000,132.12500,-1.16000
95.14000,43.00000,61.77000,12.98000,96.74000,199.14000,138.88000,241.52700,98.60500,26.86000,34.07500,185.13000,22.37000,305.40000,3.20000
101.32000,43.35000,76.29000,135.69700,221.87000,206.87000,400.41500,296.68000,219.62000,43.92000,52.17000,259.59000,342.08000,408.70000,142.23000
211.61500,254.04000,2.61000,-10.38000,135.88000,270.72500,40.93500,61.28330,59.68000,-34.01000,5.01000,121.07000,-10.42000,37.25000,15.76000
329.26000,467.69000,76.29000,135.69700,48.11000,422.60500,400.41500,297.62000,126.66500,43.92000,55.19000,98.31000,325.08000,388.68000,-14.91000
99.13000,44.68500,32.56000,10.38000,15.47000,270.03000,67.75000,90.64000,90.32000,-10.21000,35.11500,125.65000,18.95000,62.58000,-32.34000
305.62000,481.33000,62.06000,112.06000,164.92000,423.60000,328.22000,270.75000,219.62000,29.41000,46.59330,233.92000,211.18000,306.83000,84.79000
320.83000,238.21000,76.04000,126.59000,221.87000,331.06000,393.61500,354.45500,219.82000,43.09000,51.56000,258.53000,342.08000,519.45000,142.19000
145.19000,132.78000,45.12000,25.09000,95.67000,273.59000,138.64500,208.58000,121.25000,5.08000,30.64000,158.90000,52.35000,226.84000,8.89000
114.07000,57.72000,38.46500,14.87000,37.91500,236.43000,82.52000,123.63000,103.73000,-3.14000,23.37000,137.45000,27.35500,754.15000,-18.77000
417.42500,727.70000,88.17500,210.08000,95.36000,562.72000,179.65500,348.79000,274.78500,56.14000,40.36000,330.31000,350.12000,74.42000,7.83000
99.13000,45.61000,36.27000,10.38000,20.62000,221.56000,67.05000,106.60000,97.12000,-5.75000,40.63500,125.73000,18.95000,117.72000,-10.49000
140.18000,107.47000,42.49000,30.80000,68.94000,268.53000,107.76000,84.63000,124.06800,6.98000,27.89000,166.01000,72.63000,66.39250,-2.55000
116.82000,79.23000,118.79000,25.08000,61.54000,260.47000,107.52000,598.73000,121.25000,3.66000,100.58000,153.08500,58.51500,705.28000,-11.70000
353.41000,522.10500,113.42000,139.52000,239.98500,427.44000,420.01000,511.23000,248.06000,115.45000,100.06000,566.69000,400.76000,705.28000,84.79000
202.16000,235.47000,56.21000,58.45000,114.99500,324.28000,174.49500,227.48000,163.58500,19.49000,39.76000,194.85000,203.79000,285.93500,14.83000
264.56000,322.00500,92.35000,268.94000,64.98500,369.17000,438.64500,427.81000,277.77000,64.96000,71.55500,331.10000,334.35000,264.89000,-11.86000
119.56000,66.80500,40.09000,16.26000,39.84000,237.23500,87.74000,128.40000,105.52500,-1.65000,25.13000,128.20000,30.04000,132.12500,-13.08000
237.35000,281.20000,53.38000,75.68000,87.72000,349.87000,125.86000,241.52700,171.09000,19.20000,77.67000,196.60000,82.25000,305.40000,3.52333
303.01000,415.33000,39.81500,48.36500,120.71000,419.72000,178.55000,131.62000,143.61500,15.49000,23.77000,188.75000,150.22000,141.06000,26.82000
98.89500,45.02000,32.56000,10.38000,63.47000,705.84000,73.22000,96.73000,96.63000,-1.65000,22.75500,247.27000,18.82000,75.32000,14.96000
108.51000,50.53000,36.73000,14.77000,87.08000,230.52000,78.44000,110.04000,100.81000,-9.71000,18.64000,125.65000,25.36500,88.38500,1.62000
238.60000,325.87000,60.60000,77.58000,117.94000,394.84500,173.85000,228.12000,171.26000,23.23000,39.76000,218.65500,211.18000,285.93500,23.47000
221.94000,262.09000,55.01500,89.40000,163.03000,344.32000,290.77000,146.99000,168.99000,19.68000,39.05000,203.95500,223.36000,931.63000,64.94500
241.05300,309.11000,51.91000,51.21000,144.86500,353.60000,254.64500,195.81000,143.90000,10.55000,63.08000,186.99700,146.81000,170.05000,42.98000
237.35000,325.87000,60.58500,75.68000,104.92000,358.46500,154.41000,228.12000,171.09000,23.19000,46.61000,217.48000,206.42000,285.93500,33.99000
145.74300,136.29000,53.38000,25.09000,59.00000,268.22000,106.09500,202.96000,107.60000,16.01000,41.13500,196.60000,59.25000,231.58000,-42.17000
352.62700,214.05000,71.97500,139.52000,102.08000,307.17000,438.64500,294.61000,248.95000,45.19000,52.32000,158.90000,420.43300,329.89000,13.91000
178.04500,192.21000,50.04000,41.15000,136.16000,295.85000,135.05000,192.83500,138.84000,9.80500,34.61000,173.75000,104.51000,216.11000,16.01000
297.73500,379.06000,68.37000,112.06000,221.87000,447.66000,368.53000,283.73000,219.62000,37.70000,73.04000,249.12000,266.82000,335.86300,142.23000
107.21000,49.14000,34.02000,2.33000,-1.52000,221.41000,42.49000,99.24000,114.39000,-12.35000,18.25000,121.07000,10.47500,705.28000,23.14670
145.74300,140.23000,36.22500,12.98000,5.76000,293.11000,48.19000,129.76000,98.41000,-10.42000,18.25000,164.98000,22.37000,88.38500,-11.10000
194.09000,236.74000,52.70500,47.50000,134.13000,383.30000,81.86500,200.14500,143.49000,15.49000,36.98000,122.58000,135.04000,229.32000,35.93500
90.16000,42.69500,14.62000,1.07500,45.07000,198.76000,89.27500,68.98000,78.44000,-10.98000,6.12000,121.88000,12.07000,62.58000,-7.31000
321.57000,441.04000,118.79000,323.48000,63.43000,420.82000,102.68000,484.23000,198.64000,131.30000,100.58000,194.85000,52.91500,681.84500,-9.28000
121.04000,80.62000,126.34000,18.99330,80.11000,255.30000,89.27500,613.57000,107.60000,9.57000,115.16000,172.62000,33.82000,760.48000,-1.47500
118.10000,64.82000,45.72000,15.83000,80.11000,237.24500,118.73000,170.16500,104.69000,2.72000,32.10000,203.14000,28.99000,186.30000,-1.16000
110.08000,66.80500,38.56000,20.85500,48.11000,265.39000,91.15000,138.43500,98.41000,0.16000,23.57500,146.13000,34.75000,142.95000,-14.91000
131.00000,93.40000,44.81250,24.36000,60.50000,447.66000,98.66000,163.51000,114.95000,5.02000,27.07000,156.33000,52.32000,77.23000,-11.10000
144.12000,132.78000,46.62000,34.11500,101.66500,289.36000,113.15000,285.12000,114.39000,6.99000,17.62000,168.41000,65.22000,335.86300,13.07000
84.59000,44.68500,23.74000,-1.03000,20.62000,184.46000,48.19000,290.32000,74.10000,-17.51000,28.86000,98.31000,4.81000,354.87000,89.30000
341.71500,468.06000,77.49000,136.03500,125.20000,422.60500,68.15000,305.82000,229.80000,44.24000,61.04000,121.26000,22.21000,398.58000,27.83000
157.24000,97.58500,47.43000,33.80000,87.08000,265.39000,119.88000,204.57000,124.06800,7.87000,32.46000,168.69000,73.43500,192.64000,-15.51000
131.77000,93.40000,113.42000,370.63500,100.34000,256.93000,909.63000,489.09000,120.96500,87.07000,89.51000,566.69000,719.55500,701.41000,14.06000
