67.0,330.0,78.0,118.0,53.0
28.0,260.0,27.0,58.0,26.0
61.0,172.0,71.0,26.0,33.0
231.0,580.0,277.0,550.0,386.0
95.0,437.0,123.0,235.0,194.0
86.0,222.0,49.0,37.0,22.0
699.0,437.0,45.0,19.0,14.0
216.0,217.0,55.0,37.0,21.0
93.0,273.0,137.0,64.0,260.0
93.0,406.0,121.0,172.0,181.0
95.0,445.0,124.0,211.0,205.0
82.0,278.0,103.0,286.0,123.0
0.0,78.0,0.0,2.0,0.0
23.0,312.0,24.0,3.0,7.0
82.0,438.0,103.0,222.0,148.0
98.0,469.0,126.0,290.0,266.0
92.0,273.0,63.0,64.0,29.0
45.0,160.0,44.0,22.0,14.0
131.0,146.0,71.0,88.0,37.0
166.0,163.0,175.0,22.0,15.0
699.0,314.0,78.0,102.0,53.0
70.0,520.0,83.0,538.0,453.0
91.0,506.0,152.0,367.0,331.0
999.0,106.0,999.0,589.0,999.0
93.0,299.0,124.0,51.0,25.0
126.0,517.0,153.0,417.0,344.0
20.0,165.0,48.0,24.0,17.0
70.0,153.0,84.0,22.0,13.0
28.0,236.0,65.0,62.0,28.0
0.0,0.0,0.0,0.0,0.0
79.0,353.0,92.0,150.0,119.0
95.0,260.0,87.0,841.0,716.0
82.0,222.0,55.0,37.0,21.0
59.0,265.0,66.0,62.0,35.0
213.0,255.0,34.0,1.0,8.0
35.0,193.0,44.0,34.0,20.0
48.0,228.0,56.0,41.0,22.0
29.0,248.0,137.0,51.0,128.0
64.0,343.0,74.0,143.0,41.0
82.0,312.0,72.0,93.0,41.0
65.0,312.0,78.0,57.0,53.0
24.0,292.0,55.0,79.0,21.0
552.0,160.0,175.0,618.0,509.0
29.0,260.0,24.0,7.0,7.0
315.0,347.0,277.0,132.0,716.0
231.0,519.0,157.0,468.0,368.0
59.0,302.0,71.0,87.0,36.0
999.0,632.0,999.0,576.0,999.0
29.0,122.0,34.0,18.0,4.0
100.0,297.0,147.0,82.0,36.0
206.0,242.0,224.0,753.0,602.0
371.0,146.0,728.0,22.0,999.0
33.0,163.0,41.0,22.0,12.0
487.0,940.0,537.0,861.0,722.0
64.0,302.0,51.0,30.0,19.0
21.0,14.0,20.0,2.0,3.0
206.0,347.0,224.0,132.0,151.0
60.0,353.0,90.0,150.0,119.0
43.0,217.0,52.0,36.0,20.0
231.0,248.0,225.0,51.0,481.0
100.0,292.0,151.0,77.0,33.0
77.0,240.0,86.0,130.0,96.0
91.0,351.0,107.0,137.0,115.0
205.0,284.0,101.0,70.0,31.0
80.0,353.0,100.0,152.0,124.0
102.0,146.0,55.0,30.0,21.0
91.0,335.0,114.0,118.0,78.0
38.0,171.0,48.0,26.0,18.0
328.0,215.0,480.0,37.0,14.0
861.0,265.0,72.0,62.0,29.0
58.0,237.0,63.0,44.0,24.0
43.0,164.0,57.0,23.0,24.0
427.0,386.0,143.0,309.0,266.0
206.0,282.0,224.0,81.0,43.0
39.0,172.0,48.0,25.0,17.0
231.0,632.0,277.0,558.0,567.0
433.0,330.0,526.0,841.0,722.0
35.0,122.0,44.0,22.0,14.0
65.0,163.0,78.0,22.0,15.0
65.0,240.0,78.0,36.0,20.0
130.0,228.0,126.0,41.0,30.0
59.0,292.0,69.0,79.0,34.0
63.0,148.0,74.0,22.0,13.0
59.0,265.0,65.0,62.0,29.0
999.0,437.0,999.0,214.0,999.0
51.0,312.0,59.0,102.0,26.0
427.0,580.0,165.0,538.0,386.0
59.0,314.0,77.0,100.0,50.0
69.0,299.0,84.0,82.0,35.0
102.0,282.0,155.0,72.0,32.0
315.0,257.0,143.0,57.0,266.0
21.0,223.0,20.0,37.0,21.0
45.0,197.0,55.0,36.0,21.0
206.0,314.0,225.0,558.0,431.0
73.0,347.0,87.0,133.0,107.0
78.0,353.0,90.0,137.0,118.0
59.0,284.0,68.0,77.0,33.0
73.0,343.0,84.0,130.0,96.0
33.0,151.0,44.0,19.0,16.0
53.0,146.0,56.0,20.0,22.0
49.0,111.0,58.0,10.0,24.0
213.0,306.0,237.0,88.0,38.0
92.0,236.0,56.0,44.0,24.0
999.0,519.0,999.0,538.0,999.0
33.0,330.0,39.0,81.0,36.0
63.0,348.0,74.0,135.0,110.0
489.0,330.0,143.0,118.0,266.0
92.0,292.0,123.0,100.0,47.0
433.0,940.0,526.0,841.0,716.0
96.0,314.0,89.0,93.0,110.0
65.0,282.0,78.0,72.0,31.0
39.0,171.0,48.0,25.0,17.0
73.0,353.0,85.0,117.0,81.0
77.0,140.0,87.0,18.0,11.0
61.0,354.0,114.0,131.0,101.0
71.0,226.0,86.0,37.0,21.0
98.0,437.0,137.0,117.0,78.0
45.0,193.0,52.0,34.0,20.0
58.0,247.0,63.0,50.0,24.0
29.0,589.0,164.0,589.0,369.0
552.0,165.0,48.0,24.0,15.0
71.0,173.0,50.0,28.0,19.0
98.0,339.0,103.0,125.0,96.0
59.0,228.0,55.0,41.0,22.0
63.0,303.0,74.0,88.0,37.0
28.0,153.0,40.0,22.0,14.0
160.0,520.0,165.0,538.0,386.0
50.0,221.0,57.0,30.0,19.0
54.0,248.0,60.0,52.0,25.0
43.0,165.0,51.0,24.0,18.0
63.0,138.0,40.0,19.0,11.0
186.0,520.0,181.0,538.0,416.0
41.0,222.0,50.0,30.0,19.0
72.0,76.0,86.0,2.0,101.0
28.0,252.0,65.0,56.0,26.0
34.0,146.0,44.0,20.0,10.0
40.0,292.0,48.0,45.0,18.0
59.0,273.0,65.0,66.0,30.0
166.0,386.0,120.0,223.0,173.0
489.0,296.0,480.0,195.0,154.0
59.0,116.0,33.0,13.0,8.0
45.0,205.0,54.0,36.0,20.0
49.0,375.0,56.0,172.0,157.0
58.0,89.0,85.0,117.0,89.0
79.0,353.0,86.0,148.0,123.0
38.0,160.0,48.0,22.0,14.0
59.0,273.0,70.0,83.0,35.0
49.0,89.0,60.0,58.0,26.0
131.0,353.0,101.0,150.0,105.0
100.0,122.0,149.0,152.0,118.0
33.0,122.0,41.0,2.0,6.0
131.0,528.0,151.0,366.0,289.0
58.0,273.0,63.0,66.0,30.0
33.0,139.0,41.0,19.0,11.0
46.0,247.0,55.0,50.0,24.0
59.0,296.0,70.0,80.0,35.0
100.0,148.0,151.0,18.0,8.0
43.0,156.0,52.0,34.0,19.0
100.0,517.0,157.0,428.0,361.0
33.0,252.0,41.0,18.0,11.0
80.0,303.0,71.0,88.0,37.0
38.0,167.0,48.0,25.0,17.0
91.0,273.0,116.0,67.0,36.0
40.0,146.0,45.0,22.0,15.0
80.0,151.0,99.0,110.0,128.0
216.0,330.0,90.0,117.0,118.0
126.0,386.0,153.0,376.0,344.0
206.0,347.0,224.0,137.0,368.0
84.0,354.0,99.0,152.0,128.0
86.0,240.0,59.0,43.0,22.0
96.0,437.0,123.0,286.0,205.0
70.0,326.0,84.0,115.0,73.0
192.0,353.0,151.0,367.0,287.0
0.0,0.0,0.0,0.0,0.0
63.0,337.0,73.0,121.0,44.0
82.0,178.0,50.0,30.0,19.0
100.0,518.0,153.0,428.0,344.0
39.0,164.0,48.0,47.0,24.0
43.0,188.0,51.0,34.0,20.0
67.0,0.0,72.0,1.0,8.0
71.0,165.0,85.0,23.0,15.0
106.0,520.0,153.0,376.0,331.0
102.0,25.0,152.0,376.0,331.0
0.0,0.0,0.0,0.0,0.0
91.0,366.0,101.0,153.0,139.0
49.0,172.0,71.0,36.0,20.0
130.0,255.0,155.0,58.0,481.0
63.0,217.0,55.0,37.0,21.0
82.0,375.0,101.0,172.0,139.0
64.0,474.0,139.0,290.0,260.0
91.0,178.0,103.0,37.0,157.0
35.0,122.0,44.0,17.0,14.0
31.0,171.0,39.0,23.0,15.0
213.0,517.0,224.0,417.0,453.0
64.0,361.0,73.0,153.0,42.0
54.0,268.0,61.0,62.0,29.0
59.0,301.0,69.0,83.0,36.0
160.0,520.0,164.0,497.0,369.0
955.0,519.0,175.0,497.0,386.0
95.0,433.0,123.0,204.0,194.0
48.0,228.0,56.0,41.0,22.0
692.0,297.0,728.0,81.0,35.0
71.0,343.0,86.0,130.0,99.0
59.0,330.0,69.0,118.0,78.0
126.0,171.0,153.0,36.0,23.0
59.0,0.0,9.0,0.0,0.0
98.0,296.0,73.0,81.0,35.0
20.0,106.0,27.0,7.0,7.0
32.0,135.0,40.0,18.0,11.0
40.0,193.0,48.0,34.0,20.0
33.0,193.0,42.0,34.0,29.0
91.0,437.0,114.0,90.0,40.0
52.0,194.0,55.0,37.0,21.0
91.0,506.0,151.0,376.0,303.0
27.0,151.0,24.0,22.0,11.0
34.0,347.0,55.0,58.0,26.0
60.0,302.0,71.0,87.0,36.0
81.0,236.0,100.0,44.0,119.0
91.0,278.0,116.0,102.0,53.0
59.0,319.0,69.0,102.0,35.0
43.0,199.0,52.0,36.0,20.0
71.0,353.0,86.0,148.0,119.0
40.0,178.0,48.0,30.0,18.0
67.0,312.0,78.0,100.0,53.0
80.0,353.0,96.0,151.0,123.0
80.0,404.0,101.0,195.0,154.0
49.0,257.0,58.0,51.0,25.0
77.0,314.0,87.0,131.0,96.0
35.0,146.0,44.0,22.0,15.0
208.0,650.0,225.0,589.0,477.0
315.0,999.0,224.0,999.0,657.0
71.0,354.0,86.0,172.0,141.0
28.0,111.0,27.0,8.0,7.0
692.0,302.0,709.0,589.0,926.0
43.0,302.0,69.0,79.0,35.0
240.0,520.0,324.0,538.0,602.0
82.0,375.0,101.0,172.0,139.0
80.0,449.0,114.0,226.0,181.0
54.0,257.0,60.0,58.0,26.0
33.0,156.0,41.0,13.0,11.0
231.0,252.0,48.0,56.0,18.0
555.0,632.0,709.0,558.0,926.0
59.0,160.0,58.0,30.0,24.0
79.0,111.0,92.0,10.0,120.0
206.0,397.0,225.0,226.0,160.0
59.0,292.0,69.0,79.0,33.0
80.0,354.0,96.0,151.0,123.0
279.0,343.0,298.0,130.0,602.0
40.0,138.0,48.0,19.0,18.0
49.0,247.0,60.0,50.0,24.0
315.0,312.0,24.0,2.0,6.0
49.0,354.0,55.0,37.0,22.0
100.0,519.0,151.0,366.0,287.0
59.0,273.0,65.0,66.0,31.0
63.0,178.0,73.0,30.0,19.0
58.0,283.0,59.0,52.0,25.0
43.0,236.0,45.0,44.0,24.0
98.0,404.0,143.0,202.0,266.0
861.0,265.0,822.0,62.0,26.0
206.0,366.0,226.0,211.0,157.0
59.0,353.0,69.0,81.0,35.0
102.0,284.0,277.0,76.0,567.0
70.0,163.0,84.0,22.0,14.0
91.0,438.0,114.0,222.0,174.0
80.0,233.0,107.0,43.0,157.0
71.0,282.0,85.0,72.0,31.0
38.0,151.0,48.0,22.0,14.0
81.0,178.0,84.0,30.0,19.0
31.0,205.0,39.0,41.0,22.0
100.0,289.0,149.0,367.0,283.0
48.0,248.0,56.0,52.0,25.0
487.0,178.0,157.0,57.0,26.0
48.0,228.0,56.0,41.0,22.0
216.0,474.0,165.0,367.0,289.0
96.0,171.0,84.0,26.0,76.0
489.0,329.0,84.0,117.0,76.0
52.0,296.0,59.0,52.0,25.0
21.0,236.0,68.0,44.0,23.0
100.0,148.0,20.0,2.0,3.0
61.0,304.0,71.0,88.0,37.0
63.0,306.0,72.0,88.0,38.0
59.0,348.0,70.0,80.0,36.0
183.0,236.0,124.0,45.0,205.0
77.0,146.0,90.0,22.0,12.0
130.0,167.0,155.0,30.0,613.0
37.0,437.0,116.0,214.0,173.0
160.0,297.0,165.0,93.0,42.0
57.0,273.0,63.0,64.0,29.0
73.0,308.0,87.0,153.0,89.0
77.0,314.0,89.0,81.0,35.0
45.0,217.0,55.0,37.0,21.0
70.0,330.0,84.0,117.0,76.0
96.0,397.0,116.0,213.0,170.0
77.0,353.0,90.0,143.0,118.0
35.0,248.0,39.0,51.0,25.0
91.0,312.0,63.0,100.0,50.0
74.0,346.0,86.0,130.0,110.0
72.0,296.0,86.0,81.0,99.0
35.0,314.0,44.0,100.0,38.0
128.0,445.0,116.0,223.0,174.0
128.0,517.0,155.0,428.0,361.0
86.0,312.0,107.0,93.0,154.0
82.0,302.0,67.0,80.0,49.0
59.0,140.0,40.0,19.0,11.0
371.0,122.0,604.0,25.0,128.0
80.0,236.0,56.0,44.0,23.0
59.0,273.0,66.0,66.0,31.0
91.0,302.0,116.0,83.0,36.0
49.0,236.0,56.0,44.0,24.0
72.0,339.0,86.0,125.0,101.0
59.0,278.0,66.0,67.0,31.0
861.0,437.0,114.0,213.0,170.0
29.0,282.0,42.0,40.0,11.0
91.0,438.0,116.0,168.0,174.0
294.0,232.0,69.0,41.0,21.0
86.0,116.0,30.0,17.0,8.0
59.0,278.0,68.0,66.0,32.0
21.0,25.0,20.0,1.0,1.0
38.0,226.0,20.0,18.0,11.0
315.0,437.0,352.0,214.0,173.0
80.0,353.0,99.0,152.0,128.0
47.0,241.0,57.0,47.0,24.0
100.0,314.0,149.0,100.0,49.0
133.0,240.0,143.0,47.0,25.0
183.0,330.0,175.0,36.0,331.0
98.0,146.0,224.0,585.0,453.0
98.0,353.0,100.0,148.0,119.0
21.0,257.0,65.0,70.0,31.0
39.0,146.0,47.0,23.0,15.0
61.0,301.0,71.0,88.0,37.0
80.0,354.0,88.0,137.0,115.0
60.0,354.0,71.0,88.0,37.0
166.0,528.0,175.0,538.0,369.0
328.0,999.0,470.0,999.0,657.0
35.0,228.0,44.0,40.0,19.0
39.0,167.0,48.0,25.0,17.0
49.0,247.0,56.0,52.0,25.0
102.0,330.0,153.0,118.0,331.0
28.0,260.0,27.0,57.0,26.0
45.0,221.0,52.0,37.0,21.0
33.0,173.0,44.0,27.0,18.0
62.0,347.0,71.0,133.0,107.0
29.0,205.0,41.0,13.0,11.0
82.0,312.0,103.0,100.0,148.0
71.0,343.0,85.0,118.0,78.0
71.0,347.0,85.0,132.0,78.0
62.0,312.0,72.0,88.0,369.0
165.0,255.0,60.0,62.0,26.0
54.0,226.0,55.0,38.0,22.0
80.0,366.0,99.0,152.0,124.0
20.0,474.0,116.0,290.0,160.0
683.0,650.0,709.0,589.0,926.0
79.0,386.0,92.0,173.0,128.0
206.0,330.0,226.0,102.0,53.0
51.0,999.0,59.0,52.0,25.0
59.0,236.0,66.0,44.0,24.0
46.0,330.0,55.0,62.0,26.0
48.0,228.0,56.0,41.0,22.0
20.0,191.0,20.0,37.0,21.0
102.0,194.0,152.0,2.0,3.0
21.0,228.0,83.0,36.0,20.0
59.0,375.0,66.0,70.0,31.0
64.0,122.0,74.0,18.0,11.0
53.0,268.0,63.0,62.0,29.0
20.0,469.0,124.0,286.0,222.0
0.0,78.0,0.0,3.0,0.0
82.0,386.0,103.0,195.0,151.0
256.0,282.0,153.0,72.0,31.0
208.0,589.0,121.0,137.0,115.0
49.0,240.0,58.0,50.0,24.0
46.0,228.0,56.0,41.0,22.0
52.0,222.0,59.0,37.0,21.0
102.0,151.0,151.0,366.0,289.0
256.0,193.0,57.0,80.0,25.0
90.0,375.0,114.0,172.0,139.0
71.0,306.0,70.0,83.0,36.0
165.0,335.0,155.0,102.0,50.0
71.0,319.0,86.0,138.0,101.0
99.0,222.0,103.0,37.0,154.0
74.0,386.0,120.0,173.0,128.0
59.0,153.0,55.0,36.0,22.0
43.0,171.0,52.0,25.0,17.0
46.0,282.0,55.0,72.0,31.0
31.0,140.0,39.0,19.0,11.0
91.0,449.0,114.0,226.0,181.0
683.0,339.0,728.0,428.0,344.0
128.0,517.0,153.0,386.0,344.0
73.0,296.0,87.0,132.0,105.0
82.0,375.0,101.0,172.0,139.0
208.0,139.0,33.0,18.0,8.0
59.0,297.0,69.0,80.0,35.0
102.0,273.0,151.0,64.0,289.0
28.0,52.0,33.0,18.0,8.0
86.0,353.0,89.0,137.0,109.0
21.0,14.0,20.0,2.0,3.0
34.0,433.0,124.0,37.0,205.0
131.0,520.0,143.0,373.0,334.0
130.0,520.0,156.0,428.0,364.0
57.0,122.0,60.0,36.0,26.0
96.0,146.0,84.0,93.0,42.0
45.0,265.0,54.0,36.0,20.0
192.0,348.0,124.0,152.0,123.0
133.0,273.0,153.0,64.0,331.0
48.0,236.0,56.0,44.0,23.0
383.0,193.0,77.0,34.0,20.0
28.0,160.0,27.0,7.0,7.0
100.0,406.0,149.0,172.0,139.0
205.0,528.0,208.0,558.0,431.0
140.0,273.0,165.0,64.0,364.0
91.0,228.0,55.0,40.0,22.0
52.0,252.0,59.0,56.0,11.0
70.0,437.0,84.0,222.0,53.0
133.0,296.0,155.0,67.0,303.0
71.0,296.0,85.0,77.0,33.0
240.0,226.0,121.0,38.0,22.0
43.0,140.0,52.0,19.0,21.0
61.0,222.0,71.0,37.0,21.0
35.0,148.0,44.0,22.0,12.0
692.0,140.0,41.0,19.0,11.0
205.0,78.0,63.0,22.0,13.0
100.0,205.0,149.0,36.0,287.0
35.0,163.0,44.0,22.0,14.0
71.0,172.0,85.0,28.0,11.0
45.0,217.0,55.0,37.0,21.0
33.0,330.0,48.0,25.0,18.0
38.0,252.0,48.0,52.0,25.0
49.0,241.0,56.0,44.0,24.0
49.0,241.0,58.0,47.0,24.0
86.0,296.0,85.0,118.0,78.0
31.0,146.0,40.0,20.0,11.0
38.0,228.0,52.0,37.0,19.0
49.0,223.0,58.0,36.0,24.0
48.0,252.0,56.0,45.0,22.0
45.0,343.0,69.0,88.0,38.0
47.0,226.0,55.0,40.0,22.0
65.0,510.0,78.0,589.0,477.0
59.0,306.0,69.0,82.0,33.0
93.0,173.0,126.0,30.0,205.0
49.0,284.0,58.0,52.0,25.0
166.0,335.0,175.0,118.0,78.0
78.0,205.0,90.0,45.0,118.0
106.0,297.0,153.0,82.0,344.0
80.0,346.0,116.0,223.0,174.0
47.0,228.0,55.0,40.0,22.0
35.0,164.0,44.0,22.0,14.0
371.0,329.0,84.0,118.0,78.0
82.0,348.0,107.0,213.0,160.0
197.0,199.0,145.0,36.0,266.0
71.0,296.0,86.0,81.0,35.0
197.0,312.0,57.0,83.0,36.0
45.0,247.0,58.0,50.0,24.0
128.0,437.0,153.0,386.0,334.0
285.0,228.0,56.0,41.0,22.0
59.0,165.0,66.0,66.0,30.0
81.0,325.0,101.0,70.0,128.0
285.0,302.0,74.0,87.0,53.0
315.0,494.0,352.0,367.0,579.0
91.0,301.0,105.0,83.0,151.0
160.0,193.0,165.0,34.0,369.0
78.0,156.0,90.0,22.0,118.0
699.0,164.0,36.0,23.0,11.0
43.0,111.0,34.0,10.0,8.0
90.0,111.0,74.0,17.0,8.0
78.0,339.0,90.0,125.0,96.0
28.0,111.0,33.0,17.0,8.0
328.0,589.0,470.0,558.0,602.0
52.0,163.0,59.0,22.0,26.0
96.0,329.0,189.0,117.0,205.0
54.0,268.0,67.0,77.0,33.0
64.0,312.0,76.0,100.0,49.0
192.0,164.0,164.0,23.0,369.0
206.0,650.0,224.0,585.0,453.0
240.0,354.0,92.0,150.0,119.0
28.0,292.0,27.0,7.0,7.0
27.0,122.0,22.0,2.0,4.0
487.0,178.0,526.0,30.0,716.0
40.0,314.0,85.0,100.0,47.0
59.0,232.0,69.0,37.0,33.0
78.0,445.0,90.0,223.0,118.0
692.0,303.0,783.0,88.0,266.0
96.0,252.0,124.0,290.0,222.0
78.0,292.0,90.0,22.0,115.0
205.0,178.0,237.0,26.0,509.0
45.0,222.0,55.0,37.0,21.0
433.0,304.0,526.0,576.0,963.0
34.0,303.0,36.0,88.0,37.0
140.0,215.0,149.0,367.0,289.0
206.0,221.0,58.0,37.0,24.0
160.0,519.0,165.0,376.0,369.0
78.0,303.0,90.0,100.0,118.0
21.0,25.0,20.0,2.0,3.0
40.0,252.0,48.0,56.0,18.0
86.0,404.0,107.0,202.0,155.0
48.0,228.0,56.0,43.0,23.0
82.0,106.0,85.0,117.0,78.0
50.0,228.0,58.0,41.0,22.0
64.0,404.0,89.0,202.0,155.0
34.0,265.0,44.0,62.0,28.0
95.0,178.0,124.0,30.0,19.0
72.0,306.0,86.0,90.0,96.0
190.0,242.0,36.0,50.0,8.0
78.0,347.0,88.0,135.0,109.0
84.0,449.0,107.0,213.0,160.0
54.0,252.0,59.0,56.0,26.0
77.0,347.0,88.0,133.0,109.0
82.0,302.0,103.0,87.0,151.0
100.0,480.0,149.0,353.0,287.0
60.0,301.0,71.0,83.0,36.0
43.0,273.0,52.0,62.0,26.0
99.0,519.0,137.0,367.0,287.0
98.0,248.0,137.0,2.0,4.0
54.0,247.0,59.0,50.0,25.0
91.0,351.0,86.0,153.0,89.0
38.0,284.0,48.0,62.0,16.0
37.0,164.0,47.0,23.0,15.0
256.0,325.0,265.0,115.0,73.0
315.0,347.0,88.0,135.0,109.0
102.0,330.0,153.0,558.0,477.0
213.0,650.0,237.0,585.0,477.0
81.0,278.0,116.0,117.0,123.0
91.0,437.0,116.0,226.0,194.0
71.0,306.0,85.0,118.0,78.0
692.0,353.0,237.0,131.0,509.0
27.0,165.0,48.0,23.0,15.0
216.0,940.0,298.0,841.0,722.0
80.0,353.0,92.0,150.0,120.0
91.0,354.0,90.0,138.0,118.0
71.0,160.0,72.0,22.0,13.0
98.0,375.0,74.0,223.0,177.0
383.0,632.0,490.0,558.0,417.0
131.0,518.0,156.0,428.0,364.0
28.0,146.0,33.0,20.0,11.0
315.0,171.0,709.0,22.0,14.0
59.0,354.0,70.0,150.0,36.0
102.0,517.0,151.0,376.0,287.0
43.0,240.0,52.0,47.0,24.0
59.0,289.0,69.0,77.0,35.0
63.0,301.0,73.0,110.0,53.0
59.0,296.0,67.0,81.0,32.0
49.0,165.0,58.0,57.0,26.0
61.0,302.0,71.0,88.0,36.0
186.0,339.0,165.0,125.0,107.0
64.0,273.0,65.0,66.0,30.0
40.0,278.0,48.0,30.0,6.0
59.0,302.0,70.0,87.0,36.0
58.0,335.0,78.0,118.0,64.0
59.0,302.0,63.0,87.0,36.0
206.0,255.0,224.0,36.0,20.0
61.0,89.0,71.0,3.0,7.0
41.0,265.0,50.0,30.0,19.0
42.0,171.0,50.0,30.0,19.0
315.0,406.0,728.0,204.0,481.0
59.0,241.0,69.0,13.0,35.0
421.0,330.0,324.0,118.0,602.0
84.0,248.0,56.0,51.0,25.0
65.0,303.0,78.0,102.0,53.0
43.0,205.0,52.0,36.0,20.0
65.0,347.0,78.0,132.0,53.0
82.0,347.0,83.0,133.0,157.0
95.0,282.0,68.0,77.0,33.0
59.0,282.0,66.0,72.0,31.0
126.0,480.0,153.0,417.0,344.0
37.0,278.0,45.0,67.0,30.0
80.0,165.0,101.0,24.0,109.0
79.0,156.0,92.0,22.0,205.0
33.0,146.0,42.0,19.0,11.0
96.0,580.0,126.0,309.0,283.0
20.0,178.0,105.0,47.0,154.0
100.0,482.0,151.0,376.0,303.0
96.0,354.0,87.0,172.0,107.0
62.0,308.0,72.0,93.0,41.0
59.0,337.0,87.0,135.0,109.0
77.0,339.0,89.0,125.0,110.0
90.0,406.0,107.0,192.0,154.0
82.0,469.0,71.0,309.0,33.0
53.0,0.0,52.0,0.0,19.0
51.0,308.0,59.0,52.0,25.0
186.0,236.0,54.0,36.0,20.0
37.0,236.0,48.0,44.0,15.0
51.0,317.0,59.0,52.0,25.0
38.0,236.0,48.0,59.0,18.0
38.0,325.0,88.0,115.0,109.0
240.0,282.0,66.0,72.0,31.0
78.0,14.0,77.0,1.0,11.0
28.0,326.0,27.0,7.0,7.0
91.0,122.0,24.0,3.0,7.0
70.0,329.0,84.0,117.0,76.0
28.0,122.0,33.0,17.0,8.0
67.0,236.0,78.0,44.0,23.0
78.0,337.0,90.0,121.0,118.0
256.0,139.0,277.0,19.0,567.0
96.0,296.0,58.0,80.0,25.0
33.0,284.0,52.0,34.0,20.0
28.0,122.0,34.0,17.0,8.0
57.0,282.0,68.0,72.0,32.0
51.0,241.0,59.0,47.0,24.0
96.0,353.0,124.0,150.0,205.0
82.0,406.0,103.0,204.0,148.0
40.0,194.0,50.0,30.0,19.0
59.0,292.0,68.0,79.0,35.0
33.0,197.0,65.0,36.0,20.0
133.0,480.0,226.0,366.0,481.0
61.0,122.0,71.0,17.0,35.0
71.0,326.0,85.0,118.0,78.0
192.0,122.0,51.0,17.0,19.0
315.0,146.0,42.0,20.0,11.0
33.0,151.0,42.0,22.0,11.0
91.0,353.0,107.0,131.0,205.0
48.0,223.0,57.0,37.0,24.0
205.0,589.0,208.0,558.0,431.0
63.0,296.0,73.0,80.0,35.0
77.0,366.0,103.0,195.0,151.0
82.0,386.0,101.0,173.0,128.0
28.0,178.0,27.0,8.0,8.0
71.0,337.0,86.0,118.0,89.0
91.0,301.0,114.0,168.0,154.0
46.0,197.0,55.0,36.0,22.0
43.0,193.0,51.0,34.0,20.0
58.0,178.0,47.0,23.0,15.0
256.0,199.0,107.0,81.0,36.0
64.0,217.0,76.0,102.0,50.0
28.0,135.0,33.0,19.0,8.0
69.0,347.0,86.0,135.0,101.0
91.0,474.0,116.0,211.0,173.0
102.0,111.0,147.0,7.0,274.0
59.0,273.0,62.0,62.0,29.0
91.0,282.0,72.0,77.0,33.0
190.0,330.0,86.0,118.0,76.0
487.0,292.0,537.0,861.0,722.0
41.0,226.0,50.0,30.0,19.0
315.0,296.0,103.0,81.0,123.0
215.0,193.0,55.0,34.0,20.0
91.0,278.0,66.0,67.0,31.0
100.0,146.0,149.0,22.0,14.0
427.0,228.0,514.0,41.0,22.0
294.0,139.0,367.0,19.0,623.0
63.0,240.0,63.0,17.0,8.0
90.0,252.0,107.0,152.0,110.0
61.0,273.0,71.0,66.0,53.0
98.0,284.0,77.0,76.0,50.0
692.0,146.0,34.0,19.0,8.0
43.0,193.0,52.0,34.0,20.0
92.0,278.0,65.0,66.0,30.0
79.0,347.0,105.0,133.0,154.0
82.0,303.0,103.0,59.0,24.0
43.0,228.0,52.0,36.0,20.0
48.0,228.0,56.0,41.0,22.0
279.0,437.0,298.0,213.0,170.0
128.0,354.0,87.0,148.0,124.0
59.0,163.0,65.0,22.0,24.0
53.0,116.0,60.0,58.0,26.0
45.0,301.0,51.0,83.0,36.0
91.0,519.0,224.0,497.0,303.0
28.0,348.0,93.0,135.0,120.0
80.0,241.0,57.0,41.0,24.0
63.0,325.0,72.0,90.0,40.0
48.0,205.0,56.0,36.0,23.0
82.0,494.0,89.0,202.0,110.0
91.0,445.0,99.0,153.0,128.0
34.0,228.0,44.0,41.0,14.0
23.0,348.0,88.0,135.0,109.0
63.0,306.0,72.0,88.0,41.0
49.0,237.0,56.0,44.0,24.0
20.0,153.0,24.0,22.0,13.0
28.0,178.0,27.0,7.0,7.0
91.0,337.0,114.0,195.0,160.0
80.0,325.0,84.0,576.0,386.0
59.0,347.0,69.0,132.0,26.0
77.0,292.0,87.0,79.0,64.0
279.0,153.0,298.0,22.0,613.0
71.0,330.0,85.0,118.0,78.0
33.0,226.0,45.0,36.0,20.0
48.0,191.0,55.0,34.0,22.0
84.0,76.0,100.0,2.0,4.0
81.0,354.0,99.0,151.0,128.0
59.0,282.0,66.0,72.0,31.0
28.0,284.0,60.0,59.0,26.0
82.0,343.0,101.0,143.0,148.0
20.0,25.0,9.0,2.0,1.0
54.0,278.0,60.0,57.0,26.0
38.0,178.0,48.0,30.0,26.0
77.0,252.0,89.0,131.0,99.0
32.0,122.0,40.0,18.0,11.0
84.0,296.0,69.0,81.0,35.0
47.0,228.0,56.0,41.0,22.0
20.0,76.0,20.0,2.0,4.0
190.0,237.0,30.0,7.0,8.0
335.0,301.0,480.0,622.0,567.0
43.0,205.0,52.0,22.0,33.0
47.0,228.0,55.0,41.0,22.0
0.0,354.0,0.0,1.0,0.0
39.0,172.0,48.0,25.0,17.0
205.0,632.0,208.0,558.0,431.0
80.0,354.0,93.0,150.0,119.0
86.0,386.0,105.0,173.0,154.0
315.0,273.0,298.0,67.0,118.0
59.0,296.0,69.0,81.0,35.0
59.0,302.0,70.0,87.0,36.0
38.0,167.0,48.0,25.0,17.0
59.0,140.0,67.0,19.0,8.0
80.0,339.0,93.0,121.0,118.0
98.0,438.0,139.0,222.0,266.0
100.0,520.0,151.0,367.0,287.0
427.0,940.0,514.0,861.0,716.0
28.0,236.0,56.0,44.0,24.0
205.0,474.0,152.0,367.0,289.0
43.0,193.0,52.0,34.0,20.0
78.0,252.0,90.0,23.0,118.0
78.0,437.0,90.0,213.0,160.0
102.0,146.0,151.0,22.0,303.0
34.0,163.0,43.0,22.0,12.0
427.0,366.0,514.0,153.0,481.0
165.0,236.0,277.0,841.0,567.0
21.0,223.0,20.0,37.0,0.0
40.0,164.0,48.0,22.0,18.0
33.0,173.0,20.0,195.0,1.0
81.0,163.0,101.0,23.0,14.0
766.0,299.0,822.0,585.0,453.0
59.0,351.0,63.0,62.0,29.0
43.0,312.0,51.0,97.0,23.0
38.0,242.0,50.0,30.0,19.0
49.0,255.0,56.0,47.0,24.0
61.0,296.0,73.0,81.0,35.0
63.0,140.0,74.0,19.0,11.0
489.0,518.0,151.0,428.0,361.0
59.0,289.0,69.0,88.0,35.0
29.0,445.0,145.0,373.0,331.0
206.0,589.0,224.0,558.0,431.0
90.0,351.0,103.0,137.0,128.0
23.0,241.0,24.0,47.0,24.0
100.0,353.0,114.0,150.0,120.0
433.0,148.0,526.0,22.0,13.0
43.0,167.0,52.0,25.0,11.0
78.0,78.0,86.0,1.0,101.0
84.0,248.0,89.0,51.0,110.0
166.0,438.0,175.0,618.0,509.0
29.0,178.0,34.0,30.0,15.0
133.0,233.0,157.0,43.0,368.0
371.0,301.0,490.0,83.0,36.0
0.0,194.0,0.0,36.0,0.0
102.0,282.0,151.0,72.0,31.0
91.0,171.0,116.0,25.0,17.0
59.0,292.0,165.0,79.0,34.0
59.0,292.0,69.0,79.0,35.0
74.0,346.0,87.0,135.0,107.0
45.0,217.0,55.0,37.0,21.0
699.0,312.0,999.0,100.0,999.0
48.0,228.0,56.0,41.0,22.0
43.0,273.0,52.0,64.0,29.0
294.0,151.0,24.0,3.0,7.0
128.0,330.0,85.0,118.0,78.0
35.0,165.0,48.0,23.0,15.0
20.0,167.0,48.0,25.0,17.0
40.0,222.0,54.0,36.0,20.0
192.0,354.0,182.0,151.0,417.0
80.0,437.0,116.0,222.0,177.0
81.0,347.0,100.0,172.0,141.0
58.0,236.0,65.0,44.0,26.0
82.0,353.0,103.0,151.0,139.0
42.0,178.0,50.0,30.0,19.0
69.0,252.0,83.0,56.0,60.0
96.0,329.0,72.0,77.0,33.0
102.0,518.0,152.0,428.0,361.0
92.0,163.0,120.0,22.0,151.0
21.0,111.0,63.0,62.0,29.0
84.0,282.0,103.0,70.0,160.0
92.0,308.0,72.0,93.0,43.0
91.0,437.0,116.0,222.0,174.0
433.0,223.0,526.0,40.0,716.0
166.0,292.0,175.0,80.0,35.0
59.0,240.0,65.0,66.0,30.0
206.0,194.0,225.0,36.0,20.0
294.0,248.0,58.0,51.0,24.0
59.0,282.0,65.0,80.0,60.0
24.0,197.0,24.0,36.0,7.0
53.0,302.0,34.0,87.0,40.0
54.0,167.0,48.0,25.0,17.0
49.0,252.0,58.0,51.0,24.0
45.0,273.0,71.0,66.0,30.0
128.0,518.0,155.0,428.0,361.0
70.0,329.0,84.0,118.0,78.0
21.0,353.0,20.0,2.0,3.0
54.0,240.0,57.0,47.0,24.0
315.0,116.0,44.0,18.0,14.0
140.0,437.0,164.0,213.0,369.0
192.0,650.0,224.0,589.0,453.0
71.0,330.0,85.0,118.0,78.0
59.0,296.0,69.0,80.0,35.0
216.0,148.0,156.0,22.0,364.0
43.0,205.0,54.0,36.0,20.0
33.0,151.0,41.0,22.0,14.0
91.0,437.0,116.0,214.0,173.0
27.0,312.0,96.0,173.0,141.0
31.0,308.0,62.0,93.0,42.0
42.0,178.0,51.0,30.0,19.0
102.0,482.0,324.0,367.0,602.0
206.0,520.0,224.0,497.0,369.0
33.0,135.0,40.0,18.0,11.0
31.0,302.0,34.0,8.0,8.0
28.0,89.0,27.0,3.0,7.0
96.0,217.0,66.0,37.0,21.0
29.0,0.0,34.0,0.0,8.0
140.0,304.0,181.0,88.0,53.0
84.0,437.0,107.0,366.0,173.0
43.0,242.0,51.0,47.0,24.0
77.0,347.0,88.0,132.0,105.0
231.0,445.0,277.0,538.0,567.0
49.0,240.0,58.0,50.0,24.0
63.0,308.0,74.0,88.0,43.0
40.0,167.0,48.0,18.0,23.0
205.0,406.0,208.0,204.0,364.0
98.0,215.0,60.0,38.0,26.0
28.0,122.0,33.0,17.0,8.0
999.0,437.0,999.0,222.0,999.0
98.0,317.0,114.0,223.0,174.0
29.0,165.0,34.0,8.0,8.0
38.0,165.0,48.0,23.0,15.0
43.0,217.0,52.0,37.0,21.0
78.0,354.0,90.0,137.0,118.0
29.0,164.0,36.0,22.0,14.0
206.0,273.0,101.0,66.0,30.0
49.0,205.0,56.0,36.0,22.0
57.0,308.0,72.0,93.0,42.0
59.0,289.0,69.0,88.0,33.0
62.0,284.0,68.0,76.0,32.0
59.0,289.0,69.0,77.0,35.0
555.0,165.0,709.0,23.0,15.0
205.0,517.0,153.0,417.0,344.0
81.0,347.0,101.0,93.0,42.0
69.0,302.0,69.0,87.0,36.0
49.0,237.0,58.0,45.0,24.0
59.0,273.0,65.0,66.0,30.0
206.0,517.0,225.0,428.0,361.0
41.0,178.0,50.0,30.0,19.0
59.0,217.0,66.0,36.0,32.0
186.0,517.0,155.0,428.0,361.0
59.0,252.0,66.0,88.0,37.0
131.0,228.0,55.0,41.0,22.0
205.0,240.0,175.0,66.0,368.0
67.0,330.0,78.0,117.0,64.0
999.0,273.0,999.0,550.0,999.0
80.0,164.0,45.0,23.0,14.0
82.0,482.0,101.0,172.0,139.0
95.0,148.0,24.0,22.0,7.0
208.0,289.0,68.0,77.0,33.0
28.0,193.0,24.0,34.0,6.0
70.0,313.0,84.0,83.0,76.0
99.0,78.0,149.0,585.0,453.0
24.0,278.0,24.0,3.0,7.0
999.0,520.0,999.0,538.0,999.0
59.0,301.0,70.0,83.0,36.0
71.0,330.0,86.0,118.0,78.0
49.0,215.0,66.0,50.0,31.0
80.0,163.0,51.0,22.0,12.0
92.0,146.0,58.0,22.0,24.0
102.0,228.0,153.0,43.0,31.0
91.0,146.0,114.0,62.0,25.0
555.0,242.0,709.0,47.0,602.0
487.0,406.0,116.0,204.0,173.0
487.0,278.0,537.0,861.0,722.0
59.0,284.0,69.0,77.0,33.0
206.0,273.0,200.0,66.0,30.0
59.0,308.0,69.0,93.0,35.0
79.0,314.0,78.0,100.0,44.0
64.0,278.0,74.0,66.0,31.0
130.0,518.0,156.0,428.0,364.0
29.0,343.0,36.0,102.0,53.0
699.0,330.0,83.0,131.0,118.0
861.0,650.0,783.0,585.0,567.0
102.0,520.0,153.0,386.0,287.0
59.0,171.0,49.0,25.0,17.0
93.0,265.0,126.0,62.0,28.0
71.0,347.0,86.0,133.0,110.0
20.0,138.0,34.0,18.0,8.0
64.0,348.0,90.0,135.0,109.0
140.0,647.0,164.0,59.0,369.0
34.0,193.0,51.0,34.0,20.0
31.0,163.0,39.0,22.0,11.0
78.0,354.0,90.0,151.0,118.0
102.0,482.0,151.0,367.0,303.0
70.0,353.0,84.0,150.0,128.0
96.0,236.0,126.0,44.0,22.0
552.0,248.0,728.0,1.0,1.0
91.0,354.0,9.0,36.0,20.0
240.0,329.0,139.0,117.0,78.0
555.0,375.0,709.0,172.0,926.0
165.0,580.0,182.0,550.0,417.0
59.0,278.0,65.0,67.0,31.0
51.0,236.0,59.0,44.0,23.0
91.0,339.0,116.0,192.0,170.0
96.0,217.0,30.0,37.0,8.0
315.0,163.0,20.0,2.0,3.0
33.0,151.0,48.0,22.0,14.0
71.0,343.0,86.0,130.0,99.0
65.0,353.0,92.0,148.0,119.0
63.0,292.0,74.0,79.0,34.0
90.0,172.0,244.0,27.0,14.0
80.0,217.0,92.0,102.0,120.0
133.0,433.0,145.0,211.0,283.0
59.0,351.0,69.0,77.0,32.0
34.0,228.0,45.0,41.0,23.0
208.0,661.0,225.0,618.0,477.0
63.0,217.0,73.0,25.0,16.0
74.0,353.0,86.0,148.0,119.0
45.0,236.0,55.0,44.0,23.0
205.0,347.0,87.0,133.0,107.0
285.0,273.0,226.0,62.0,481.0
82.0,330.0,103.0,121.0,89.0
82.0,282.0,103.0,83.0,36.0
43.0,199.0,52.0,36.0,20.0
100.0,0.0,143.0,0.0,0.0
27.0,199.0,20.0,2.0,3.0
28.0,226.0,33.0,50.0,8.0
315.0,528.0,352.0,538.0,613.0
100.0,480.0,151.0,367.0,283.0
49.0,247.0,58.0,50.0,24.0
99.0,386.0,145.0,172.0,128.0
128.0,397.0,156.0,192.0,364.0
54.0,283.0,60.0,72.0,26.0
60.0,301.0,71.0,83.0,36.0
33.0,278.0,41.0,64.0,29.0
93.0,351.0,99.0,152.0,124.0
21.0,223.0,114.0,28.0,170.0
215.0,528.0,175.0,538.0,416.0
27.0,237.0,27.0,7.0,7.0
51.0,146.0,59.0,22.0,14.0
692.0,122.0,76.0,18.0,10.0
231.0,252.0,480.0,56.0,623.0
63.0,304.0,73.0,36.0,43.0
43.0,205.0,52.0,36.0,20.0
64.0,265.0,74.0,62.0,41.0
21.0,78.0,20.0,2.0,3.0
205.0,223.0,20.0,37.0,21.0
190.0,278.0,66.0,70.0,31.0
79.0,292.0,65.0,88.0,24.0
29.0,397.0,103.0,172.0,148.0
21.0,78.0,22.0,2.0,4.0
64.0,306.0,84.0,93.0,42.0
91.0,474.0,116.0,309.0,173.0
433.0,312.0,526.0,97.0,716.0
128.0,517.0,153.0,428.0,344.0
279.0,284.0,298.0,77.0,579.0
128.0,302.0,153.0,83.0,344.0
54.0,347.0,124.0,137.0,115.0
186.0,519.0,182.0,497.0,417.0
699.0,314.0,822.0,130.0,99.0
73.0,353.0,90.0,148.0,119.0
33.0,167.0,42.0,25.0,11.0
80.0,325.0,93.0,115.0,99.0
70.0,330.0,84.0,117.0,76.0
205.0,193.0,52.0,36.0,20.0
256.0,494.0,291.0,367.0,579.0
28.0,163.0,47.0,23.0,15.0
93.0,302.0,121.0,226.0,181.0
53.0,265.0,60.0,59.0,26.0
43.0,284.0,52.0,36.0,20.0
71.0,151.0,85.0,22.0,76.0
45.0,296.0,55.0,79.0,36.0
128.0,474.0,156.0,59.0,364.0
206.0,78.0,224.0,753.0,266.0
28.0,632.0,514.0,558.0,963.0
555.0,999.0,709.0,999.0,657.0
78.0,433.0,92.0,223.0,118.0
54.0,217.0,55.0,66.0,26.0
57.0,292.0,61.0,79.0,34.0
45.0,217.0,55.0,37.0,21.0
427.0,252.0,514.0,57.0,105.0
47.0,242.0,55.0,36.0,11.0
35.0,140.0,44.0,2.0,1.0
213.0,480.0,149.0,366.0,289.0
59.0,292.0,69.0,79.0,35.0
91.0,165.0,30.0,23.0,8.0
77.0,354.0,90.0,150.0,120.0
45.0,226.0,55.0,38.0,21.0
43.0,193.0,52.0,34.0,20.0
371.0,999.0,480.0,999.0,657.0
213.0,302.0,237.0,62.0,477.0
59.0,236.0,69.0,70.0,31.0
59.0,188.0,72.0,36.0,22.0
57.0,265.0,62.0,62.0,28.0
240.0,283.0,153.0,152.0,303.0
40.0,222.0,52.0,36.0,20.0
383.0,437.0,490.0,222.0,613.0
34.0,165.0,43.0,22.0,11.0
58.0,278.0,63.0,62.0,29.0
63.0,319.0,72.0,102.0,43.0
78.0,329.0,90.0,115.0,118.0
63.0,228.0,59.0,36.0,25.0
699.0,178.0,537.0,861.0,722.0
197.0,248.0,200.0,51.0,429.0
80.0,296.0,39.0,80.0,35.0
421.0,330.0,88.0,117.0,53.0
59.0,296.0,69.0,80.0,35.0
40.0,52.0,48.0,22.0,18.0
240.0,308.0,224.0,558.0,431.0
98.0,348.0,87.0,137.0,115.0
31.0,135.0,39.0,18.0,8.0
82.0,303.0,93.0,137.0,115.0
421.0,156.0,39.0,2.0,4.0
73.0,375.0,90.0,172.0,139.0
38.0,193.0,48.0,34.0,22.0
78.0,167.0,93.0,25.0,17.0
102.0,284.0,152.0,76.0,33.0
64.0,122.0,175.0,18.0,369.0
102.0,325.0,100.0,137.0,115.0
78.0,178.0,90.0,118.0,118.0
43.0,193.0,51.0,34.0,20.0
77.0,517.0,157.0,428.0,361.0
699.0,278.0,783.0,93.0,38.0
315.0,106.0,24.0,7.0,7.0
43.0,223.0,52.0,37.0,21.0
80.0,233.0,90.0,43.0,110.0
21.0,193.0,20.0,34.0,22.0
43.0,314.0,84.0,100.0,41.0
92.0,494.0,116.0,223.0,173.0
35.0,438.0,44.0,22.0,15.0
190.0,519.0,181.0,538.0,416.0
59.0,301.0,65.0,83.0,33.0
57.0,278.0,65.0,67.0,31.0
186.0,347.0,87.0,133.0,107.0
59.0,353.0,96.0,150.0,120.0
692.0,236.0,728.0,44.0,926.0
71.0,343.0,86.0,131.0,101.0
102.0,351.0,151.0,118.0,260.0
206.0,650.0,224.0,585.0,602.0
80.0,165.0,48.0,23.0,15.0
98.0,302.0,121.0,226.0,181.0
70.0,273.0,84.0,66.0,30.0
59.0,205.0,50.0,30.0,19.0
315.0,241.0,58.0,50.0,24.0
39.0,167.0,48.0,25.0,17.0
70.0,140.0,84.0,110.0,76.0
82.0,330.0,73.0,121.0,81.0
421.0,306.0,69.0,88.0,33.0
34.0,167.0,44.0,25.0,18.0
33.0,138.0,43.0,18.0,11.0
61.0,319.0,71.0,88.0,37.0
28.0,228.0,58.0,41.0,23.0
53.0,241.0,57.0,47.0,24.0
106.0,528.0,153.0,585.0,477.0
78.0,469.0,90.0,226.0,118.0
90.0,222.0,107.0,37.0,21.0
91.0,188.0,121.0,226.0,181.0
49.0,240.0,58.0,47.0,24.0
40.0,226.0,52.0,37.0,20.0
59.0,165.0,67.0,23.0,14.0
59.0,748.0,69.0,82.0,36.0
58.0,273.0,63.0,64.0,29.0
58.0,313.0,69.0,83.0,35.0
28.0,140.0,69.0,19.0,34.0
65.0,273.0,55.0,30.0,21.0
48.0,237.0,56.0,45.0,44.0
190.0,632.0,189.0,558.0,431.0
59.0,301.0,69.0,80.0,35.0
59.0,302.0,71.0,87.0,36.0
53.0,191.0,58.0,34.0,25.0
54.0,282.0,59.0,76.0,32.0
205.0,632.0,208.0,558.0,431.0
49.0,247.0,57.0,59.0,24.0
45.0,171.0,54.0,36.0,20.0
206.0,194.0,224.0,576.0,453.0
160.0,438.0,116.0,222.0,174.0
100.0,494.0,151.0,373.0,303.0
29.0,223.0,54.0,37.0,20.0
33.0,329.0,50.0,30.0,19.0
59.0,273.0,66.0,66.0,30.0
46.0,236.0,55.0,37.0,21.0
34.0,265.0,41.0,62.0,26.0
41.0,273.0,83.0,66.0,6.0
285.0,236.0,39.0,19.0,11.0
52.0,188.0,59.0,57.0,22.0
63.0,284.0,73.0,79.0,34.0
65.0,326.0,84.0,115.0,76.0
65.0,236.0,78.0,618.0,509.0
43.0,223.0,52.0,37.0,21.0
133.0,146.0,153.0,22.0,22.0
33.0,140.0,41.0,19.0,11.0
102.0,366.0,92.0,168.0,119.0
91.0,517.0,107.0,211.0,160.0
208.0,296.0,226.0,81.0,35.0
40.0,228.0,48.0,22.0,18.0
82.0,273.0,99.0,64.0,120.0
40.0,163.0,48.0,26.0,18.0
98.0,236.0,139.0,44.0,23.0
102.0,226.0,145.0,37.0,26.0
35.0,153.0,44.0,22.0,14.0
489.0,517.0,604.0,373.0,368.0
28.0,233.0,27.0,8.0,7.0
216.0,165.0,237.0,30.0,19.0
54.0,248.0,59.0,50.0,25.0
383.0,517.0,490.0,428.0,361.0
49.0,228.0,56.0,41.0,24.0
102.0,438.0,151.0,376.0,303.0
58.0,217.0,63.0,37.0,21.0
28.0,299.0,27.0,7.0,7.0
31.0,257.0,39.0,57.0,26.0
328.0,335.0,537.0,121.0,722.0
20.0,278.0,65.0,67.0,31.0
38.0,278.0,48.0,3.0,7.0
34.0,284.0,24.0,77.0,32.0
40.0,273.0,60.0,40.0,26.0
49.0,241.0,57.0,47.0,24.0
35.0,164.0,44.0,22.0,14.0
0.0,0.0,0.0,0.0,0.0
70.0,241.0,57.0,47.0,24.0
45.0,217.0,55.0,37.0,21.0
34.0,160.0,44.0,22.0,13.0
40.0,173.0,48.0,28.0,18.0
21.0,232.0,22.0,2.0,4.0
59.0,273.0,66.0,64.0,29.0
29.0,242.0,34.0,50.0,24.0
62.0,319.0,72.0,102.0,76.0
98.0,632.0,124.0,309.0,222.0
205.0,289.0,189.0,367.0,289.0
91.0,326.0,152.0,211.0,157.0
91.0,353.0,85.0,118.0,78.0
45.0,223.0,55.0,37.0,21.0
208.0,506.0,151.0,376.0,303.0
256.0,178.0,66.0,30.0,19.0
52.0,308.0,59.0,56.0,26.0
59.0,283.0,69.0,72.0,32.0
28.0,76.0,30.0,3.0,8.0
81.0,438.0,100.0,222.0,119.0
33.0,273.0,36.0,2.0,4.0
215.0,366.0,165.0,468.0,368.0
28.0,301.0,27.0,192.0,148.0
91.0,140.0,41.0,19.0,11.0
43.0,205.0,52.0,36.0,20.0
955.0,194.0,44.0,36.0,20.0
231.0,265.0,87.0,117.0,76.0
61.0,312.0,71.0,93.0,38.0
57.0,282.0,116.0,213.0,173.0
95.0,292.0,123.0,90.0,194.0
70.0,273.0,84.0,66.0,41.0
62.0,165.0,72.0,80.0,41.0
40.0,248.0,208.0,558.0,429.0
59.0,265.0,61.0,62.0,26.0
49.0,313.0,85.0,118.0,81.0
231.0,528.0,152.0,538.0,369.0
65.0,296.0,78.0,83.0,53.0
100.0,647.0,181.0,622.0,417.0
285.0,193.0,86.0,34.0,20.0
279.0,303.0,77.0,88.0,37.0
192.0,386.0,153.0,173.0,148.0
315.0,167.0,48.0,25.0,17.0
186.0,260.0,182.0,117.0,78.0
49.0,247.0,58.0,52.0,24.0
63.0,346.0,71.0,195.0,157.0
23.0,78.0,24.0,3.0,7.0
192.0,297.0,107.0,152.0,119.0
34.0,335.0,157.0,118.0,78.0
59.0,242.0,70.0,50.0,24.0
315.0,292.0,114.0,79.0,33.0
285.0,167.0,48.0,25.0,17.0
205.0,247.0,58.0,50.0,24.0
48.0,236.0,56.0,44.0,23.0
62.0,171.0,72.0,30.0,40.0
43.0,163.0,52.0,47.0,20.0
71.0,519.0,151.0,538.0,386.0
683.0,647.0,709.0,576.0,926.0
43.0,193.0,52.0,36.0,20.0
213.0,304.0,237.0,88.0,42.0
48.0,228.0,56.0,41.0,22.0
433.0,375.0,526.0,172.0,283.0
35.0,520.0,224.0,538.0,429.0
692.0,302.0,73.0,83.0,36.0
28.0,248.0,24.0,79.0,33.0
96.0,474.0,139.0,290.0,260.0
335.0,343.0,526.0,130.0,716.0
74.0,348.0,87.0,135.0,109.0
91.0,282.0,84.0,117.0,76.0
999.0,301.0,999.0,83.0,999.0
80.0,303.0,99.0,121.0,89.0
38.0,241.0,48.0,47.0,15.0
699.0,164.0,55.0,25.0,18.0
81.0,306.0,59.0,88.0,37.0
90.0,437.0,107.0,214.0,170.0
71.0,228.0,72.0,41.0,22.0
20.0,217.0,20.0,36.0,24.0
48.0,306.0,56.0,62.0,28.0
57.0,240.0,59.0,50.0,24.0
328.0,528.0,470.0,223.0,274.0
54.0,146.0,44.0,22.0,11.0
166.0,284.0,175.0,70.0,30.0
328.0,940.0,480.0,841.0,716.0
28.0,135.0,33.0,19.0,8.0
59.0,284.0,69.0,77.0,36.0
53.0,306.0,72.0,88.0,44.0
421.0,528.0,152.0,538.0,416.0
78.0,299.0,89.0,81.0,110.0
96.0,247.0,124.0,226.0,181.0
131.0,122.0,47.0,17.0,8.0
371.0,167.0,480.0,25.0,17.0
215.0,303.0,71.0,88.0,37.0
84.0,260.0,124.0,211.0,205.0
54.0,386.0,59.0,173.0,128.0
58.0,228.0,59.0,30.0,19.0
21.0,14.0,20.0,2.0,3.0
33.0,283.0,44.0,22.0,14.0
99.0,111.0,145.0,550.0,579.0
102.0,146.0,149.0,22.0,194.0
315.0,122.0,34.0,17.0,8.0
50.0,296.0,57.0,80.0,35.0
126.0,519.0,153.0,417.0,344.0
38.0,178.0,51.0,30.0,19.0
20.0,339.0,24.0,125.0,7.0
335.0,302.0,480.0,102.0,50.0
91.0,317.0,107.0,102.0,155.0
61.0,302.0,71.0,87.0,35.0
100.0,494.0,151.0,373.0,274.0
40.0,236.0,49.0,44.0,23.0
70.0,354.0,86.0,151.0,99.0
80.0,343.0,92.0,130.0,96.0
58.0,146.0,72.0,22.0,12.0
49.0,172.0,58.0,27.0,24.0
58.0,273.0,51.0,30.0,19.0
489.0,301.0,71.0,83.0,36.0
61.0,306.0,71.0,100.0,47.0
59.0,301.0,69.0,83.0,36.0
51.0,199.0,59.0,36.0,21.0
487.0,347.0,537.0,841.0,722.0
69.0,140.0,86.0,19.0,11.0
80.0,353.0,85.0,138.0,78.0
61.0,284.0,71.0,58.0,31.0
215.0,265.0,78.0,62.0,26.0
77.0,386.0,89.0,173.0,128.0
86.0,282.0,105.0,202.0,154.0
53.0,178.0,50.0,30.0,19.0
59.0,306.0,63.0,88.0,38.0
192.0,406.0,107.0,204.0,155.0
59.0,301.0,68.0,83.0,32.0
58.0,480.0,66.0,66.0,31.0
95.0,223.0,124.0,37.0,21.0
61.0,301.0,71.0,81.0,36.0
80.0,233.0,68.0,77.0,33.0
64.0,304.0,76.0,102.0,50.0
27.0,0.0,27.0,8.0,8.0
53.0,308.0,60.0,36.0,20.0
99.0,296.0,145.0,81.0,36.0
215.0,283.0,67.0,72.0,32.0
29.0,165.0,44.0,23.0,14.0
45.0,308.0,55.0,83.0,36.0
59.0,296.0,61.0,80.0,35.0
34.0,153.0,44.0,22.0,13.0
102.0,361.0,143.0,58.0,24.0
43.0,140.0,52.0,30.0,19.0
62.0,346.0,86.0,131.0,96.0
21.0,445.0,116.0,226.0,173.0
59.0,301.0,70.0,83.0,36.0
59.0,171.0,48.0,25.0,17.0
206.0,178.0,50.0,30.0,19.0
43.0,222.0,51.0,36.0,19.0
43.0,226.0,52.0,37.0,20.0
45.0,236.0,55.0,37.0,21.0
80.0,339.0,99.0,125.0,128.0
100.0,226.0,149.0,7.0,274.0
427.0,228.0,237.0,41.0,287.0
71.0,292.0,86.0,97.0,96.0
102.0,171.0,153.0,22.0,344.0
0.0,0.0,0.0,0.0,0.0
57.0,273.0,63.0,64.0,29.0
46.0,228.0,55.0,41.0,22.0
102.0,354.0,152.0,151.0,417.0
383.0,148.0,200.0,22.0,429.0
29.0,406.0,116.0,204.0,173.0
49.0,228.0,58.0,47.0,24.0
0.0,296.0,0.0,80.0,0.0
34.0,139.0,44.0,19.0,11.0
231.0,347.0,88.0,125.0,96.0
54.0,255.0,60.0,58.0,26.0
20.0,241.0,56.0,47.0,25.0
57.0,282.0,114.0,70.0,96.0
100.0,517.0,147.0,366.0,303.0
28.0,173.0,27.0,13.0,8.0
27.0,228.0,41.0,18.0,11.0
190.0,348.0,149.0,138.0,283.0
160.0,163.0,164.0,22.0,369.0
48.0,181.0,56.0,59.0,24.0
77.0,348.0,86.0,135.0,118.0
70.0,330.0,84.0,117.0,76.0
100.0,167.0,149.0,367.0,283.0
63.0,247.0,74.0,50.0,24.0
64.0,165.0,74.0,24.0,18.0
45.0,172.0,55.0,18.0,21.0
59.0,283.0,69.0,77.0,33.0
45.0,122.0,33.0,17.0,8.0
54.0,236.0,56.0,44.0,24.0
328.0,247.0,470.0,62.0,623.0
59.0,284.0,68.0,77.0,33.0
51.0,354.0,59.0,52.0,25.0
213.0,223.0,237.0,37.0,21.0
54.0,140.0,59.0,19.0,26.0
59.0,278.0,70.0,83.0,36.0
40.0,151.0,48.0,22.0,18.0
77.0,292.0,88.0,137.0,109.0
77.0,289.0,85.0,79.0,36.0
82.0,339.0,87.0,152.0,123.0
130.0,517.0,152.0,428.0,361.0
50.0,241.0,58.0,47.0,24.0
53.0,354.0,101.0,151.0,123.0
555.0,138.0,709.0,13.0,8.0
29.0,111.0,34.0,8.0,8.0
186.0,217.0,55.0,37.0,21.0
96.0,353.0,139.0,290.0,260.0
328.0,296.0,41.0,17.0,11.0
71.0,354.0,85.0,118.0,78.0
63.0,314.0,74.0,100.0,53.0
100.0,283.0,149.0,72.0,287.0
206.0,506.0,151.0,376.0,303.0
59.0,296.0,69.0,77.0,33.0
126.0,517.0,153.0,417.0,364.0
42.0,252.0,50.0,30.0,19.0
49.0,506.0,58.0,47.0,24.0
59.0,167.0,66.0,25.0,17.0
21.0,278.0,157.0,100.0,368.0
86.0,292.0,105.0,79.0,128.0
692.0,480.0,157.0,353.0,369.0
92.0,335.0,123.0,172.0,139.0
86.0,404.0,105.0,213.0,344.0
371.0,661.0,480.0,589.0,481.0
128.0,330.0,139.0,117.0,260.0
71.0,480.0,85.0,376.0,76.0
35.0,165.0,44.0,23.0,14.0
84.0,248.0,103.0,192.0,151.0
315.0,241.0,57.0,47.0,24.0
692.0,116.0,709.0,3.0,7.0
37.0,173.0,49.0,28.0,18.0
70.0,304.0,84.0,83.0,36.0
46.0,106.0,55.0,36.0,21.0
35.0,375.0,45.0,192.0,368.0
45.0,273.0,51.0,66.0,30.0
38.0,106.0,48.0,18.0,15.0
43.0,193.0,52.0,34.0,20.0
683.0,517.0,156.0,428.0,364.0
98.0,386.0,143.0,286.0,222.0
99.0,0.0,145.0,56.0,24.0
35.0,146.0,44.0,22.0,15.0
82.0,406.0,103.0,204.0,155.0
34.0,228.0,58.0,41.0,22.0
20.0,164.0,9.0,1.0,1.0
383.0,296.0,490.0,211.0,170.0
192.0,519.0,151.0,373.0,303.0
64.0,165.0,48.0,24.0,15.0
79.0,348.0,88.0,135.0,109.0
96.0,326.0,156.0,115.0,364.0
65.0,265.0,85.0,57.0,89.0
98.0,519.0,470.0,497.0,623.0
46.0,223.0,55.0,37.0,22.0
59.0,297.0,66.0,82.0,36.0
33.0,273.0,39.0,66.0,8.0
38.0,178.0,49.0,30.0,19.0
80.0,353.0,92.0,143.0,118.0
64.0,303.0,73.0,88.0,37.0
166.0,273.0,175.0,72.0,31.0
59.0,284.0,68.0,77.0,33.0
48.0,228.0,56.0,41.0,22.0
64.0,106.0,59.0,8.0,24.0
82.0,438.0,101.0,222.0,181.0
82.0,314.0,77.0,100.0,49.0
98.0,296.0,139.0,34.0,266.0
43.0,354.0,77.0,130.0,99.0
65.0,313.0,78.0,100.0,53.0
126.0,517.0,153.0,417.0,344.0
192.0,632.0,200.0,558.0,431.0
59.0,304.0,67.0,137.0,38.0
999.0,301.0,999.0,585.0,999.0
21.0,78.0,22.0,2.0,4.0
43.0,153.0,52.0,22.0,14.0
59.0,167.0,69.0,25.0,17.0
48.0,228.0,56.0,41.0,22.0
133.0,518.0,155.0,428.0,361.0
90.0,406.0,107.0,204.0,155.0
28.0,146.0,71.0,62.0,37.0
63.0,404.0,72.0,202.0,160.0
61.0,302.0,72.0,87.0,36.0
552.0,273.0,63.0,64.0,29.0
294.0,438.0,291.0,753.0,579.0
91.0,480.0,114.0,214.0,173.0
82.0,164.0,103.0,22.0,148.0
126.0,226.0,156.0,38.0,364.0
130.0,518.0,155.0,428.0,361.0
71.0,236.0,84.0,1.0,73.0
183.0,282.0,55.0,36.0,8.0
59.0,312.0,71.0,88.0,37.0
433.0,510.0,514.0,376.0,303.0
71.0,314.0,85.0,100.0,49.0
213.0,306.0,86.0,125.0,96.0
43.0,273.0,78.0,64.0,29.0
28.0,146.0,27.0,7.0,7.0
77.0,304.0,89.0,88.0,38.0
96.0,330.0,157.0,130.0,368.0
231.0,308.0,55.0,90.0,20.0
91.0,518.0,155.0,428.0,361.0
59.0,252.0,66.0,56.0,26.0
33.0,282.0,39.0,72.0,31.0
555.0,278.0,114.0,77.0,33.0
315.0,354.0,87.0,81.0,105.0
69.0,140.0,42.0,19.0,11.0
63.0,163.0,103.0,22.0,14.0
90.0,167.0,107.0,36.0,157.0
33.0,138.0,40.0,19.0,11.0
489.0,296.0,69.0,81.0,35.0
98.0,221.0,20.0,2.0,1.0
63.0,122.0,40.0,18.0,11.0
90.0,354.0,107.0,151.0,123.0
71.0,247.0,89.0,50.0,22.0
91.0,265.0,114.0,40.0,160.0
54.0,163.0,48.0,22.0,15.0
43.0,301.0,71.0,83.0,36.0
96.0,348.0,124.0,66.0,205.0
699.0,517.0,783.0,538.0,963.0
80.0,354.0,99.0,168.0,128.0
70.0,205.0,84.0,36.0,110.0
206.0,589.0,225.0,558.0,417.0
96.0,438.0,124.0,211.0,181.0
72.0,167.0,86.0,25.0,17.0
692.0,299.0,153.0,83.0,331.0
48.0,241.0,56.0,36.0,20.0
59.0,241.0,58.0,47.0,24.0
99.0,226.0,143.0,57.0,266.0
197.0,268.0,57.0,47.0,24.0
91.0,506.0,107.0,373.0,303.0
91.0,438.0,114.0,222.0,170.0
46.0,205.0,55.0,36.0,20.0
59.0,299.0,71.0,83.0,36.0
100.0,226.0,182.0,34.0,417.0
63.0,284.0,72.0,76.0,53.0
21.0,343.0,22.0,2.0,4.0
99.0,589.0,149.0,558.0,431.0
37.0,194.0,45.0,70.0,26.0
28.0,146.0,51.0,20.0,19.0
80.0,165.0,47.0,23.0,15.0
21.0,248.0,48.0,22.0,26.0
50.0,248.0,58.0,51.0,25.0
90.0,199.0,107.0,36.0,155.0
183.0,528.0,181.0,538.0,416.0
206.0,482.0,152.0,367.0,303.0
28.0,167.0,48.0,25.0,17.0
32.0,163.0,40.0,22.0,11.0
69.0,233.0,83.0,40.0,8.0
39.0,167.0,48.0,25.0,17.0
59.0,193.0,69.0,34.0,31.0
205.0,326.0,101.0,115.0,53.0
231.0,164.0,27.0,7.0,7.0
60.0,284.0,71.0,76.0,35.0
59.0,217.0,69.0,70.0,31.0
231.0,222.0,55.0,37.0,21.0
197.0,528.0,181.0,538.0,416.0
67.0,138.0,78.0,2.0,44.0
140.0,222.0,164.0,41.0,22.0
92.0,284.0,124.0,76.0,205.0
315.0,339.0,151.0,121.0,303.0
59.0,252.0,59.0,56.0,26.0
45.0,193.0,55.0,34.0,20.0
33.0,171.0,48.0,26.0,15.0
58.0,139.0,72.0,38.0,24.0
78.0,353.0,90.0,150.0,120.0
35.0,273.0,44.0,66.0,22.0
92.0,437.0,121.0,211.0,157.0
61.0,302.0,71.0,87.0,36.0
100.0,329.0,151.0,138.0,118.0
34.0,151.0,40.0,22.0,14.0
39.0,650.0,182.0,585.0,453.0
59.0,223.0,69.0,37.0,21.0
100.0,353.0,151.0,138.0,303.0
131.0,519.0,157.0,468.0,368.0
197.0,510.0,157.0,386.0,364.0
53.0,299.0,72.0,83.0,64.0
45.0,151.0,55.0,36.0,21.0
43.0,163.0,52.0,30.0,19.0
84.0,237.0,68.0,47.0,32.0
71.0,650.0,85.0,618.0,453.0
128.0,247.0,153.0,62.0,331.0
59.0,301.0,66.0,83.0,36.0
40.0,241.0,48.0,47.0,18.0
45.0,257.0,55.0,37.0,21.0
27.0,217.0,55.0,37.0,21.0
61.0,302.0,71.0,87.0,36.0
74.0,326.0,87.0,115.0,105.0
552.0,252.0,237.0,468.0,481.0
64.0,273.0,65.0,66.0,30.0
21.0,14.0,20.0,1.0,1.0
335.0,520.0,480.0,538.0,623.0
71.0,284.0,83.0,76.0,101.0
63.0,306.0,72.0,88.0,43.0
79.0,308.0,93.0,70.0,31.0
51.0,306.0,59.0,52.0,25.0
59.0,242.0,66.0,62.0,31.0
166.0,517.0,182.0,538.0,416.0
100.0,312.0,149.0,62.0,31.0
683.0,228.0,56.0,41.0,22.0
78.0,353.0,90.0,148.0,118.0
43.0,284.0,57.0,77.0,24.0
999.0,647.0,999.0,576.0,999.0
91.0,347.0,116.0,226.0,174.0
100.0,242.0,60.0,57.0,26.0
555.0,312.0,709.0,622.0,963.0
140.0,228.0,164.0,41.0,368.0
78.0,178.0,90.0,30.0,118.0
82.0,406.0,101.0,204.0,148.0
231.0,528.0,277.0,538.0,567.0
28.0,146.0,30.0,19.0,8.0
69.0,122.0,24.0,17.0,8.0
84.0,404.0,39.0,204.0,11.0
82.0,433.0,103.0,213.0,170.0
45.0,283.0,57.0,76.0,24.0
39.0,248.0,48.0,51.0,17.0
766.0,265.0,526.0,861.0,716.0
81.0,375.0,101.0,172.0,139.0
57.0,193.0,56.0,34.0,20.0
34.0,178.0,44.0,22.0,12.0
186.0,297.0,51.0,36.0,20.0
20.0,151.0,9.0,2.0,0.0
91.0,330.0,86.0,118.0,89.0
100.0,111.0,149.0,2.0,722.0
73.0,278.0,87.0,133.0,105.0
67.0,273.0,78.0,36.0,20.0
206.0,589.0,225.0,558.0,344.0
20.0,89.0,24.0,2.0,6.0
91.0,301.0,139.0,83.0,32.0
91.0,314.0,103.0,195.0,148.0
21.0,236.0,20.0,2.0,3.0
35.0,221.0,0.0,3.0,0.0
58.0,265.0,63.0,62.0,28.0
59.0,312.0,69.0,93.0,35.0
100.0,330.0,149.0,118.0,274.0
35.0,171.0,44.0,26.0,19.0
166.0,153.0,182.0,36.0,20.0
58.0,386.0,105.0,192.0,151.0
48.0,228.0,56.0,41.0,22.0
28.0,148.0,36.0,22.0,13.0
197.0,589.0,200.0,558.0,431.0
20.0,329.0,83.0,115.0,64.0
61.0,303.0,71.0,88.0,37.0
35.0,165.0,44.0,22.0,14.0
78.0,240.0,87.0,47.0,110.0
37.0,351.0,52.0,152.0,19.0
206.0,335.0,237.0,118.0,78.0
100.0,260.0,151.0,386.0,287.0
38.0,164.0,48.0,23.0,15.0
48.0,167.0,55.0,25.0,18.0
315.0,165.0,47.0,24.0,15.0
29.0,146.0,48.0,22.0,15.0
190.0,519.0,181.0,538.0,416.0
59.0,188.0,69.0,72.0,31.0
82.0,197.0,86.0,36.0,128.0
71.0,346.0,87.0,131.0,105.0
34.0,153.0,44.0,22.0,14.0
70.0,330.0,84.0,118.0,76.0
205.0,148.0,44.0,22.0,10.0
100.0,445.0,151.0,376.0,303.0
65.0,302.0,78.0,10.0,53.0
489.0,339.0,86.0,125.0,96.0
80.0,273.0,99.0,64.0,128.0
47.0,226.0,56.0,38.0,22.0
29.0,283.0,39.0,72.0,10.0
433.0,343.0,526.0,841.0,722.0
77.0,337.0,60.0,57.0,26.0
59.0,188.0,69.0,30.0,19.0
48.0,252.0,56.0,17.0,22.0
59.0,283.0,71.0,72.0,38.0
58.0,632.0,65.0,223.0,31.0
86.0,445.0,105.0,202.0,155.0
20.0,330.0,86.0,118.0,78.0
49.0,248.0,58.0,51.0,25.0
91.0,518.0,153.0,428.0,361.0
63.0,308.0,72.0,93.0,41.0
82.0,284.0,86.0,121.0,89.0
48.0,228.0,56.0,41.0,22.0
42.0,146.0,48.0,20.0,15.0
49.0,273.0,56.0,45.0,23.0
39.0,167.0,48.0,25.0,17.0
100.0,474.0,149.0,290.0,222.0
35.0,148.0,44.0,22.0,14.0
57.0,348.0,89.0,138.0,110.0
49.0,242.0,58.0,47.0,24.0
130.0,580.0,152.0,386.0,334.0
51.0,240.0,59.0,47.0,25.0
69.0,317.0,77.0,102.0,50.0
62.0,236.0,72.0,102.0,50.0
92.0,528.0,157.0,538.0,369.0
197.0,520.0,200.0,538.0,429.0
80.0,228.0,56.0,41.0,22.0
73.0,296.0,86.0,211.0,96.0
80.0,278.0,66.0,67.0,31.0
383.0,248.0,103.0,51.0,22.0
47.0,226.0,55.0,40.0,22.0
59.0,375.0,65.0,2.0,3.0
205.0,171.0,537.0,841.0,722.0
77.0,197.0,88.0,36.0,20.0
28.0,205.0,20.0,36.0,20.0
43.0,268.0,56.0,44.0,24.0
102.0,474.0,156.0,353.0,364.0
100.0,480.0,151.0,373.0,303.0
49.0,226.0,57.0,47.0,24.0
58.0,296.0,63.0,81.0,36.0
45.0,222.0,55.0,37.0,21.0
102.0,347.0,153.0,373.0,331.0
52.0,232.0,59.0,56.0,26.0
59.0,172.0,70.0,26.0,16.0
91.0,438.0,114.0,222.0,174.0
71.0,226.0,85.0,47.0,89.0
96.0,252.0,151.0,36.0,266.0
683.0,449.0,114.0,223.0,177.0
59.0,283.0,65.0,72.0,31.0
45.0,167.0,55.0,40.0,22.0
487.0,433.0,537.0,211.0,722.0
42.0,283.0,50.0,30.0,19.0
40.0,172.0,48.0,27.0,18.0
38.0,146.0,48.0,36.0,20.0
197.0,308.0,72.0,102.0,49.0
71.0,335.0,85.0,118.0,78.0
82.0,284.0,103.0,66.0,155.0
39.0,248.0,48.0,51.0,20.0
40.0,247.0,48.0,28.0,18.0
35.0,122.0,44.0,18.0,11.0
81.0,449.0,100.0,226.0,177.0
82.0,312.0,100.0,93.0,105.0
99.0,437.0,156.0,214.0,364.0
45.0,139.0,604.0,18.0,205.0
45.0,449.0,116.0,226.0,181.0
42.0,255.0,480.0,56.0,64.0
62.0,193.0,72.0,36.0,20.0
20.0,135.0,27.0,7.0,7.0
45.0,329.0,55.0,62.0,28.0
78.0,139.0,90.0,22.0,118.0
35.0,353.0,44.0,3.0,7.0
54.0,306.0,62.0,62.0,29.0
197.0,353.0,77.0,152.0,109.0
49.0,148.0,54.0,36.0,20.0
40.0,89.0,50.0,1.0,24.0
71.0,306.0,71.0,137.0,26.0
23.0,366.0,24.0,7.0,8.0
53.0,265.0,60.0,62.0,26.0
65.0,302.0,77.0,87.0,36.0
80.0,518.0,99.0,367.0,128.0
80.0,237.0,99.0,45.0,128.0
100.0,474.0,151.0,353.0,303.0
552.0,0.0,728.0,62.0,28.0
80.0,199.0,39.0,36.0,20.0
50.0,191.0,58.0,36.0,25.0
63.0,306.0,72.0,88.0,43.0
80.0,366.0,103.0,153.0,148.0
27.0,135.0,24.0,18.0,10.0
59.0,301.0,69.0,80.0,33.0
61.0,178.0,52.0,30.0,19.0
91.0,241.0,116.0,47.0,24.0
92.0,354.0,121.0,151.0,123.0
315.0,0.0,244.0,622.0,509.0
78.0,292.0,90.0,79.0,36.0
256.0,226.0,291.0,38.0,368.0
21.0,146.0,24.0,19.0,8.0
80.0,397.0,99.0,152.0,128.0
371.0,301.0,78.0,83.0,26.0
71.0,313.0,84.0,117.0,89.0
91.0,347.0,101.0,135.0,110.0
50.0,232.0,58.0,37.0,22.0
206.0,164.0,226.0,23.0,567.0
166.0,304.0,277.0,468.0,567.0
82.0,296.0,99.0,152.0,124.0
61.0,306.0,71.0,88.0,37.0
77.0,354.0,88.0,150.0,170.0
38.0,173.0,48.0,26.0,16.0
489.0,302.0,224.0,97.0,44.0
59.0,191.0,39.0,34.0,11.0
29.0,0.0,9.0,0.0,0.0
20.0,241.0,9.0,47.0,11.0
692.0,205.0,709.0,36.0,20.0
84.0,353.0,103.0,148.0,151.0
861.0,25.0,526.0,117.0,716.0
52.0,163.0,55.0,22.0,20.0
91.0,347.0,114.0,131.0,99.0
35.0,148.0,43.0,22.0,11.0
165.0,283.0,67.0,72.0,32.0
33.0,163.0,44.0,22.0,14.0
50.0,292.0,58.0,50.0,24.0
47.0,111.0,56.0,36.0,22.0
96.0,240.0,147.0,47.0,283.0
29.0,304.0,33.0,88.0,37.0
28.0,156.0,33.0,22.0,14.0
61.0,296.0,71.0,81.0,35.0
38.0,167.0,48.0,25.0,17.0
861.0,248.0,822.0,57.0,29.0
35.0,171.0,44.0,22.0,16.0
335.0,308.0,514.0,93.0,42.0
35.0,153.0,44.0,22.0,13.0
59.0,308.0,69.0,90.0,40.0
58.0,265.0,63.0,62.0,29.0
91.0,181.0,107.0,130.0,99.0
64.0,319.0,74.0,102.0,53.0
60.0,306.0,71.0,88.0,35.0
183.0,339.0,189.0,118.0,78.0
487.0,273.0,526.0,64.0,722.0
100.0,482.0,149.0,353.0,287.0
383.0,317.0,76.0,102.0,50.0
126.0,171.0,153.0,30.0,344.0
92.0,445.0,121.0,226.0,181.0
71.0,343.0,86.0,125.0,96.0
63.0,308.0,72.0,100.0,44.0
21.0,165.0,20.0,23.0,3.0
29.0,122.0,34.0,17.0,8.0
205.0,589.0,514.0,558.0,431.0
62.0,178.0,72.0,30.0,19.0
20.0,265.0,62.0,62.0,28.0
59.0,282.0,70.0,28.0,18.0
126.0,240.0,153.0,366.0,289.0
96.0,228.0,93.0,41.0,118.0
48.0,178.0,56.0,30.0,23.0
166.0,191.0,74.0,36.0,20.0
33.0,138.0,34.0,19.0,8.0
27.0,173.0,9.0,28.0,0.0
92.0,347.0,120.0,138.0,96.0
65.0,302.0,76.0,173.0,50.0
81.0,325.0,100.0,115.0,96.0
63.0,325.0,72.0,87.0,36.0
24.0,138.0,24.0,3.0,7.0
100.0,480.0,149.0,353.0,283.0
0.0,14.0,0.0,1.0,0.0
35.0,151.0,43.0,22.0,12.0
59.0,268.0,68.0,43.0,33.0
206.0,273.0,225.0,576.0,481.0
40.0,171.0,48.0,26.0,18.0
65.0,163.0,78.0,22.0,16.0
81.0,164.0,87.0,25.0,17.0
20.0,111.0,96.0,8.0,123.0
28.0,78.0,27.0,2.0,7.0
40.0,260.0,48.0,52.0,18.0
81.0,313.0,103.0,172.0,151.0
53.0,252.0,60.0,57.0,26.0
59.0,301.0,69.0,83.0,36.0
861.0,335.0,85.0,118.0,78.0
183.0,517.0,155.0,428.0,361.0
49.0,260.0,56.0,58.0,26.0
206.0,194.0,226.0,622.0,481.0
96.0,354.0,99.0,151.0,124.0
43.0,165.0,52.0,25.0,17.0
57.0,236.0,62.0,56.0,28.0
96.0,173.0,66.0,70.0,31.0
82.0,375.0,103.0,172.0,139.0
206.0,520.0,107.0,538.0,148.0
93.0,354.0,87.0,151.0,119.0
31.0,519.0,39.0,386.0,35.0
95.0,437.0,123.0,214.0,266.0
45.0,228.0,55.0,40.0,22.0
35.0,106.0,44.0,22.0,13.0
206.0,449.0,226.0,226.0,181.0
60.0,351.0,71.0,82.0,36.0
80.0,354.0,93.0,151.0,123.0
59.0,353.0,60.0,143.0,26.0
63.0,308.0,72.0,93.0,42.0
32.0,140.0,40.0,19.0,11.0
131.0,517.0,182.0,497.0,368.0
71.0,339.0,86.0,118.0,78.0
63.0,135.0,74.0,861.0,44.0
59.0,326.0,69.0,117.0,73.0
29.0,228.0,34.0,41.0,22.0
38.0,171.0,48.0,50.0,24.0
46.0,236.0,56.0,44.0,24.0
59.0,289.0,69.0,80.0,35.0
49.0,240.0,57.0,47.0,24.0
28.0,138.0,27.0,19.0,10.0
31.0,193.0,51.0,34.0,20.0
49.0,252.0,74.0,57.0,24.0
59.0,299.0,69.0,83.0,36.0
999.0,303.0,999.0,102.0,999.0
64.0,273.0,65.0,66.0,30.0
95.0,353.0,120.0,152.0,177.0
96.0,138.0,123.0,806.0,194.0
60.0,306.0,71.0,88.0,37.0
106.0,632.0,153.0,386.0,334.0
59.0,282.0,145.0,72.0,274.0
70.0,306.0,84.0,88.0,76.0
999.0,474.0,999.0,558.0,999.0
555.0,347.0,480.0,70.0,64.0
140.0,111.0,165.0,2.0,7.0
35.0,188.0,44.0,22.0,14.0
21.0,194.0,54.0,36.0,20.0
552.0,354.0,537.0,841.0,722.0
67.0,191.0,78.0,34.0,20.0
43.0,205.0,52.0,36.0,20.0
45.0,221.0,55.0,37.0,21.0
81.0,482.0,101.0,172.0,139.0
21.0,165.0,20.0,2.0,3.0
59.0,284.0,69.0,77.0,32.0
59.0,156.0,70.0,22.0,36.0
99.0,217.0,52.0,37.0,21.0
93.0,353.0,96.0,148.0,118.0
72.0,312.0,86.0,100.0,47.0
81.0,404.0,100.0,204.0,155.0
27.0,437.0,27.0,222.0,7.0
102.0,178.0,153.0,30.0,477.0
59.0,306.0,66.0,88.0,37.0
41.0,217.0,50.0,36.0,19.0
57.0,283.0,61.0,72.0,32.0
78.0,265.0,90.0,62.0,20.0
61.0,351.0,58.0,50.0,24.0
29.0,138.0,33.0,18.0,8.0
63.0,366.0,86.0,152.0,89.0
65.0,314.0,77.0,100.0,44.0
82.0,312.0,101.0,211.0,170.0
28.0,228.0,41.0,41.0,11.0
100.0,438.0,149.0,353.0,303.0
23.0,228.0,50.0,30.0,19.0
21.0,306.0,20.0,93.0,42.0
63.0,312.0,72.0,93.0,42.0
72.0,265.0,86.0,97.0,99.0
45.0,252.0,52.0,36.0,20.0
256.0,139.0,265.0,19.0,11.0
24.0,0.0,24.0,0.0,8.0
90.0,304.0,107.0,79.0,154.0
487.0,236.0,52.0,34.0,20.0
71.0,0.0,85.0,0.0,0.0
80.0,348.0,99.0,168.0,128.0
59.0,283.0,67.0,72.0,32.0
73.0,339.0,87.0,125.0,96.0
50.0,247.0,58.0,50.0,25.0
192.0,146.0,147.0,22.0,266.0
59.0,292.0,66.0,79.0,33.0
61.0,308.0,72.0,90.0,40.0
35.0,312.0,50.0,30.0,19.0
73.0,303.0,83.0,88.0,38.0
206.0,580.0,226.0,550.0,429.0
41.0,0.0,50.0,0.0,0.0
49.0,236.0,77.0,44.0,24.0
49.0,241.0,57.0,47.0,24.0
92.0,284.0,68.0,76.0,33.0
59.0,248.0,65.0,37.0,31.0
52.0,236.0,59.0,44.0,24.0
70.0,330.0,84.0,118.0,76.0
46.0,135.0,55.0,18.0,11.0
21.0,156.0,48.0,22.0,15.0
33.0,140.0,41.0,19.0,11.0
33.0,197.0,52.0,36.0,20.0
131.0,517.0,155.0,428.0,361.0
61.0,278.0,71.0,67.0,31.0
50.0,221.0,58.0,47.0,24.0
100.0,346.0,41.0,3.0,1.0
73.0,156.0,73.0,22.0,14.0
35.0,164.0,45.0,23.0,15.0
27.0,171.0,24.0,25.0,17.0
54.0,329.0,71.0,88.0,37.0
59.0,273.0,66.0,66.0,30.0
100.0,303.0,182.0,576.0,417.0
692.0,510.0,783.0,538.0,963.0
98.0,474.0,145.0,290.0,303.0
49.0,228.0,57.0,45.0,24.0
45.0,181.0,55.0,37.0,21.0
49.0,165.0,58.0,36.0,22.0
96.0,474.0,143.0,309.0,274.0
133.0,217.0,157.0,36.0,369.0
61.0,292.0,72.0,79.0,34.0
77.0,236.0,56.0,44.0,24.0
80.0,347.0,93.0,132.0,109.0
71.0,111.0,86.0,17.0,89.0
20.0,52.0,52.0,36.0,20.0
80.0,171.0,114.0,25.0,17.0
48.0,228.0,56.0,41.0,22.0
96.0,273.0,208.0,66.0,30.0
38.0,156.0,48.0,22.0,16.0
427.0,308.0,514.0,93.0,44.0
78.0,306.0,88.0,110.0,115.0
41.0,89.0,50.0,30.0,19.0
692.0,282.0,61.0,102.0,44.0
64.0,326.0,78.0,115.0,60.0
100.0,122.0,151.0,17.0,602.0
64.0,317.0,73.0,100.0,43.0
48.0,78.0,69.0,2.0,35.0
999.0,999.0,999.0,214.0,999.0
20.0,580.0,20.0,558.0,431.0
64.0,255.0,63.0,62.0,29.0
93.0,330.0,61.0,22.0,13.0
100.0,528.0,149.0,373.0,287.0
77.0,353.0,89.0,143.0,118.0
130.0,313.0,155.0,52.0,25.0
383.0,199.0,55.0,36.0,20.0
49.0,242.0,58.0,50.0,24.0
40.0,237.0,48.0,10.0,18.0
59.0,160.0,69.0,22.0,16.0
192.0,0.0,0.0,0.0,0.0
59.0,304.0,71.0,88.0,37.0
45.0,223.0,55.0,37.0,21.0
59.0,297.0,67.0,81.0,32.0
100.0,632.0,149.0,558.0,287.0
48.0,197.0,56.0,34.0,19.0
45.0,164.0,55.0,2.0,4.0
197.0,482.0,225.0,622.0,481.0
49.0,217.0,58.0,37.0,26.0
45.0,122.0,54.0,17.0,20.0
33.0,135.0,41.0,19.0,11.0
699.0,999.0,470.0,806.0,613.0
100.0,589.0,151.0,353.0,283.0
190.0,520.0,182.0,538.0,416.0
32.0,163.0,48.0,22.0,15.0
71.0,308.0,86.0,90.0,36.0
487.0,76.0,114.0,13.0,157.0
65.0,226.0,157.0,38.0,368.0
45.0,223.0,55.0,37.0,21.0
78.0,406.0,90.0,62.0,118.0
315.0,319.0,480.0,102.0,999.0
315.0,297.0,324.0,806.0,602.0
63.0,312.0,71.0,97.0,43.0
45.0,89.0,54.0,36.0,20.0
999.0,469.0,999.0,576.0,999.0
41.0,181.0,50.0,30.0,19.0
86.0,197.0,50.0,36.0,20.0
61.0,304.0,71.0,88.0,38.0
692.0,354.0,86.0,151.0,73.0
59.0,304.0,70.0,88.0,36.0
126.0,517.0,155.0,428.0,361.0
77.0,301.0,89.0,90.0,40.0
63.0,308.0,71.0,93.0,41.0
63.0,317.0,74.0,102.0,43.0
206.0,528.0,224.0,538.0,416.0
91.0,437.0,114.0,211.0,157.0
186.0,228.0,182.0,558.0,429.0
102.0,351.0,153.0,137.0,334.0
192.0,330.0,72.0,90.0,41.0
78.0,171.0,90.0,235.0,118.0
21.0,474.0,20.0,2.0,3.0
49.0,222.0,69.0,83.0,36.0
28.0,226.0,20.0,2.0,3.0
80.0,140.0,93.0,19.0,11.0
21.0,304.0,20.0,100.0,47.0
208.0,205.0,36.0,36.0,8.0
421.0,282.0,69.0,72.0,35.0
20.0,205.0,40.0,18.0,11.0
861.0,306.0,514.0,841.0,623.0
80.0,339.0,87.0,118.0,78.0
52.0,306.0,59.0,57.0,25.0
20.0,296.0,68.0,80.0,35.0
91.0,265.0,78.0,102.0,53.0
190.0,139.0,68.0,19.0,11.0
65.0,178.0,83.0,30.0,19.0
48.0,122.0,33.0,17.0,8.0
59.0,308.0,68.0,102.0,53.0
45.0,236.0,56.0,44.0,23.0
86.0,181.0,50.0,30.0,19.0
80.0,193.0,83.0,34.0,20.0
42.0,228.0,52.0,40.0,20.0
59.0,330.0,66.0,70.0,31.0
78.0,353.0,90.0,150.0,119.0
98.0,148.0,143.0,59.0,25.0
40.0,178.0,48.0,30.0,19.0
126.0,517.0,153.0,417.0,344.0
54.0,347.0,87.0,133.0,105.0
285.0,140.0,55.0,22.0,22.0
216.0,329.0,85.0,118.0,78.0
80.0,226.0,55.0,37.0,22.0
102.0,510.0,153.0,376.0,331.0
98.0,236.0,139.0,44.0,260.0
73.0,480.0,151.0,376.0,303.0
59.0,302.0,65.0,66.0,30.0
58.0,283.0,63.0,72.0,31.0
208.0,247.0,9.0,41.0,11.0
160.0,361.0,165.0,135.0,107.0
49.0,248.0,58.0,51.0,24.0
240.0,193.0,58.0,34.0,24.0
59.0,273.0,66.0,66.0,30.0
42.0,292.0,71.0,79.0,35.0
166.0,111.0,175.0,7.0,8.0
766.0,228.0,65.0,41.0,30.0
279.0,319.0,298.0,102.0,53.0
46.0,217.0,55.0,37.0,21.0
78.0,348.0,90.0,135.0,118.0
20.0,347.0,87.0,132.0,107.0
82.0,178.0,54.0,30.0,19.0
190.0,437.0,157.0,214.0,368.0
192.0,580.0,101.0,168.0,141.0
91.0,240.0,147.0,47.0,274.0
51.0,273.0,59.0,64.0,29.0
45.0,339.0,96.0,132.0,123.0
294.0,247.0,324.0,22.0,602.0
59.0,233.0,55.0,70.0,31.0
59.0,375.0,66.0,77.0,34.0
80.0,273.0,226.0,62.0,481.0
51.0,247.0,59.0,52.0,25.0
29.0,116.0,34.0,17.0,8.0
59.0,302.0,72.0,87.0,42.0
80.0,366.0,99.0,153.0,128.0
43.0,226.0,55.0,38.0,22.0
43.0,25.0,20.0,2.0,3.0
80.0,347.0,99.0,132.0,128.0
208.0,303.0,237.0,618.0,481.0
62.0,247.0,71.0,51.0,22.0
42.0,193.0,50.0,34.0,19.0
133.0,172.0,48.0,26.0,18.0
279.0,163.0,298.0,7.0,579.0
133.0,273.0,87.0,66.0,105.0
28.0,122.0,34.0,17.0,8.0
28.0,106.0,27.0,10.0,8.0
433.0,165.0,526.0,576.0,716.0
59.0,296.0,70.0,80.0,36.0
71.0,292.0,85.0,30.0,19.0
190.0,480.0,151.0,353.0,303.0
427.0,406.0,514.0,367.0,287.0
28.0,122.0,33.0,17.0,8.0
91.0,375.0,114.0,213.0,170.0
28.0,148.0,33.0,17.0,10.0
49.0,330.0,58.0,117.0,24.0
21.0,194.0,20.0,36.0,21.0
91.0,353.0,114.0,137.0,128.0
93.0,647.0,121.0,576.0,173.0
315.0,146.0,367.0,20.0,623.0
54.0,330.0,84.0,118.0,76.0
45.0,217.0,55.0,37.0,21.0
63.0,312.0,72.0,93.0,41.0
49.0,241.0,57.0,47.0,24.0
91.0,999.0,514.0,999.0,657.0
95.0,482.0,143.0,290.0,274.0
73.0,438.0,87.0,130.0,96.0
49.0,313.0,60.0,100.0,47.0
45.0,217.0,55.0,37.0,21.0
62.0,226.0,72.0,37.0,22.0
59.0,217.0,99.0,152.0,128.0
61.0,301.0,71.0,83.0,36.0
555.0,171.0,709.0,25.0,926.0
29.0,135.0,44.0,18.0,10.0
21.0,122.0,24.0,17.0,6.0
100.0,233.0,52.0,43.0,24.0
38.0,165.0,48.0,24.0,16.0
49.0,242.0,72.0,57.0,43.0
58.0,223.0,66.0,70.0,30.0
80.0,308.0,145.0,102.0,154.0
32.0,194.0,40.0,17.0,11.0
58.0,301.0,74.0,100.0,47.0
80.0,438.0,116.0,222.0,174.0
71.0,347.0,84.0,130.0,105.0
21.0,148.0,22.0,2.0,4.0
82.0,354.0,90.0,151.0,123.0
63.0,292.0,69.0,79.0,34.0
54.0,173.0,60.0,67.0,26.0
35.0,233.0,45.0,36.0,20.0
65.0,296.0,78.0,90.0,53.0
52.0,273.0,59.0,66.0,24.0
43.0,173.0,52.0,28.0,18.0
70.0,480.0,84.0,309.0,53.0
82.0,375.0,101.0,172.0,141.0
53.0,248.0,60.0,56.0,26.0
205.0,148.0,43.0,22.0,13.0
84.0,265.0,63.0,62.0,29.0
80.0,438.0,121.0,226.0,181.0
41.0,178.0,50.0,30.0,19.0
128.0,528.0,155.0,538.0,386.0
192.0,248.0,200.0,2.0,4.0
166.0,528.0,175.0,538.0,416.0
38.0,339.0,48.0,125.0,64.0
96.0,661.0,114.0,428.0,369.0
213.0,165.0,155.0,22.0,364.0
71.0,330.0,85.0,118.0,78.0
53.0,301.0,72.0,82.0,36.0
