38.0,217.0,48.0,37.0,21.0
64.0,329.0,74.0,102.0,53.0
91.0,449.0,114.0,226.0,173.0
59.0,292.0,69.0,79.0,35.0
86.0,404.0,107.0,204.0,155.0
69.0,308.0,85.0,93.0,42.0
328.0,647.0,822.0,585.0,567.0
208.0,437.0,244.0,214.0,128.0
41.0,178.0,50.0,30.0,19.0
54.0,226.0,61.0,36.0,20.0
70.0,330.0,84.0,118.0,76.0
166.0,528.0,175.0,538.0,386.0
71.0,257.0,85.0,117.0,78.0
49.0,240.0,57.0,47.0,24.0
59.0,304.0,72.0,88.0,37.0
335.0,122.0,470.0,18.0,11.0
48.0,228.0,56.0,41.0,22.0
80.0,221.0,90.0,143.0,118.0
28.0,217.0,51.0,36.0,20.0
20.0,517.0,153.0,417.0,344.0
62.0,255.0,62.0,58.0,28.0
20.0,0.0,86.0,130.0,99.0
92.0,226.0,121.0,38.0,10.0
40.0,173.0,48.0,28.0,18.0
60.0,292.0,71.0,81.0,36.0
427.0,317.0,537.0,841.0,722.0
48.0,226.0,56.0,37.0,22.0
63.0,283.0,72.0,62.0,29.0
31.0,140.0,39.0,19.0,11.0
67.0,314.0,78.0,2.0,0.0
49.0,217.0,58.0,36.0,8.0
80.0,404.0,99.0,204.0,128.0
70.0,260.0,84.0,59.0,26.0
90.0,406.0,107.0,204.0,155.0
49.0,178.0,52.0,30.0,19.0
100.0,520.0,151.0,373.0,303.0
71.0,156.0,78.0,102.0,53.0
92.0,386.0,101.0,173.0,141.0
59.0,284.0,69.0,753.0,181.0
80.0,173.0,55.0,28.0,18.0
165.0,167.0,121.0,25.0,17.0
45.0,223.0,55.0,37.0,21.0
80.0,297.0,69.0,82.0,35.0
70.0,217.0,84.0,36.0,76.0
80.0,353.0,78.0,93.0,42.0
34.0,165.0,48.0,24.0,18.0
24.0,347.0,77.0,131.0,105.0
48.0,433.0,56.0,52.0,22.0
91.0,404.0,116.0,202.0,155.0
231.0,339.0,277.0,125.0,567.0
100.0,494.0,151.0,373.0,303.0
59.0,308.0,65.0,90.0,36.0
61.0,308.0,71.0,93.0,30.0
49.0,265.0,55.0,62.0,22.0
91.0,240.0,116.0,67.0,173.0
692.0,347.0,83.0,115.0,64.0
183.0,354.0,99.0,152.0,124.0
32.0,89.0,40.0,18.0,11.0
65.0,232.0,72.0,93.0,42.0
48.0,205.0,56.0,36.0,20.0
54.0,273.0,68.0,76.0,32.0
216.0,386.0,237.0,173.0,141.0
61.0,116.0,71.0,17.0,4.0
24.0,223.0,24.0,2.0,3.0
43.0,194.0,52.0,36.0,20.0
58.0,292.0,63.0,79.0,32.0
93.0,406.0,86.0,204.0,155.0
59.0,138.0,69.0,19.0,35.0
140.0,647.0,156.0,386.0,364.0
79.0,353.0,88.0,138.0,105.0
102.0,146.0,152.0,30.0,18.0
84.0,437.0,103.0,213.0,160.0
58.0,247.0,63.0,50.0,25.0
213.0,335.0,225.0,118.0,76.0
71.0,326.0,86.0,102.0,96.0
20.0,445.0,44.0,223.0,6.0
21.0,520.0,153.0,468.0,368.0
59.0,312.0,48.0,22.0,15.0
39.0,232.0,48.0,41.0,22.0
77.0,347.0,87.0,133.0,107.0
131.0,313.0,147.0,36.0,205.0
427.0,438.0,298.0,222.0,579.0
106.0,284.0,153.0,376.0,331.0
29.0,217.0,47.0,22.0,15.0
63.0,319.0,71.0,88.0,36.0
72.0,347.0,86.0,132.0,105.0
70.0,312.0,84.0,90.0,40.0
57.0,221.0,55.0,37.0,22.0
63.0,313.0,72.0,97.0,43.0
208.0,520.0,224.0,538.0,416.0
91.0,397.0,114.0,192.0,157.0
206.0,283.0,224.0,72.0,364.0
71.0,353.0,86.0,143.0,453.0
48.0,226.0,56.0,41.0,22.0
43.0,252.0,52.0,56.0,26.0
67.0,317.0,77.0,100.0,50.0
231.0,217.0,52.0,36.0,20.0
20.0,52.0,24.0,2.0,7.0
91.0,247.0,114.0,152.0,124.0
23.0,337.0,89.0,121.0,110.0
231.0,139.0,22.0,2.0,4.0
61.0,205.0,71.0,36.0,8.0
24.0,236.0,20.0,2.0,3.0
82.0,265.0,101.0,62.0,26.0
215.0,445.0,265.0,841.0,567.0
102.0,510.0,156.0,376.0,331.0
34.0,215.0,100.0,36.0,20.0
43.0,217.0,51.0,36.0,20.0
427.0,999.0,514.0,999.0,623.0
58.0,226.0,63.0,41.0,26.0
999.0,650.0,999.0,622.0,999.0
128.0,647.0,156.0,589.0,364.0
45.0,205.0,55.0,36.0,21.0
43.0,122.0,20.0,2.0,3.0
77.0,302.0,67.0,87.0,36.0
40.0,167.0,48.0,25.0,18.0
45.0,146.0,55.0,20.0,11.0
59.0,273.0,69.0,66.0,30.0
28.0,303.0,40.0,19.0,11.0
59.0,299.0,69.0,83.0,35.0
215.0,301.0,72.0,83.0,41.0
38.0,265.0,48.0,36.0,19.0
29.0,156.0,44.0,22.0,14.0
78.0,14.0,90.0,83.0,118.0
43.0,247.0,51.0,47.0,19.0
45.0,217.0,55.0,37.0,21.0
78.0,312.0,90.0,135.0,118.0
71.0,171.0,86.0,28.0,18.0
131.0,215.0,55.0,37.0,22.0
100.0,517.0,149.0,417.0,331.0
20.0,163.0,44.0,22.0,14.0
77.0,308.0,90.0,117.0,110.0
335.0,325.0,480.0,115.0,110.0
80.0,354.0,99.0,151.0,128.0
552.0,308.0,84.0,90.0,44.0
35.0,437.0,44.0,22.0,14.0
45.0,242.0,55.0,37.0,21.0
29.0,153.0,44.0,22.0,14.0
335.0,78.0,124.0,117.0,60.0
208.0,437.0,224.0,172.0,128.0
45.0,178.0,52.0,36.0,20.0
80.0,474.0,145.0,309.0,274.0
59.0,308.0,66.0,88.0,37.0
96.0,241.0,124.0,41.0,22.0
49.0,160.0,58.0,22.0,24.0
54.0,265.0,60.0,62.0,26.0
62.0,217.0,86.0,36.0,20.0
45.0,217.0,55.0,37.0,21.0
80.0,76.0,9.0,2.0,0.0
27.0,171.0,27.0,30.0,7.0
35.0,165.0,45.0,24.0,14.0
33.0,217.0,41.0,37.0,11.0
91.0,433.0,107.0,8.0,7.0
33.0,354.0,92.0,150.0,120.0
84.0,433.0,121.0,222.0,174.0
96.0,304.0,116.0,223.0,177.0
59.0,252.0,66.0,62.0,28.0
315.0,151.0,44.0,22.0,14.0
43.0,302.0,51.0,87.0,36.0
47.0,226.0,55.0,38.0,22.0
46.0,217.0,55.0,37.0,21.0
699.0,146.0,783.0,20.0,11.0
256.0,226.0,291.0,38.0,567.0
99.0,284.0,68.0,77.0,33.0
205.0,146.0,208.0,20.0,47.0
43.0,193.0,51.0,34.0,20.0
72.0,348.0,86.0,130.0,99.0
64.0,282.0,66.0,72.0,31.0
71.0,273.0,78.0,67.0,35.0
59.0,284.0,65.0,70.0,31.0
59.0,268.0,63.0,62.0,29.0
279.0,330.0,298.0,118.0,78.0
45.0,228.0,55.0,41.0,22.0
197.0,140.0,39.0,19.0,11.0
71.0,346.0,85.0,131.0,105.0
90.0,348.0,107.0,135.0,151.0
59.0,296.0,68.0,81.0,33.0
43.0,173.0,51.0,28.0,18.0
20.0,265.0,57.0,47.0,24.0
49.0,296.0,58.0,79.0,34.0
91.0,265.0,107.0,62.0,110.0
29.0,78.0,44.0,2.0,4.0
45.0,222.0,55.0,37.0,20.0
38.0,165.0,48.0,23.0,15.0
28.0,165.0,30.0,23.0,8.0
100.0,335.0,225.0,622.0,481.0
133.0,292.0,152.0,79.0,303.0
102.0,404.0,153.0,366.0,331.0
166.0,528.0,181.0,538.0,416.0
216.0,236.0,291.0,30.0,716.0
71.0,366.0,86.0,93.0,110.0
61.0,171.0,71.0,25.0,17.0
59.0,289.0,66.0,67.0,31.0
81.0,217.0,99.0,121.0,128.0
63.0,226.0,67.0,38.0,32.0
427.0,313.0,537.0,100.0,722.0
74.0,520.0,84.0,538.0,386.0
28.0,353.0,27.0,36.0,8.0
96.0,366.0,151.0,367.0,303.0
59.0,296.0,69.0,81.0,35.0
95.0,146.0,30.0,20.0,8.0
24.0,25.0,22.0,2.0,3.0
100.0,236.0,143.0,97.0,76.0
45.0,260.0,68.0,72.0,31.0
45.0,296.0,52.0,30.0,20.0
33.0,140.0,41.0,19.0,11.0
48.0,228.0,56.0,41.0,22.0
45.0,217.0,55.0,36.0,22.0
315.0,302.0,71.0,87.0,33.0
38.0,165.0,47.0,23.0,15.0
315.0,78.0,22.0,2.0,4.0
27.0,296.0,65.0,80.0,35.0
21.0,308.0,67.0,90.0,40.0
82.0,438.0,101.0,222.0,154.0
59.0,164.0,66.0,23.0,15.0
47.0,153.0,62.0,22.0,28.0
133.0,232.0,114.0,41.0,22.0
65.0,319.0,74.0,93.0,42.0
489.0,296.0,116.0,202.0,173.0
28.0,248.0,33.0,51.0,8.0
285.0,330.0,85.0,118.0,81.0
38.0,139.0,48.0,19.0,16.0
80.0,343.0,85.0,130.0,89.0
59.0,273.0,69.0,64.0,29.0
96.0,348.0,36.0,3.0,8.0
38.0,228.0,56.0,41.0,22.0
48.0,226.0,56.0,38.0,22.0
102.0,482.0,151.0,366.0,303.0
49.0,438.0,56.0,222.0,26.0
208.0,519.0,237.0,386.0,334.0
63.0,226.0,74.0,37.0,31.0
80.0,353.0,99.0,143.0,128.0
21.0,217.0,52.0,37.0,21.0
28.0,252.0,44.0,22.0,14.0
215.0,226.0,59.0,52.0,25.0
24.0,172.0,24.0,2.0,6.0
999.0,205.0,999.0,558.0,999.0
96.0,236.0,124.0,45.0,24.0
213.0,330.0,153.0,117.0,76.0
29.0,146.0,33.0,22.0,8.0
102.0,122.0,175.0,3.0,6.0
82.0,247.0,101.0,366.0,160.0
65.0,278.0,78.0,77.0,32.0
59.0,248.0,67.0,51.0,26.0
0.0,308.0,0.0,102.0,0.0
79.0,335.0,99.0,118.0,128.0
57.0,228.0,59.0,52.0,25.0
183.0,237.0,55.0,45.0,24.0
100.0,437.0,149.0,367.0,289.0
29.0,273.0,36.0,66.0,30.0
21.0,14.0,22.0,2.0,4.0
45.0,236.0,57.0,62.0,24.0
51.0,317.0,59.0,102.0,53.0
93.0,449.0,121.0,226.0,181.0
102.0,518.0,156.0,428.0,364.0
31.0,122.0,41.0,17.0,11.0
38.0,156.0,48.0,22.0,15.0
315.0,135.0,50.0,235.0,26.0
61.0,173.0,61.0,27.0,15.0
160.0,445.0,116.0,223.0,151.0
82.0,301.0,101.0,83.0,36.0
39.0,353.0,69.0,143.0,35.0
63.0,308.0,73.0,93.0,43.0
86.0,353.0,105.0,143.0,157.0
48.0,228.0,56.0,41.0,22.0
93.0,165.0,123.0,23.0,8.0
59.0,469.0,69.0,286.0,35.0
43.0,241.0,55.0,37.0,21.0
63.0,296.0,73.0,81.0,44.0
63.0,228.0,72.0,137.0,43.0
71.0,330.0,85.0,118.0,78.0
57.0,480.0,152.0,366.0,289.0
61.0,240.0,71.0,47.0,24.0
99.0,520.0,470.0,538.0,386.0
240.0,351.0,291.0,137.0,115.0
45.0,433.0,62.0,213.0,170.0
427.0,252.0,164.0,56.0,369.0
102.0,193.0,175.0,34.0,303.0
60.0,284.0,71.0,64.0,36.0
28.0,78.0,33.0,7.0,8.0
82.0,375.0,103.0,172.0,139.0
64.0,215.0,76.0,30.0,19.0
166.0,14.0,0.0,1.0,0.0
421.0,506.0,265.0,806.0,602.0
100.0,433.0,149.0,353.0,287.0
315.0,314.0,352.0,97.0,623.0
65.0,0.0,78.0,0.0,0.0
80.0,330.0,93.0,110.0,567.0
692.0,226.0,783.0,41.0,963.0
208.0,494.0,145.0,309.0,266.0
77.0,354.0,89.0,150.0,109.0
82.0,375.0,101.0,172.0,139.0
35.0,301.0,58.0,83.0,24.0
91.0,289.0,101.0,1.0,6.0
335.0,339.0,78.0,102.0,73.0
82.0,361.0,84.0,135.0,109.0
80.0,171.0,52.0,25.0,17.0
24.0,302.0,24.0,87.0,36.0
90.0,354.0,107.0,143.0,119.0
102.0,506.0,153.0,373.0,303.0
59.0,284.0,68.0,79.0,32.0
82.0,163.0,69.0,27.0,35.0
98.0,348.0,87.0,135.0,107.0
100.0,343.0,149.0,138.0,274.0
64.0,296.0,72.0,80.0,35.0
29.0,116.0,34.0,17.0,8.0
80.0,292.0,93.0,152.0,124.0
0.0,0.0,0.0,0.0,0.0
43.0,205.0,52.0,36.0,20.0
100.0,337.0,151.0,121.0,303.0
699.0,228.0,783.0,41.0,23.0
63.0,283.0,71.0,77.0,53.0
421.0,469.0,237.0,286.0,481.0
40.0,139.0,48.0,19.0,18.0
23.0,78.0,24.0,3.0,7.0
23.0,160.0,27.0,22.0,1.0
78.0,494.0,90.0,150.0,128.0
46.0,236.0,55.0,40.0,21.0
39.0,167.0,48.0,25.0,17.0
38.0,173.0,48.0,25.0,17.0
82.0,282.0,84.0,67.0,30.0
45.0,221.0,55.0,36.0,20.0
35.0,171.0,45.0,25.0,10.0
45.0,199.0,54.0,36.0,20.0
48.0,252.0,56.0,56.0,23.0
20.0,106.0,105.0,226.0,154.0
78.0,308.0,89.0,36.0,25.0
421.0,999.0,514.0,999.0,657.0
91.0,146.0,85.0,22.0,11.0
216.0,273.0,143.0,64.0,260.0
33.0,247.0,58.0,50.0,24.0
59.0,282.0,66.0,72.0,31.0
91.0,404.0,114.0,202.0,155.0
67.0,199.0,78.0,34.0,20.0
40.0,140.0,47.0,18.0,15.0
63.0,138.0,72.0,22.0,14.0
43.0,146.0,42.0,19.0,11.0
487.0,171.0,200.0,1.0,429.0
34.0,140.0,43.0,19.0,11.0
71.0,325.0,85.0,115.0,81.0
183.0,167.0,48.0,25.0,17.0
59.0,296.0,67.0,80.0,35.0
64.0,306.0,71.0,88.0,38.0
39.0,165.0,47.0,23.0,15.0
43.0,308.0,52.0,47.0,20.0
74.0,339.0,87.0,130.0,105.0
28.0,248.0,44.0,25.0,14.0
49.0,236.0,56.0,44.0,24.0
315.0,122.0,147.0,17.0,11.0
35.0,517.0,45.0,417.0,26.0
216.0,482.0,277.0,589.0,567.0
487.0,433.0,490.0,213.0,170.0
98.0,173.0,137.0,28.0,429.0
130.0,519.0,155.0,428.0,361.0
21.0,140.0,22.0,36.0,17.0
96.0,437.0,126.0,214.0,205.0
315.0,156.0,226.0,22.0,481.0
130.0,268.0,153.0,70.0,344.0
59.0,296.0,66.0,81.0,35.0
35.0,171.0,44.0,22.0,14.0
98.0,347.0,86.0,133.0,99.0
71.0,326.0,85.0,115.0,81.0
35.0,156.0,44.0,22.0,12.0
328.0,650.0,470.0,585.0,963.0
32.0,221.0,40.0,37.0,11.0
213.0,520.0,121.0,538.0,181.0
100.0,494.0,151.0,366.0,289.0
91.0,247.0,27.0,50.0,8.0
213.0,232.0,48.0,41.0,16.0
692.0,89.0,123.0,3.0,7.0
71.0,312.0,86.0,82.0,22.0
59.0,282.0,66.0,72.0,31.0
60.0,283.0,71.0,80.0,36.0
102.0,517.0,155.0,428.0,361.0
45.0,197.0,52.0,36.0,20.0
699.0,437.0,728.0,213.0,963.0
59.0,252.0,69.0,57.0,34.0
39.0,167.0,48.0,25.0,17.0
64.0,308.0,78.0,93.0,53.0
64.0,178.0,73.0,30.0,43.0
48.0,228.0,56.0,41.0,22.0
33.0,140.0,43.0,19.0,11.0
206.0,449.0,225.0,226.0,181.0
699.0,308.0,783.0,93.0,41.0
128.0,494.0,155.0,367.0,364.0
29.0,325.0,39.0,8.0,8.0
59.0,296.0,69.0,81.0,33.0
82.0,386.0,103.0,173.0,141.0
100.0,517.0,151.0,373.0,289.0
59.0,236.0,66.0,57.0,31.0
96.0,437.0,116.0,222.0,174.0
96.0,292.0,124.0,79.0,205.0
64.0,312.0,74.0,100.0,49.0
35.0,167.0,44.0,19.0,11.0
28.0,193.0,30.0,22.0,11.0
433.0,375.0,526.0,861.0,716.0
692.0,510.0,728.0,102.0,53.0
61.0,236.0,71.0,44.0,38.0
421.0,314.0,76.0,100.0,49.0
64.0,999.0,114.0,999.0,657.0
80.0,313.0,107.0,90.0,38.0
71.0,339.0,86.0,125.0,96.0
77.0,140.0,72.0,19.0,11.0
71.0,339.0,85.0,117.0,78.0
70.0,146.0,84.0,18.0,76.0
96.0,474.0,124.0,290.0,222.0
58.0,228.0,157.0,8.0,31.0
427.0,292.0,514.0,18.0,10.0
192.0,519.0,244.0,497.0,509.0
100.0,347.0,137.0,133.0,174.0
487.0,330.0,514.0,110.0,43.0
166.0,146.0,175.0,386.0,334.0
197.0,348.0,88.0,135.0,110.0
71.0,337.0,85.0,121.0,124.0
216.0,265.0,63.0,62.0,29.0
43.0,167.0,200.0,25.0,429.0
206.0,589.0,226.0,589.0,477.0
213.0,437.0,120.0,222.0,174.0
35.0,304.0,48.0,90.0,35.0
130.0,335.0,157.0,118.0,368.0
59.0,297.0,66.0,83.0,32.0
130.0,191.0,157.0,34.0,274.0
91.0,122.0,34.0,17.0,8.0
54.0,221.0,55.0,37.0,21.0
102.0,247.0,153.0,50.0,344.0
29.0,335.0,24.0,117.0,118.0
383.0,273.0,490.0,64.0,303.0
50.0,171.0,55.0,25.0,105.0
20.0,222.0,49.0,37.0,21.0
20.0,52.0,20.0,2.0,3.0
98.0,296.0,69.0,80.0,35.0
96.0,351.0,123.0,137.0,194.0
231.0,308.0,237.0,76.0,177.0
70.0,326.0,84.0,115.0,73.0
59.0,301.0,69.0,83.0,35.0
165.0,519.0,153.0,386.0,334.0
100.0,517.0,149.0,373.0,283.0
213.0,282.0,324.0,618.0,602.0
427.0,252.0,514.0,58.0,154.0
91.0,406.0,105.0,204.0,154.0
63.0,312.0,72.0,93.0,42.0
80.0,289.0,61.0,77.0,33.0
95.0,255.0,123.0,585.0,50.0
133.0,580.0,200.0,558.0,429.0
59.0,151.0,69.0,40.0,24.0
45.0,191.0,54.0,36.0,20.0
82.0,438.0,103.0,222.0,155.0
49.0,215.0,73.0,97.0,53.0
102.0,171.0,149.0,26.0,274.0
82.0,240.0,85.0,22.0,18.0
82.0,406.0,105.0,204.0,154.0
21.0,366.0,96.0,152.0,124.0
20.0,278.0,57.0,67.0,31.0
20.0,194.0,85.0,93.0,42.0
133.0,406.0,107.0,204.0,155.0
35.0,278.0,44.0,22.0,14.0
43.0,283.0,51.0,72.0,32.0
71.0,284.0,85.0,77.0,33.0
699.0,650.0,783.0,585.0,963.0
205.0,589.0,224.0,558.0,429.0
45.0,354.0,55.0,37.0,21.0
59.0,353.0,66.0,70.0,31.0
28.0,0.0,33.0,18.0,8.0
77.0,240.0,86.0,50.0,24.0
64.0,282.0,76.0,72.0,53.0
82.0,312.0,103.0,558.0,429.0
285.0,353.0,324.0,192.0,602.0
48.0,233.0,56.0,41.0,23.0
45.0,193.0,55.0,36.0,22.0
63.0,283.0,66.0,76.0,32.0
80.0,226.0,86.0,37.0,22.0
71.0,326.0,86.0,115.0,73.0
78.0,156.0,89.0,22.0,10.0
91.0,528.0,120.0,290.0,222.0
28.0,76.0,27.0,2.0,3.0
45.0,221.0,55.0,37.0,21.0
328.0,438.0,470.0,226.0,613.0
71.0,339.0,86.0,125.0,96.0
130.0,302.0,126.0,87.0,36.0
91.0,153.0,120.0,22.0,155.0
50.0,226.0,58.0,40.0,22.0
285.0,226.0,59.0,37.0,24.0
31.0,205.0,39.0,66.0,35.0
77.0,353.0,89.0,138.0,110.0
64.0,236.0,56.0,44.0,23.0
555.0,518.0,709.0,428.0,926.0
21.0,178.0,50.0,30.0,19.0
33.0,297.0,41.0,18.0,11.0
49.0,236.0,57.0,47.0,24.0
65.0,283.0,77.0,66.0,50.0
59.0,325.0,0.0,1.0,0.0
91.0,313.0,99.0,151.0,128.0
71.0,199.0,86.0,36.0,21.0
999.0,650.0,999.0,576.0,999.0
487.0,296.0,88.0,88.0,109.0
58.0,268.0,63.0,62.0,29.0
427.0,111.0,470.0,3.0,6.0
131.0,292.0,155.0,76.0,38.0
40.0,171.0,48.0,30.0,18.0
23.0,165.0,48.0,23.0,15.0
91.0,433.0,116.0,226.0,177.0
35.0,146.0,44.0,22.0,14.0
206.0,528.0,224.0,538.0,416.0
48.0,228.0,56.0,41.0,22.0
82.0,330.0,103.0,152.0,155.0
80.0,284.0,101.0,76.0,31.0
47.0,241.0,55.0,40.0,22.0
59.0,236.0,68.0,44.0,32.0
41.0,228.0,50.0,36.0,19.0
29.0,173.0,34.0,2.0,7.0
20.0,301.0,71.0,83.0,35.0
33.0,140.0,41.0,19.0,11.0
99.0,353.0,145.0,861.0,722.0
294.0,236.0,57.0,44.0,23.0
208.0,520.0,225.0,538.0,386.0
80.0,480.0,114.0,366.0,128.0
197.0,308.0,155.0,90.0,287.0
20.0,257.0,86.0,131.0,118.0
215.0,273.0,120.0,192.0,194.0
42.0,308.0,72.0,90.0,40.0
64.0,346.0,76.0,132.0,105.0
100.0,139.0,149.0,19.0,283.0
59.0,278.0,68.0,77.0,33.0
91.0,437.0,116.0,222.0,174.0
77.0,353.0,90.0,143.0,118.0
0.0,78.0,0.0,2.0,0.0
28.0,78.0,27.0,2.0,7.0
64.0,241.0,69.0,82.0,35.0
100.0,433.0,149.0,211.0,287.0
33.0,314.0,42.0,22.0,22.0
35.0,171.0,45.0,26.0,0.0
100.0,140.0,149.0,373.0,289.0
80.0,178.0,93.0,90.0,40.0
80.0,437.0,85.0,213.0,155.0
46.0,255.0,57.0,57.0,24.0
20.0,438.0,143.0,202.0,266.0
27.0,0.0,20.0,2.0,3.0
82.0,273.0,65.0,64.0,29.0
41.0,518.0,48.0,386.0,16.0
48.0,248.0,56.0,51.0,22.0
91.0,282.0,114.0,70.0,128.0
100.0,273.0,149.0,82.0,283.0
71.0,278.0,85.0,97.0,50.0
61.0,301.0,71.0,88.0,37.0
28.0,122.0,22.0,18.0,10.0
59.0,343.0,65.0,25.0,10.0
33.0,135.0,34.0,22.0,16.0
58.0,171.0,63.0,26.0,16.0
256.0,171.0,51.0,25.0,17.0
71.0,361.0,85.0,137.0,115.0
71.0,361.0,99.0,152.0,124.0
861.0,343.0,33.0,130.0,8.0
126.0,165.0,153.0,23.0,15.0
999.0,361.0,999.0,130.0,999.0
70.0,326.0,84.0,115.0,73.0
82.0,438.0,86.0,214.0,99.0
74.0,353.0,87.0,148.0,107.0
71.0,335.0,85.0,118.0,78.0
82.0,474.0,103.0,286.0,148.0
59.0,299.0,66.0,62.0,31.0
59.0,237.0,72.0,45.0,24.0
43.0,205.0,48.0,36.0,20.0
37.0,205.0,71.0,37.0,21.0
73.0,273.0,87.0,66.0,30.0
59.0,282.0,69.0,72.0,31.0
98.0,482.0,99.0,367.0,128.0
51.0,248.0,59.0,52.0,25.0
40.0,172.0,48.0,26.0,18.0
28.0,52.0,27.0,2.0,7.0
39.0,167.0,48.0,25.0,17.0
427.0,353.0,514.0,138.0,115.0
59.0,226.0,66.0,38.0,22.0
91.0,330.0,114.0,58.0,173.0
28.0,223.0,33.0,17.0,8.0
49.0,319.0,56.0,17.0,24.0
29.0,165.0,24.0,2.0,6.0
43.0,146.0,48.0,20.0,18.0
61.0,437.0,71.0,88.0,37.0
91.0,240.0,114.0,87.0,174.0
84.0,330.0,85.0,118.0,78.0
35.0,139.0,44.0,19.0,11.0
74.0,354.0,92.0,150.0,120.0
45.0,252.0,60.0,57.0,26.0
92.0,199.0,50.0,30.0,19.0
28.0,197.0,52.0,36.0,20.0
65.0,326.0,78.0,110.0,53.0
59.0,232.0,70.0,77.0,38.0
33.0,248.0,43.0,50.0,11.0
63.0,178.0,72.0,30.0,43.0
98.0,122.0,143.0,290.0,260.0
256.0,480.0,291.0,192.0,128.0
37.0,282.0,68.0,70.0,31.0
60.0,301.0,70.0,82.0,36.0
487.0,205.0,114.0,36.0,157.0
80.0,339.0,99.0,152.0,124.0
33.0,308.0,55.0,93.0,0.0
34.0,301.0,45.0,88.0,37.0
32.0,520.0,40.0,468.0,11.0
421.0,292.0,71.0,87.0,36.0
61.0,375.0,71.0,88.0,37.0
58.0,0.0,63.0,1.0,1.0
40.0,178.0,48.0,30.0,19.0
59.0,221.0,69.0,37.0,24.0
63.0,242.0,58.0,51.0,25.0
82.0,248.0,103.0,51.0,43.0
78.0,347.0,90.0,150.0,119.0
81.0,445.0,101.0,223.0,174.0
43.0,265.0,51.0,62.0,28.0
28.0,194.0,60.0,36.0,26.0
78.0,353.0,84.0,117.0,76.0
20.0,0.0,9.0,0.0,1.0
49.0,236.0,56.0,44.0,23.0
54.0,240.0,60.0,47.0,24.0
69.0,296.0,86.0,81.0,35.0
128.0,469.0,153.0,290.0,260.0
59.0,228.0,66.0,131.0,32.0
82.0,222.0,103.0,195.0,148.0
63.0,122.0,43.0,17.0,11.0
383.0,296.0,114.0,62.0,33.0
35.0,151.0,44.0,22.0,12.0
98.0,940.0,137.0,102.0,41.0
206.0,519.0,225.0,468.0,567.0
80.0,232.0,58.0,59.0,24.0
49.0,255.0,58.0,57.0,24.0
98.0,199.0,139.0,36.0,30.0
96.0,351.0,92.0,148.0,119.0
70.0,474.0,84.0,290.0,481.0
100.0,445.0,145.0,223.0,289.0
65.0,317.0,77.0,102.0,50.0
192.0,292.0,72.0,79.0,35.0
98.0,397.0,103.0,223.0,148.0
40.0,330.0,48.0,25.0,18.0
82.0,326.0,103.0,77.0,151.0
131.0,25.0,156.0,2.0,364.0
100.0,240.0,149.0,47.0,24.0
37.0,273.0,59.0,64.0,29.0
43.0,171.0,51.0,36.0,20.0
71.0,347.0,85.0,132.0,78.0
60.0,347.0,71.0,77.0,33.0
37.0,221.0,44.0,37.0,20.0
57.0,265.0,63.0,62.0,29.0
98.0,25.0,143.0,373.0,287.0
192.0,237.0,526.0,88.0,716.0
80.0,353.0,99.0,143.0,128.0
215.0,255.0,149.0,58.0,287.0
90.0,354.0,107.0,62.0,29.0
59.0,153.0,69.0,77.0,34.0
133.0,25.0,175.0,2.0,3.0
102.0,306.0,151.0,88.0,37.0
65.0,233.0,78.0,43.0,24.0
77.0,282.0,89.0,72.0,110.0
64.0,361.0,90.0,102.0,118.0
86.0,353.0,105.0,138.0,154.0
197.0,366.0,90.0,173.0,118.0
91.0,528.0,181.0,538.0,416.0
80.0,237.0,87.0,117.0,76.0
60.0,330.0,84.0,117.0,76.0
100.0,506.0,151.0,376.0,303.0
61.0,146.0,71.0,22.0,10.0
100.0,406.0,151.0,204.0,155.0
861.0,215.0,74.0,36.0,20.0
21.0,122.0,22.0,2.0,4.0
54.0,273.0,62.0,64.0,29.0
74.0,296.0,86.0,81.0,35.0
28.0,232.0,27.0,18.0,8.0
205.0,449.0,265.0,226.0,181.0
683.0,330.0,728.0,131.0,101.0
96.0,148.0,137.0,22.0,13.0
58.0,480.0,63.0,353.0,274.0
279.0,999.0,298.0,999.0,657.0
71.0,282.0,85.0,90.0,40.0
21.0,241.0,22.0,2.0,4.0
49.0,257.0,87.0,192.0,107.0
60.0,138.0,71.0,36.0,34.0
131.0,156.0,153.0,13.0,6.0
49.0,308.0,69.0,80.0,35.0
38.0,301.0,66.0,83.0,36.0
64.0,301.0,71.0,83.0,33.0
186.0,520.0,182.0,538.0,477.0
64.0,366.0,90.0,168.0,118.0
84.0,404.0,105.0,202.0,154.0
64.0,308.0,76.0,90.0,40.0
692.0,308.0,61.0,83.0,36.0
315.0,240.0,139.0,47.0,260.0
71.0,314.0,77.0,100.0,47.0
197.0,519.0,208.0,558.0,431.0
61.0,223.0,72.0,37.0,18.0
256.0,940.0,277.0,841.0,567.0
40.0,167.0,48.0,25.0,18.0
315.0,156.0,352.0,22.0,602.0
59.0,299.0,69.0,81.0,35.0
63.0,437.0,72.0,222.0,157.0
71.0,139.0,85.0,19.0,81.0
59.0,297.0,65.0,70.0,31.0
96.0,146.0,44.0,20.0,8.0
130.0,482.0,156.0,353.0,368.0
46.0,139.0,55.0,18.0,22.0
43.0,193.0,52.0,34.0,20.0
95.0,437.0,123.0,214.0,170.0
206.0,520.0,224.0,538.0,416.0
64.0,228.0,74.0,41.0,22.0
39.0,247.0,48.0,50.0,24.0
57.0,302.0,61.0,87.0,32.0
43.0,197.0,52.0,36.0,20.0
48.0,353.0,56.0,17.0,23.0
77.0,164.0,89.0,18.0,11.0
61.0,284.0,71.0,100.0,47.0
999.0,289.0,999.0,618.0,999.0
40.0,173.0,48.0,28.0,18.0
77.0,347.0,87.0,133.0,107.0
34.0,228.0,40.0,18.0,11.0
84.0,330.0,84.0,117.0,76.0
98.0,528.0,182.0,538.0,416.0
91.0,404.0,107.0,202.0,155.0
102.0,517.0,153.0,417.0,344.0
59.0,301.0,69.0,79.0,34.0
100.0,194.0,151.0,34.0,287.0
21.0,0.0,0.0,0.0,0.0
61.0,330.0,71.0,118.0,78.0
61.0,366.0,72.0,153.0,43.0
63.0,237.0,52.0,45.0,24.0
23.0,165.0,47.0,23.0,15.0
91.0,438.0,116.0,222.0,174.0
70.0,329.0,84.0,117.0,76.0
65.0,312.0,77.0,102.0,53.0
71.0,237.0,56.0,45.0,22.0
72.0,326.0,86.0,110.0,101.0
86.0,346.0,105.0,131.0,151.0
49.0,233.0,58.0,45.0,24.0
186.0,517.0,182.0,428.0,417.0
65.0,347.0,78.0,131.0,53.0
78.0,163.0,90.0,22.0,24.0
205.0,589.0,189.0,558.0,429.0
29.0,171.0,48.0,25.0,18.0
59.0,171.0,65.0,66.0,30.0
59.0,232.0,57.0,41.0,24.0
33.0,248.0,90.0,125.0,105.0
65.0,319.0,78.0,88.0,53.0
81.0,178.0,50.0,30.0,19.0
63.0,580.0,72.0,36.0,41.0
130.0,76.0,151.0,2.0,6.0
59.0,302.0,67.0,87.0,34.0
186.0,223.0,224.0,38.0,124.0
43.0,205.0,51.0,36.0,20.0
78.0,353.0,90.0,143.0,118.0
45.0,240.0,55.0,37.0,21.0
28.0,116.0,33.0,17.0,8.0
49.0,236.0,56.0,44.0,23.0
31.0,135.0,39.0,18.0,11.0
80.0,171.0,90.0,27.0,18.0
54.0,289.0,61.0,77.0,29.0
100.0,494.0,149.0,497.0,613.0
70.0,296.0,84.0,80.0,76.0
78.0,330.0,88.0,117.0,115.0
80.0,172.0,84.0,36.0,20.0
0.0,232.0,0.0,1.0,0.0
60.0,304.0,71.0,88.0,37.0
315.0,164.0,68.0,22.0,12.0
45.0,347.0,52.0,131.0,24.0
62.0,242.0,60.0,47.0,26.0
106.0,433.0,153.0,290.0,260.0
133.0,228.0,103.0,41.0,22.0
80.0,193.0,93.0,192.0,151.0
38.0,163.0,48.0,22.0,15.0
63.0,301.0,71.0,83.0,36.0
64.0,308.0,73.0,93.0,43.0
96.0,247.0,155.0,622.0,509.0
59.0,282.0,66.0,72.0,31.0
59.0,222.0,69.0,37.0,20.0
92.0,301.0,93.0,77.0,110.0
61.0,330.0,72.0,90.0,40.0
315.0,518.0,537.0,428.0,722.0
102.0,510.0,153.0,376.0,303.0
28.0,296.0,27.0,81.0,8.0
64.0,284.0,69.0,77.0,35.0
61.0,308.0,71.0,88.0,37.0
100.0,480.0,149.0,366.0,289.0
93.0,178.0,42.0,22.0,11.0
54.0,248.0,59.0,3.0,7.0
102.0,171.0,153.0,17.0,344.0
49.0,228.0,57.0,51.0,24.0
35.0,194.0,52.0,36.0,20.0
79.0,78.0,22.0,2.0,4.0
61.0,221.0,71.0,2.0,30.0
98.0,257.0,145.0,309.0,274.0
20.0,172.0,39.0,27.0,11.0
49.0,171.0,57.0,25.0,24.0
40.0,122.0,39.0,17.0,10.0
80.0,354.0,107.0,151.0,123.0
42.0,193.0,51.0,34.0,20.0
42.0,173.0,50.0,30.0,19.0
59.0,265.0,63.0,62.0,29.0
40.0,178.0,50.0,30.0,19.0
213.0,146.0,244.0,622.0,509.0
71.0,308.0,86.0,62.0,26.0
59.0,283.0,66.0,72.0,31.0
294.0,146.0,470.0,2.0,6.0
86.0,308.0,105.0,88.0,123.0
29.0,236.0,56.0,44.0,24.0
60.0,205.0,71.0,36.0,20.0
59.0,171.0,61.0,25.0,22.0
43.0,240.0,57.0,47.0,24.0
53.0,217.0,55.0,37.0,21.0
63.0,163.0,44.0,23.0,15.0
102.0,317.0,151.0,211.0,274.0
59.0,248.0,59.0,51.0,25.0
32.0,386.0,41.0,3.0,11.0
102.0,506.0,152.0,309.0,266.0
51.0,76.0,59.0,2.0,6.0
20.0,223.0,50.0,37.0,19.0
45.0,217.0,55.0,37.0,21.0
80.0,494.0,90.0,373.0,303.0
64.0,273.0,69.0,79.0,33.0
63.0,273.0,72.0,97.0,43.0
100.0,78.0,151.0,367.0,289.0
80.0,353.0,237.0,143.0,15.0
32.0,106.0,40.0,18.0,11.0
64.0,304.0,76.0,88.0,50.0
38.0,163.0,48.0,22.0,15.0
35.0,178.0,44.0,17.0,11.0
81.0,284.0,100.0,168.0,128.0
285.0,589.0,74.0,202.0,41.0
58.0,528.0,189.0,538.0,416.0
80.0,437.0,101.0,214.0,154.0
190.0,283.0,189.0,618.0,477.0
98.0,282.0,68.0,77.0,33.0
48.0,193.0,56.0,34.0,24.0
57.0,404.0,69.0,195.0,35.0
216.0,404.0,182.0,213.0,417.0
49.0,217.0,60.0,57.0,26.0
59.0,282.0,66.0,79.0,34.0
43.0,217.0,74.0,37.0,21.0
24.0,164.0,36.0,23.0,15.0
371.0,312.0,78.0,100.0,47.0
38.0,148.0,48.0,23.0,15.0
80.0,406.0,103.0,204.0,155.0
31.0,241.0,57.0,47.0,24.0
766.0,317.0,709.0,102.0,53.0
79.0,284.0,124.0,121.0,194.0
100.0,284.0,149.0,57.0,44.0
90.0,284.0,107.0,76.0,35.0
197.0,173.0,114.0,28.0,148.0
59.0,232.0,68.0,80.0,33.0
71.0,330.0,84.0,117.0,76.0
33.0,297.0,66.0,82.0,36.0
80.0,354.0,96.0,151.0,123.0
131.0,528.0,157.0,622.0,369.0
59.0,325.0,71.0,88.0,37.0
91.0,217.0,55.0,41.0,22.0
29.0,193.0,52.0,34.0,20.0
98.0,282.0,124.0,72.0,31.0
955.0,650.0,999.0,589.0,999.0
80.0,242.0,99.0,50.0,128.0
27.0,151.0,24.0,22.0,12.0
80.0,330.0,88.0,118.0,109.0
128.0,165.0,60.0,25.0,26.0
21.0,226.0,22.0,40.0,8.0
427.0,319.0,83.0,102.0,53.0
315.0,228.0,68.0,41.0,22.0
78.0,339.0,90.0,133.0,118.0
489.0,375.0,99.0,152.0,124.0
34.0,241.0,58.0,47.0,24.0
80.0,278.0,100.0,66.0,194.0
59.0,354.0,99.0,151.0,128.0
42.0,236.0,48.0,44.0,22.0
33.0,140.0,42.0,19.0,11.0
49.0,181.0,40.0,18.0,11.0
80.0,160.0,99.0,152.0,128.0
71.0,347.0,85.0,58.0,26.0
106.0,289.0,153.0,79.0,50.0
683.0,517.0,709.0,468.0,963.0
93.0,273.0,123.0,62.0,28.0
59.0,193.0,67.0,34.0,22.0
99.0,329.0,149.0,117.0,78.0
130.0,252.0,59.0,56.0,26.0
82.0,375.0,101.0,172.0,139.0
28.0,146.0,27.0,22.0,7.0
51.0,242.0,59.0,50.0,24.0
126.0,474.0,153.0,367.0,344.0
73.0,347.0,86.0,152.0,99.0
28.0,252.0,27.0,57.0,26.0
315.0,650.0,226.0,589.0,477.0
35.0,171.0,44.0,25.0,16.0
91.0,361.0,126.0,226.0,181.0
28.0,510.0,27.0,367.0,287.0
34.0,292.0,34.0,82.0,8.0
60.0,301.0,71.0,83.0,36.0
78.0,347.0,88.0,133.0,109.0
77.0,347.0,87.0,132.0,107.0
61.0,301.0,71.0,83.0,36.0
61.0,366.0,71.0,90.0,40.0
91.0,353.0,116.0,148.0,205.0
52.0,301.0,60.0,83.0,26.0
166.0,353.0,175.0,386.0,344.0
59.0,232.0,69.0,36.0,22.0
38.0,156.0,47.0,22.0,15.0
42.0,173.0,47.0,28.0,15.0
63.0,292.0,73.0,81.0,32.0
65.0,312.0,77.0,97.0,50.0
40.0,171.0,48.0,28.0,18.0
70.0,325.0,84.0,115.0,76.0
59.0,273.0,65.0,66.0,30.0
59.0,282.0,66.0,70.0,31.0
59.0,330.0,85.0,118.0,78.0
43.0,165.0,51.0,30.0,19.0
91.0,433.0,114.0,222.0,177.0
33.0,165.0,43.0,22.0,12.0
63.0,308.0,72.0,93.0,41.0
206.0,282.0,225.0,618.0,509.0
74.0,326.0,103.0,115.0,64.0
80.0,354.0,96.0,151.0,123.0
35.0,146.0,44.0,22.0,14.0
49.0,248.0,58.0,51.0,25.0
28.0,116.0,27.0,3.0,7.0
70.0,282.0,107.0,72.0,155.0
27.0,151.0,44.0,22.0,13.0
128.0,519.0,153.0,290.0,344.0
49.0,240.0,58.0,47.0,24.0
59.0,217.0,54.0,36.0,20.0
43.0,240.0,52.0,47.0,24.0
90.0,171.0,107.0,25.0,157.0
63.0,297.0,72.0,81.0,43.0
285.0,999.0,298.0,999.0,613.0
98.0,76.0,137.0,2.0,43.0
100.0,517.0,151.0,428.0,303.0
190.0,217.0,181.0,36.0,41.0
70.0,330.0,84.0,118.0,76.0
59.0,122.0,69.0,17.0,8.0
63.0,313.0,72.0,90.0,40.0
206.0,193.0,226.0,34.0,19.0
54.0,163.0,60.0,22.0,26.0
98.0,386.0,107.0,173.0,141.0
29.0,386.0,34.0,7.0,8.0
91.0,146.0,116.0,79.0,173.0
61.0,252.0,72.0,52.0,25.0
45.0,217.0,55.0,37.0,21.0
49.0,241.0,57.0,47.0,24.0
213.0,354.0,265.0,151.0,567.0
61.0,160.0,71.0,30.0,19.0
100.0,506.0,151.0,376.0,303.0
43.0,469.0,52.0,36.0,20.0
91.0,303.0,114.0,100.0,26.0
29.0,111.0,39.0,13.0,8.0
489.0,304.0,69.0,79.0,33.0
57.0,282.0,62.0,72.0,31.0
69.0,299.0,137.0,83.0,35.0
59.0,284.0,69.0,79.0,35.0
78.0,346.0,90.0,131.0,118.0
34.0,205.0,44.0,19.0,11.0
53.0,252.0,60.0,58.0,26.0
78.0,347.0,90.0,135.0,118.0
197.0,580.0,200.0,558.0,429.0
21.0,240.0,41.0,18.0,11.0
186.0,999.0,182.0,999.0,417.0
67.0,375.0,78.0,102.0,53.0
91.0,156.0,120.0,22.0,14.0
100.0,482.0,147.0,353.0,274.0
54.0,252.0,58.0,52.0,25.0
57.0,228.0,74.0,41.0,24.0
54.0,449.0,116.0,226.0,181.0
59.0,292.0,69.0,79.0,35.0
45.0,247.0,58.0,50.0,24.0
92.0,292.0,123.0,79.0,194.0
206.0,480.0,224.0,309.0,477.0
59.0,283.0,68.0,72.0,32.0
54.0,228.0,55.0,41.0,22.0
80.0,354.0,96.0,151.0,123.0
102.0,283.0,149.0,72.0,32.0
45.0,237.0,55.0,38.0,21.0
40.0,139.0,48.0,19.0,18.0
215.0,232.0,155.0,41.0,368.0
70.0,330.0,84.0,117.0,76.0
21.0,25.0,20.0,2.0,3.0
49.0,191.0,52.0,36.0,20.0
45.0,217.0,55.0,37.0,21.0
955.0,304.0,78.0,93.0,42.0
294.0,312.0,68.0,82.0,36.0
50.0,296.0,72.0,81.0,32.0
79.0,480.0,92.0,366.0,118.0
59.0,292.0,69.0,79.0,34.0
100.0,353.0,152.0,143.0,613.0
90.0,252.0,107.0,110.0,154.0
294.0,255.0,208.0,558.0,431.0
54.0,257.0,66.0,58.0,31.0
59.0,111.0,48.0,25.0,17.0
160.0,528.0,165.0,538.0,369.0
70.0,164.0,84.0,23.0,14.0
49.0,240.0,57.0,47.0,24.0
106.0,506.0,153.0,376.0,331.0
90.0,438.0,107.0,214.0,154.0
71.0,205.0,87.0,36.0,24.0
692.0,528.0,709.0,538.0,926.0
100.0,78.0,149.0,1.0,0.0
60.0,301.0,71.0,88.0,37.0
102.0,632.0,84.0,121.0,76.0
285.0,437.0,9.0,18.0,1.0
206.0,312.0,225.0,100.0,481.0
28.0,242.0,22.0,2.0,4.0
58.0,226.0,62.0,38.0,25.0
28.0,0.0,27.0,2.0,8.0
692.0,647.0,728.0,618.0,926.0
80.0,482.0,151.0,366.0,289.0
80.0,335.0,107.0,211.0,155.0
40.0,171.0,48.0,26.0,18.0
80.0,353.0,99.0,143.0,128.0
328.0,999.0,470.0,999.0,602.0
58.0,284.0,62.0,77.0,32.0
59.0,242.0,65.0,77.0,31.0
43.0,140.0,43.0,19.0,11.0
63.0,122.0,72.0,8.0,40.0
65.0,319.0,78.0,102.0,53.0
38.0,171.0,48.0,25.0,17.0
38.0,296.0,48.0,79.0,29.0
59.0,278.0,69.0,70.0,35.0
78.0,353.0,90.0,143.0,118.0
59.0,240.0,65.0,47.0,30.0
240.0,348.0,291.0,192.0,151.0
82.0,386.0,103.0,173.0,141.0
45.0,347.0,27.0,100.0,8.0
63.0,156.0,120.0,102.0,73.0
59.0,284.0,69.0,76.0,32.0
45.0,449.0,55.0,62.0,28.0
53.0,116.0,59.0,10.0,8.0
256.0,337.0,291.0,121.0,36.0
80.0,353.0,86.0,150.0,110.0
183.0,520.0,181.0,538.0,416.0
487.0,999.0,537.0,861.0,722.0
59.0,282.0,65.0,66.0,30.0
99.0,283.0,143.0,558.0,623.0
43.0,193.0,52.0,34.0,20.0
70.0,330.0,84.0,117.0,78.0
43.0,221.0,55.0,37.0,21.0
552.0,282.0,68.0,72.0,31.0
100.0,469.0,147.0,286.0,274.0
315.0,163.0,237.0,22.0,14.0
40.0,172.0,36.0,26.0,35.0
59.0,297.0,69.0,81.0,35.0
54.0,273.0,62.0,64.0,28.0
279.0,160.0,298.0,153.0,123.0
91.0,301.0,85.0,83.0,31.0
61.0,283.0,71.0,72.0,32.0
49.0,237.0,58.0,45.0,24.0
59.0,296.0,66.0,67.0,31.0
71.0,330.0,85.0,118.0,78.0
58.0,273.0,63.0,64.0,29.0
256.0,517.0,298.0,417.0,364.0
33.0,160.0,41.0,23.0,15.0
57.0,278.0,62.0,70.0,31.0
43.0,240.0,58.0,47.0,24.0
692.0,343.0,728.0,82.0,17.0
92.0,347.0,86.0,131.0,101.0
84.0,386.0,105.0,173.0,141.0
28.0,164.0,44.0,23.0,11.0
130.0,325.0,92.0,115.0,118.0
59.0,301.0,69.0,83.0,36.0
371.0,292.0,470.0,79.0,613.0
128.0,0.0,153.0,0.0,0.0
78.0,255.0,65.0,62.0,29.0
91.0,437.0,123.0,222.0,194.0
58.0,265.0,62.0,62.0,29.0
102.0,138.0,137.0,376.0,331.0
206.0,518.0,225.0,376.0,477.0
46.0,223.0,55.0,37.0,21.0
131.0,518.0,155.0,428.0,361.0
58.0,139.0,52.0,19.0,11.0
80.0,386.0,103.0,173.0,148.0
79.0,292.0,66.0,79.0,32.0
50.0,151.0,27.0,22.0,8.0
100.0,146.0,149.0,386.0,287.0
80.0,348.0,93.0,137.0,110.0
40.0,197.0,52.0,36.0,20.0
43.0,193.0,51.0,34.0,20.0
315.0,319.0,72.0,102.0,43.0
59.0,233.0,56.0,41.0,22.0
328.0,178.0,470.0,30.0,579.0
82.0,223.0,116.0,37.0,205.0
100.0,480.0,147.0,366.0,287.0
192.0,163.0,44.0,22.0,11.0
74.0,346.0,87.0,130.0,107.0
59.0,301.0,69.0,83.0,36.0
40.0,178.0,50.0,30.0,19.0
91.0,650.0,224.0,585.0,453.0
63.0,273.0,71.0,64.0,29.0
71.0,330.0,85.0,117.0,78.0
130.0,329.0,151.0,367.0,289.0
140.0,335.0,189.0,118.0,41.0
45.0,178.0,55.0,30.0,19.0
81.0,314.0,74.0,100.0,38.0
190.0,438.0,153.0,222.0,174.0
192.0,528.0,208.0,538.0,416.0
31.0,404.0,39.0,202.0,53.0
41.0,191.0,50.0,34.0,19.0
166.0,156.0,175.0,22.0,369.0
49.0,236.0,57.0,44.0,24.0
70.0,178.0,84.0,30.0,76.0
64.0,164.0,48.0,23.0,15.0
35.0,151.0,44.0,22.0,14.0
683.0,299.0,244.0,83.0,509.0
72.0,260.0,86.0,62.0,29.0
140.0,232.0,164.0,41.0,369.0
59.0,284.0,67.0,76.0,32.0
82.0,241.0,58.0,50.0,24.0
39.0,348.0,48.0,137.0,16.0
63.0,122.0,68.0,18.0,11.0
80.0,438.0,99.0,576.0,128.0
35.0,193.0,44.0,34.0,20.0
70.0,165.0,84.0,24.0,76.0
62.0,14.0,72.0,1.0,1.0
38.0,164.0,48.0,22.0,16.0
98.0,240.0,137.0,47.0,64.0
49.0,205.0,49.0,36.0,20.0
35.0,173.0,44.0,26.0,14.0
63.0,297.0,73.0,59.0,38.0
95.0,193.0,123.0,34.0,18.0
61.0,284.0,71.0,77.0,33.0
86.0,437.0,103.0,195.0,151.0
955.0,312.0,24.0,3.0,7.0
489.0,304.0,604.0,62.0,33.0
133.0,940.0,298.0,753.0,579.0
64.0,151.0,42.0,22.0,11.0
28.0,226.0,33.0,17.0,8.0
216.0,146.0,41.0,22.0,12.0
41.0,301.0,50.0,30.0,19.0
20.0,199.0,9.0,18.0,11.0
71.0,347.0,85.0,133.0,81.0
95.0,252.0,126.0,56.0,26.0
64.0,314.0,74.0,100.0,49.0
23.0,217.0,24.0,36.0,25.0
71.0,343.0,85.0,118.0,89.0
489.0,25.0,89.0,131.0,128.0
91.0,353.0,85.0,118.0,78.0
208.0,165.0,48.0,23.0,15.0
84.0,335.0,86.0,130.0,101.0
206.0,580.0,224.0,558.0,963.0
165.0,348.0,165.0,90.0,40.0
71.0,312.0,120.0,88.0,89.0
49.0,284.0,58.0,72.0,28.0
328.0,193.0,352.0,576.0,963.0
62.0,164.0,73.0,25.0,17.0
45.0,217.0,55.0,37.0,21.0
552.0,226.0,604.0,373.0,303.0
63.0,313.0,72.0,100.0,49.0
54.0,221.0,55.0,37.0,22.0
43.0,178.0,52.0,36.0,20.0
58.0,312.0,63.0,62.0,29.0
213.0,647.0,244.0,622.0,509.0
285.0,437.0,165.0,309.0,274.0
77.0,314.0,85.0,93.0,42.0
206.0,589.0,224.0,558.0,429.0
100.0,494.0,151.0,367.0,289.0
45.0,236.0,55.0,44.0,23.0
206.0,650.0,225.0,589.0,477.0
61.0,292.0,69.0,79.0,36.0
28.0,282.0,68.0,77.0,33.0
65.0,265.0,78.0,62.0,53.0
77.0,181.0,51.0,30.0,19.0
99.0,255.0,153.0,386.0,334.0
99.0,520.0,143.0,376.0,266.0
73.0,347.0,87.0,133.0,107.0
328.0,164.0,470.0,2.0,623.0
57.0,226.0,62.0,38.0,24.0
29.0,139.0,39.0,18.0,8.0
71.0,194.0,85.0,286.0,160.0
100.0,366.0,126.0,172.0,139.0
102.0,517.0,153.0,376.0,331.0
29.0,146.0,42.0,22.0,11.0
190.0,135.0,44.0,18.0,11.0
65.0,302.0,55.0,82.0,22.0
74.0,193.0,73.0,34.0,43.0
73.0,232.0,226.0,47.0,24.0
38.0,165.0,48.0,23.0,15.0
72.0,173.0,86.0,28.0,18.0
140.0,517.0,164.0,428.0,364.0
31.0,353.0,92.0,150.0,120.0
81.0,406.0,101.0,211.0,157.0
74.0,247.0,87.0,50.0,115.0
23.0,292.0,66.0,79.0,31.0
63.0,302.0,72.0,87.0,42.0
82.0,330.0,107.0,118.0,78.0
231.0,148.0,277.0,417.0,567.0
100.0,589.0,149.0,204.0,155.0
77.0,437.0,88.0,213.0,157.0
60.0,302.0,71.0,87.0,36.0
64.0,346.0,72.0,88.0,44.0
49.0,226.0,55.0,37.0,21.0
80.0,353.0,99.0,137.0,128.0
106.0,506.0,153.0,428.0,364.0
43.0,193.0,51.0,34.0,20.0
91.0,193.0,116.0,202.0,173.0
57.0,273.0,61.0,64.0,29.0
102.0,222.0,152.0,37.0,260.0
78.0,351.0,90.0,133.0,118.0
213.0,171.0,47.0,22.0,15.0
43.0,193.0,52.0,34.0,20.0
53.0,252.0,60.0,57.0,26.0
96.0,354.0,124.0,151.0,151.0
91.0,303.0,116.0,88.0,173.0
131.0,284.0,152.0,18.0,8.0
96.0,353.0,103.0,143.0,124.0
20.0,366.0,99.0,168.0,128.0
33.0,375.0,68.0,77.0,33.0
42.0,193.0,49.0,34.0,20.0
58.0,257.0,63.0,62.0,29.0
86.0,437.0,105.0,195.0,154.0
421.0,517.0,244.0,622.0,509.0
78.0,228.0,54.0,40.0,20.0
166.0,661.0,175.0,585.0,453.0
33.0,178.0,50.0,30.0,19.0
102.0,437.0,137.0,213.0,173.0
215.0,282.0,537.0,841.0,722.0
61.0,236.0,71.0,59.0,31.0
29.0,283.0,51.0,34.0,20.0
433.0,343.0,526.0,138.0,115.0
24.0,346.0,24.0,131.0,53.0
59.0,296.0,69.0,81.0,35.0
96.0,437.0,126.0,214.0,173.0
43.0,167.0,30.0,22.0,8.0
37.0,171.0,48.0,23.0,18.0
59.0,236.0,57.0,44.0,24.0
93.0,337.0,126.0,121.0,81.0
100.0,748.0,151.0,753.0,602.0
32.0,240.0,40.0,47.0,11.0
183.0,528.0,181.0,538.0,416.0
48.0,247.0,56.0,50.0,22.0
64.0,304.0,74.0,102.0,50.0
371.0,296.0,480.0,81.0,35.0
186.0,528.0,182.0,538.0,416.0
383.0,999.0,490.0,999.0,657.0
64.0,312.0,71.0,93.0,40.0
98.0,329.0,137.0,110.0,109.0
54.0,445.0,103.0,428.0,283.0
32.0,330.0,39.0,118.0,10.0
421.0,236.0,604.0,47.0,26.0
61.0,282.0,72.0,72.0,31.0
95.0,445.0,123.0,235.0,194.0
43.0,306.0,100.0,102.0,128.0
190.0,193.0,85.0,36.0,20.0
335.0,146.0,480.0,20.0,623.0
20.0,122.0,182.0,7.0,7.0
35.0,217.0,61.0,36.0,20.0
59.0,278.0,62.0,70.0,31.0
58.0,273.0,63.0,64.0,29.0
49.0,221.0,58.0,47.0,24.0
71.0,346.0,86.0,131.0,101.0
166.0,282.0,78.0,40.0,24.0
20.0,257.0,56.0,62.0,24.0
128.0,404.0,157.0,202.0,368.0
49.0,236.0,58.0,44.0,24.0
95.0,386.0,123.0,173.0,141.0
63.0,326.0,74.0,152.0,44.0
102.0,438.0,153.0,226.0,194.0
29.0,273.0,65.0,66.0,30.0
35.0,386.0,114.0,173.0,160.0
78.0,299.0,90.0,82.0,118.0
65.0,153.0,78.0,22.0,8.0
35.0,252.0,44.0,43.0,26.0
51.0,151.0,59.0,18.0,11.0
80.0,329.0,78.0,117.0,110.0
383.0,337.0,537.0,753.0,722.0
64.0,314.0,74.0,100.0,49.0
78.0,330.0,90.0,118.0,118.0
43.0,197.0,52.0,36.0,20.0
72.0,347.0,86.0,133.0,99.0
383.0,252.0,490.0,373.0,303.0
21.0,228.0,58.0,41.0,26.0
24.0,647.0,24.0,2.0,6.0
63.0,268.0,69.0,81.0,35.0
100.0,386.0,121.0,192.0,173.0
77.0,353.0,90.0,148.0,119.0
80.0,312.0,92.0,100.0,123.0
102.0,330.0,152.0,93.0,41.0
20.0,0.0,9.0,0.0,0.0
59.0,312.0,69.0,97.0,31.0
206.0,517.0,208.0,235.0,369.0
91.0,248.0,105.0,51.0,154.0
64.0,240.0,55.0,47.0,22.0
70.0,273.0,84.0,102.0,53.0
71.0,330.0,85.0,118.0,81.0
63.0,308.0,74.0,90.0,40.0
100.0,510.0,151.0,376.0,303.0
64.0,308.0,74.0,90.0,40.0
100.0,528.0,181.0,538.0,416.0
35.0,171.0,45.0,25.0,18.0
71.0,330.0,85.0,117.0,78.0
186.0,528.0,182.0,538.0,417.0
59.0,273.0,62.0,62.0,29.0
186.0,520.0,181.0,538.0,417.0
166.0,748.0,182.0,589.0,417.0
59.0,301.0,69.0,81.0,35.0
240.0,76.0,22.0,2.0,4.0
45.0,171.0,54.0,25.0,19.0
78.0,240.0,84.0,50.0,23.0
48.0,164.0,56.0,23.0,22.0
91.0,252.0,116.0,52.0,25.0
91.0,354.0,99.0,152.0,124.0
165.0,268.0,143.0,36.0,20.0
206.0,164.0,224.0,23.0,15.0
32.0,163.0,44.0,22.0,14.0
699.0,252.0,783.0,57.0,963.0
70.0,330.0,84.0,117.0,76.0
59.0,171.0,87.0,28.0,18.0
38.0,160.0,44.0,22.0,14.0
82.0,438.0,103.0,223.0,151.0
92.0,171.0,120.0,1.0,173.0
335.0,999.0,480.0,999.0,657.0
91.0,260.0,116.0,62.0,44.0
98.0,510.0,139.0,353.0,260.0
86.0,353.0,92.0,151.0,120.0
58.0,260.0,60.0,62.0,26.0
59.0,312.0,68.0,79.0,33.0
421.0,0.0,20.0,0.0,0.0
43.0,528.0,51.0,34.0,19.0
71.0,330.0,84.0,118.0,78.0
29.0,226.0,126.0,38.0,20.0
71.0,337.0,85.0,121.0,78.0
100.0,172.0,145.0,22.0,287.0
67.0,247.0,78.0,36.0,32.0
49.0,241.0,55.0,47.0,22.0
31.0,163.0,40.0,18.0,11.0
78.0,353.0,90.0,135.0,118.0
40.0,247.0,48.0,62.0,18.0
31.0,199.0,39.0,36.0,22.0
82.0,351.0,107.0,143.0,53.0
213.0,528.0,237.0,558.0,602.0
48.0,228.0,56.0,41.0,23.0
328.0,517.0,237.0,195.0,151.0
433.0,317.0,526.0,25.0,15.0
58.0,240.0,57.0,47.0,24.0
71.0,330.0,85.0,118.0,78.0
208.0,940.0,526.0,841.0,722.0
38.0,164.0,48.0,23.0,15.0
96.0,236.0,56.0,44.0,23.0
130.0,510.0,153.0,373.0,344.0
59.0,289.0,70.0,83.0,36.0
165.0,348.0,89.0,135.0,109.0
46.0,226.0,55.0,38.0,22.0
70.0,273.0,84.0,117.0,76.0
48.0,248.0,57.0,47.0,24.0
215.0,632.0,237.0,589.0,477.0
29.0,163.0,55.0,22.0,15.0
80.0,482.0,69.0,366.0,160.0
683.0,308.0,728.0,861.0,716.0
131.0,474.0,155.0,290.0,260.0
78.0,348.0,90.0,135.0,118.0
90.0,348.0,96.0,135.0,109.0
91.0,146.0,114.0,22.0,21.0
40.0,217.0,48.0,37.0,21.0
48.0,240.0,57.0,47.0,24.0
166.0,282.0,151.0,373.0,303.0
33.0,314.0,40.0,100.0,11.0
74.0,139.0,54.0,26.0,18.0
92.0,241.0,68.0,3.0,33.0
61.0,181.0,71.0,80.0,35.0
48.0,236.0,56.0,36.0,20.0
98.0,337.0,137.0,118.0,78.0
82.0,404.0,105.0,202.0,154.0
33.0,255.0,41.0,62.0,11.0
133.0,437.0,151.0,367.0,289.0
487.0,197.0,54.0,36.0,20.0
59.0,240.0,69.0,47.0,34.0
77.0,354.0,87.0,138.0,107.0
91.0,438.0,114.0,222.0,174.0
240.0,278.0,84.0,115.0,76.0
73.0,273.0,76.0,66.0,53.0
279.0,173.0,298.0,28.0,283.0
93.0,248.0,124.0,62.0,205.0
80.0,353.0,96.0,148.0,119.0
40.0,0.0,20.0,2.0,3.0
692.0,252.0,89.0,57.0,26.0
33.0,122.0,42.0,17.0,11.0
92.0,0.0,137.0,0.0,0.0
421.0,438.0,490.0,226.0,181.0
28.0,165.0,33.0,23.0,16.0
256.0,116.0,291.0,17.0,579.0
166.0,165.0,48.0,23.0,15.0
77.0,273.0,71.0,88.0,37.0
216.0,228.0,51.0,41.0,19.0
51.0,278.0,59.0,47.0,24.0
48.0,236.0,56.0,44.0,23.0
80.0,397.0,99.0,152.0,124.0
100.0,215.0,147.0,34.0,20.0
766.0,474.0,147.0,309.0,283.0
166.0,296.0,175.0,83.0,35.0
69.0,312.0,86.0,100.0,101.0
59.0,297.0,70.0,81.0,35.0
128.0,153.0,63.0,22.0,14.0
24.0,106.0,24.0,7.0,7.0
77.0,347.0,87.0,132.0,101.0
41.0,222.0,50.0,37.0,19.0
61.0,301.0,70.0,83.0,36.0
489.0,171.0,265.0,30.0,8.0
71.0,347.0,85.0,138.0,109.0
49.0,240.0,57.0,47.0,24.0
29.0,138.0,42.0,19.0,11.0
165.0,330.0,151.0,367.0,289.0
98.0,160.0,24.0,23.0,14.0
39.0,164.0,44.0,23.0,15.0
59.0,312.0,69.0,81.0,35.0
57.0,165.0,48.0,23.0,15.0
73.0,153.0,85.0,22.0,13.0
91.0,406.0,116.0,195.0,157.0
43.0,163.0,48.0,25.0,17.0
96.0,528.0,265.0,538.0,417.0
59.0,240.0,69.0,47.0,24.0
63.0,301.0,71.0,51.0,37.0
38.0,163.0,48.0,22.0,15.0
51.0,284.0,59.0,77.0,26.0
28.0,278.0,66.0,70.0,31.0
65.0,326.0,78.0,102.0,53.0
59.0,278.0,66.0,67.0,31.0
71.0,247.0,86.0,125.0,96.0
96.0,330.0,73.0,117.0,76.0
206.0,217.0,224.0,37.0,579.0
78.0,353.0,90.0,150.0,119.0
63.0,353.0,74.0,138.0,115.0
80.0,308.0,93.0,93.0,128.0
80.0,353.0,100.0,150.0,128.0
59.0,191.0,51.0,34.0,20.0
49.0,193.0,55.0,47.0,23.0
38.0,167.0,48.0,25.0,17.0
32.0,199.0,40.0,19.0,11.0
70.0,306.0,84.0,117.0,76.0
35.0,326.0,87.0,131.0,105.0
42.0,273.0,65.0,66.0,30.0
71.0,297.0,85.0,82.0,33.0
98.0,480.0,164.0,366.0,368.0
40.0,173.0,48.0,27.0,18.0
80.0,296.0,69.0,82.0,33.0
72.0,347.0,86.0,131.0,101.0
80.0,354.0,99.0,150.0,128.0
59.0,297.0,69.0,82.0,36.0
98.0,469.0,143.0,286.0,260.0
192.0,172.0,165.0,27.0,368.0
100.0,494.0,147.0,367.0,289.0
51.0,240.0,59.0,47.0,22.0
71.0,308.0,66.0,62.0,29.0
102.0,517.0,153.0,417.0,344.0
70.0,116.0,44.0,18.0,11.0
34.0,0.0,0.0,0.0,0.0
73.0,193.0,52.0,34.0,20.0
197.0,580.0,165.0,550.0,477.0
48.0,228.0,56.0,41.0,22.0
77.0,329.0,90.0,117.0,96.0
62.0,163.0,72.0,30.0,20.0
63.0,122.0,72.0,18.0,42.0
29.0,312.0,88.0,97.0,173.0
59.0,296.0,70.0,80.0,34.0
955.0,304.0,76.0,88.0,49.0
32.0,589.0,40.0,18.0,11.0
38.0,167.0,48.0,25.0,17.0
98.0,375.0,84.0,118.0,76.0
20.0,302.0,72.0,62.0,44.0
79.0,353.0,99.0,137.0,128.0
98.0,317.0,143.0,100.0,266.0
421.0,519.0,157.0,468.0,368.0
48.0,167.0,56.0,25.0,17.0
43.0,301.0,52.0,83.0,35.0
54.0,78.0,88.0,52.0,101.0
59.0,314.0,65.0,100.0,49.0
31.0,151.0,39.0,22.0,13.0
100.0,242.0,72.0,47.0,24.0
71.0,335.0,85.0,118.0,78.0
58.0,193.0,63.0,34.0,20.0
72.0,330.0,85.0,118.0,78.0
77.0,273.0,66.0,72.0,31.0
37.0,165.0,47.0,23.0,15.0
206.0,437.0,224.0,373.0,344.0
31.0,284.0,39.0,66.0,30.0
71.0,348.0,85.0,135.0,109.0
41.0,165.0,48.0,24.0,18.0
33.0,140.0,41.0,19.0,11.0
98.0,632.0,139.0,290.0,260.0
92.0,163.0,44.0,23.0,14.0
92.0,282.0,124.0,286.0,222.0
62.0,302.0,71.0,87.0,36.0
67.0,306.0,78.0,88.0,41.0
128.0,437.0,226.0,622.0,481.0
240.0,335.0,352.0,290.0,623.0
65.0,354.0,77.0,152.0,124.0
192.0,361.0,93.0,152.0,124.0
208.0,528.0,237.0,622.0,481.0
71.0,330.0,85.0,118.0,78.0
71.0,228.0,52.0,41.0,20.0
79.0,445.0,92.0,223.0,173.0
49.0,236.0,56.0,44.0,24.0
77.0,353.0,90.0,148.0,118.0
60.0,301.0,71.0,83.0,36.0
43.0,122.0,52.0,18.0,10.0
45.0,222.0,55.0,37.0,21.0
51.0,223.0,59.0,47.0,24.0
63.0,289.0,78.0,79.0,53.0
33.0,138.0,41.0,18.0,11.0
80.0,354.0,99.0,150.0,128.0
98.0,302.0,71.0,87.0,36.0
59.0,299.0,57.0,83.0,24.0
46.0,314.0,74.0,102.0,44.0
33.0,273.0,73.0,66.0,34.0
131.0,519.0,153.0,428.0,344.0
71.0,312.0,85.0,97.0,43.0
92.0,106.0,124.0,7.0,7.0
42.0,304.0,44.0,88.0,37.0
48.0,228.0,56.0,41.0,22.0
51.0,248.0,59.0,52.0,25.0
81.0,153.0,85.0,22.0,124.0
61.0,296.0,71.0,81.0,35.0
42.0,167.0,43.0,25.0,11.0
95.0,445.0,121.0,223.0,174.0
58.0,330.0,84.0,118.0,76.0
54.0,284.0,65.0,70.0,31.0
0.0,449.0,0.0,0.0,0.0
216.0,361.0,74.0,80.0,41.0
192.0,354.0,175.0,117.0,477.0
59.0,292.0,66.0,70.0,31.0
98.0,343.0,101.0,130.0,101.0
91.0,146.0,116.0,8.0,173.0
71.0,347.0,85.0,135.0,89.0
49.0,151.0,58.0,22.0,20.0
96.0,312.0,123.0,226.0,194.0
27.0,518.0,822.0,585.0,477.0
35.0,167.0,48.0,25.0,17.0
96.0,517.0,114.0,428.0,205.0
40.0,139.0,48.0,19.0,18.0
34.0,299.0,63.0,82.0,36.0
80.0,273.0,93.0,64.0,29.0
62.0,312.0,72.0,100.0,47.0
699.0,171.0,728.0,25.0,17.0
206.0,519.0,225.0,576.0,481.0
77.0,339.0,86.0,130.0,99.0
256.0,283.0,298.0,72.0,567.0
240.0,506.0,226.0,618.0,481.0
64.0,314.0,74.0,100.0,49.0
96.0,330.0,107.0,213.0,173.0
215.0,520.0,265.0,417.0,344.0
61.0,299.0,71.0,83.0,35.0
692.0,273.0,139.0,290.0,260.0
71.0,116.0,86.0,17.0,10.0
96.0,339.0,87.0,125.0,105.0
186.0,528.0,181.0,538.0,416.0
98.0,366.0,147.0,58.0,26.0
61.0,299.0,71.0,88.0,37.0
100.0,247.0,149.0,37.0,101.0
92.0,482.0,121.0,376.0,613.0
45.0,217.0,55.0,37.0,21.0
35.0,171.0,44.0,23.0,14.0
92.0,330.0,85.0,118.0,89.0
130.0,308.0,120.0,93.0,119.0
100.0,469.0,149.0,286.0,289.0
49.0,247.0,57.0,50.0,24.0
315.0,205.0,116.0,36.0,173.0
383.0,163.0,526.0,861.0,716.0
91.0,433.0,107.0,211.0,160.0
71.0,116.0,34.0,3.0,7.0
59.0,171.0,65.0,25.0,17.0
58.0,217.0,55.0,37.0,21.0
29.0,347.0,87.0,133.0,107.0
59.0,299.0,69.0,81.0,35.0
231.0,353.0,277.0,138.0,119.0
20.0,25.0,0.0,1.0,0.0
57.0,160.0,59.0,22.0,24.0
43.0,299.0,52.0,36.0,20.0
140.0,252.0,69.0,77.0,32.0
421.0,339.0,85.0,125.0,96.0
59.0,233.0,66.0,62.0,28.0
213.0,268.0,244.0,2.0,1.0
371.0,199.0,480.0,7.0,8.0
487.0,173.0,101.0,28.0,18.0
100.0,240.0,155.0,286.0,287.0
487.0,278.0,526.0,70.0,716.0
766.0,241.0,57.0,47.0,24.0
130.0,437.0,157.0,117.0,368.0
183.0,273.0,85.0,66.0,30.0
28.0,191.0,27.0,110.0,24.0
20.0,260.0,74.0,47.0,24.0
91.0,438.0,114.0,226.0,181.0
683.0,517.0,728.0,428.0,963.0
43.0,205.0,52.0,36.0,20.0
126.0,438.0,153.0,211.0,344.0
29.0,140.0,24.0,3.0,7.0
165.0,348.0,182.0,538.0,417.0
70.0,217.0,84.0,30.0,19.0
371.0,228.0,490.0,37.0,22.0
80.0,319.0,87.0,80.0,109.0
33.0,171.0,41.0,19.0,11.0
100.0,506.0,151.0,386.0,289.0
205.0,178.0,147.0,30.0,110.0
91.0,146.0,73.0,22.0,11.0
216.0,296.0,291.0,81.0,35.0
45.0,223.0,55.0,37.0,21.0
33.0,233.0,43.0,41.0,22.0
683.0,89.0,63.0,18.0,11.0
63.0,233.0,72.0,43.0,22.0
91.0,226.0,55.0,17.0,22.0
100.0,433.0,139.0,366.0,260.0
166.0,404.0,107.0,202.0,155.0
100.0,520.0,149.0,538.0,386.0
59.0,304.0,68.0,82.0,32.0
37.0,165.0,48.0,24.0,16.0
215.0,278.0,85.0,67.0,31.0
99.0,165.0,48.0,25.0,17.0
80.0,178.0,93.0,37.0,22.0
37.0,181.0,52.0,22.0,15.0
186.0,302.0,182.0,87.0,15.0
63.0,146.0,72.0,19.0,11.0
78.0,346.0,90.0,131.0,118.0
91.0,14.0,105.0,192.0,154.0
90.0,221.0,107.0,37.0,160.0
50.0,217.0,58.0,36.0,20.0
102.0,517.0,155.0,428.0,361.0
40.0,165.0,48.0,23.0,15.0
0.0,347.0,0.0,135.0,0.0
47.0,223.0,55.0,37.0,21.0
43.0,228.0,52.0,41.0,22.0
91.0,437.0,123.0,213.0,170.0
80.0,347.0,90.0,137.0,118.0
555.0,647.0,709.0,585.0,926.0
48.0,164.0,56.0,23.0,15.0
45.0,165.0,137.0,23.0,15.0
59.0,335.0,85.0,118.0,78.0
21.0,167.0,20.0,2.0,3.0
45.0,223.0,55.0,37.0,21.0
51.0,313.0,59.0,100.0,25.0
421.0,205.0,114.0,37.0,205.0
57.0,228.0,61.0,40.0,26.0
38.0,122.0,48.0,17.0,15.0
285.0,304.0,73.0,88.0,38.0
206.0,284.0,27.0,3.0,7.0
43.0,248.0,58.0,51.0,25.0
205.0,199.0,27.0,19.0,8.0
91.0,167.0,114.0,223.0,174.0
64.0,397.0,208.0,192.0,155.0
48.0,217.0,56.0,36.0,22.0
35.0,165.0,44.0,19.0,11.0
58.0,386.0,480.0,173.0,623.0
59.0,289.0,67.0,58.0,26.0
315.0,528.0,367.0,538.0,613.0
205.0,632.0,208.0,558.0,429.0
197.0,273.0,152.0,373.0,303.0
74.0,353.0,87.0,150.0,120.0
99.0,474.0,145.0,290.0,266.0
160.0,437.0,164.0,214.0,369.0
51.0,248.0,59.0,52.0,25.0
35.0,165.0,45.0,22.0,14.0
186.0,528.0,181.0,538.0,416.0
21.0,25.0,20.0,2.0,3.0
208.0,469.0,52.0,290.0,35.0
52.0,163.0,59.0,22.0,26.0
20.0,319.0,78.0,102.0,53.0
70.0,940.0,84.0,841.0,613.0
98.0,111.0,137.0,8.0,7.0
49.0,292.0,58.0,52.0,24.0
63.0,308.0,73.0,82.0,41.0
33.0,273.0,41.0,64.0,29.0
140.0,171.0,157.0,62.0,368.0
58.0,257.0,61.0,57.0,26.0
71.0,296.0,85.0,81.0,35.0
70.0,343.0,84.0,117.0,76.0
21.0,335.0,22.0,2.0,4.0
59.0,351.0,66.0,138.0,148.0
80.0,283.0,114.0,76.0,160.0
71.0,329.0,85.0,117.0,73.0
427.0,237.0,59.0,52.0,25.0
215.0,519.0,244.0,428.0,361.0
64.0,282.0,123.0,43.0,194.0
208.0,241.0,226.0,22.0,481.0
38.0,353.0,50.0,30.0,19.0
80.0,343.0,107.0,131.0,155.0
91.0,437.0,114.0,214.0,157.0
102.0,240.0,153.0,47.0,369.0
335.0,337.0,470.0,121.0,602.0
20.0,255.0,36.0,3.0,6.0
427.0,221.0,526.0,36.0,22.0
328.0,296.0,277.0,87.0,36.0
67.0,348.0,78.0,152.0,386.0
28.0,122.0,33.0,2.0,6.0
427.0,156.0,137.0,23.0,22.0
59.0,283.0,66.0,66.0,30.0
80.0,510.0,93.0,152.0,128.0
92.0,146.0,121.0,18.0,177.0
42.0,273.0,67.0,66.0,31.0
91.0,241.0,226.0,37.0,20.0
999.0,528.0,999.0,538.0,999.0
35.0,347.0,48.0,76.0,33.0
47.0,283.0,55.0,72.0,22.0
65.0,319.0,78.0,110.0,53.0
140.0,156.0,164.0,22.0,368.0
59.0,292.0,69.0,79.0,33.0
90.0,518.0,107.0,226.0,148.0
45.0,296.0,121.0,81.0,36.0
328.0,308.0,78.0,93.0,53.0
59.0,257.0,67.0,58.0,32.0
70.0,317.0,84.0,102.0,53.0
102.0,506.0,153.0,386.0,334.0
98.0,0.0,24.0,0.0,1.0
49.0,160.0,56.0,22.0,22.0
28.0,138.0,24.0,7.0,7.0
95.0,163.0,123.0,18.0,11.0
487.0,353.0,537.0,57.0,722.0
81.0,337.0,86.0,121.0,101.0
231.0,580.0,277.0,622.0,509.0
54.0,236.0,56.0,44.0,23.0
64.0,301.0,72.0,93.0,42.0
84.0,273.0,107.0,64.0,29.0
38.0,165.0,48.0,23.0,15.0
69.0,236.0,56.0,44.0,23.0
78.0,351.0,90.0,137.0,115.0
955.0,151.0,783.0,22.0,14.0
421.0,265.0,69.0,62.0,30.0
166.0,325.0,65.0,100.0,47.0
52.0,268.0,59.0,59.0,26.0
130.0,151.0,48.0,22.0,14.0
78.0,236.0,89.0,44.0,118.0
79.0,217.0,92.0,36.0,20.0
160.0,326.0,83.0,115.0,64.0
59.0,252.0,69.0,67.0,32.0
39.0,167.0,48.0,25.0,17.0
63.0,226.0,77.0,38.0,43.0
49.0,240.0,57.0,47.0,24.0
53.0,165.0,58.0,93.0,24.0
52.0,226.0,59.0,36.0,22.0
100.0,0.0,147.0,19.0,274.0
53.0,255.0,59.0,52.0,25.0
98.0,386.0,101.0,173.0,141.0
91.0,303.0,103.0,100.0,148.0
43.0,296.0,69.0,80.0,35.0
35.0,111.0,45.0,10.0,14.0
91.0,438.0,114.0,222.0,173.0
70.0,520.0,84.0,538.0,11.0
683.0,242.0,783.0,58.0,26.0
63.0,330.0,78.0,118.0,78.0
240.0,172.0,352.0,19.0,15.0
21.0,106.0,22.0,2.0,4.0
40.0,296.0,49.0,80.0,81.0
38.0,139.0,43.0,19.0,11.0
80.0,354.0,123.0,150.0,194.0
63.0,228.0,72.0,41.0,22.0
47.0,247.0,55.0,50.0,22.0
190.0,347.0,182.0,550.0,417.0
21.0,317.0,22.0,2.0,4.0
71.0,433.0,84.0,214.0,110.0
79.0,260.0,101.0,62.0,28.0
80.0,330.0,84.0,117.0,76.0
240.0,146.0,65.0,22.0,13.0
48.0,273.0,56.0,66.0,30.0
50.0,347.0,58.0,132.0,24.0
59.0,301.0,68.0,83.0,36.0
231.0,517.0,155.0,428.0,361.0
64.0,326.0,76.0,117.0,96.0
95.0,278.0,126.0,67.0,148.0
315.0,252.0,58.0,57.0,26.0
63.0,520.0,74.0,589.0,303.0
45.0,354.0,55.0,37.0,21.0
383.0,999.0,490.0,999.0,657.0
31.0,228.0,69.0,41.0,22.0
64.0,273.0,83.0,115.0,64.0
197.0,517.0,152.0,428.0,361.0
28.0,273.0,61.0,64.0,30.0
59.0,304.0,68.0,88.0,32.0
39.0,171.0,48.0,25.0,17.0
70.0,228.0,84.0,117.0,76.0
43.0,217.0,51.0,37.0,19.0
96.0,173.0,124.0,22.0,205.0
61.0,292.0,71.0,79.0,35.0
82.0,296.0,101.0,100.0,49.0
371.0,151.0,526.0,7.0,716.0
240.0,354.0,291.0,151.0,567.0
64.0,257.0,86.0,58.0,26.0
27.0,215.0,24.0,10.0,8.0
43.0,178.0,52.0,36.0,20.0
45.0,222.0,55.0,37.0,21.0
82.0,375.0,101.0,172.0,128.0
216.0,283.0,68.0,72.0,32.0
63.0,313.0,72.0,66.0,40.0
371.0,397.0,514.0,195.0,509.0
70.0,325.0,84.0,115.0,73.0
29.0,296.0,69.0,81.0,35.0
40.0,122.0,48.0,22.0,13.0
49.0,312.0,105.0,100.0,44.0
427.0,146.0,526.0,20.0,602.0
49.0,178.0,57.0,22.0,13.0
43.0,167.0,52.0,25.0,17.0
71.0,278.0,84.0,34.0,19.0
79.0,135.0,92.0,18.0,11.0
70.0,306.0,84.0,117.0,76.0
43.0,228.0,51.0,41.0,22.0
59.0,265.0,69.0,59.0,35.0
231.0,386.0,114.0,173.0,128.0
35.0,260.0,60.0,62.0,26.0
692.0,339.0,87.0,125.0,107.0
128.0,354.0,151.0,373.0,303.0
40.0,248.0,48.0,37.0,20.0
58.0,265.0,63.0,62.0,29.0
216.0,296.0,70.0,81.0,36.0
91.0,437.0,114.0,214.0,173.0
29.0,353.0,34.0,22.0,8.0
91.0,449.0,116.0,223.0,177.0
93.0,437.0,121.0,226.0,181.0
98.0,480.0,139.0,290.0,260.0
73.0,247.0,90.0,192.0,148.0
102.0,632.0,153.0,558.0,431.0
53.0,241.0,60.0,47.0,26.0
90.0,339.0,86.0,131.0,99.0
59.0,255.0,65.0,52.0,25.0
43.0,146.0,51.0,20.0,18.0
80.0,353.0,99.0,148.0,128.0
59.0,283.0,67.0,72.0,32.0
28.0,146.0,33.0,19.0,8.0
489.0,76.0,47.0,7.0,15.0
59.0,164.0,50.0,18.0,25.0
208.0,273.0,103.0,66.0,24.0
70.0,284.0,83.0,67.0,31.0
190.0,517.0,124.0,417.0,963.0
28.0,135.0,33.0,18.0,8.0
64.0,240.0,74.0,47.0,64.0
70.0,337.0,84.0,118.0,76.0
35.0,163.0,44.0,22.0,12.0
102.0,650.0,157.0,589.0,368.0
208.0,173.0,265.0,28.0,18.0
70.0,223.0,84.0,36.0,19.0
43.0,217.0,52.0,37.0,21.0
100.0,480.0,149.0,366.0,287.0
206.0,339.0,224.0,125.0,89.0
35.0,273.0,44.0,64.0,26.0
98.0,437.0,139.0,222.0,174.0
67.0,289.0,78.0,102.0,53.0
487.0,226.0,526.0,40.0,73.0
699.0,0.0,27.0,17.0,7.0
82.0,153.0,89.0,22.0,44.0
0.0,78.0,0.0,2.0,0.0
37.0,163.0,47.0,23.0,15.0
38.0,25.0,50.0,30.0,19.0
100.0,348.0,149.0,135.0,109.0
35.0,482.0,45.0,22.0,14.0
315.0,482.0,480.0,373.0,579.0
64.0,237.0,76.0,83.0,35.0
23.0,148.0,24.0,22.0,14.0
38.0,233.0,48.0,30.0,19.0
371.0,999.0,480.0,999.0,716.0
45.0,217.0,55.0,37.0,21.0
192.0,171.0,164.0,25.0,369.0
82.0,437.0,103.0,222.0,174.0
24.0,528.0,175.0,538.0,386.0
73.0,283.0,103.0,72.0,148.0
328.0,326.0,200.0,558.0,431.0
999.0,519.0,999.0,497.0,999.0
63.0,111.0,72.0,8.0,148.0
43.0,296.0,52.0,82.0,36.0
208.0,330.0,265.0,117.0,76.0
28.0,361.0,33.0,168.0,8.0
32.0,135.0,40.0,18.0,11.0
92.0,232.0,120.0,226.0,177.0
49.0,273.0,58.0,59.0,26.0
63.0,171.0,72.0,25.0,17.0
38.0,148.0,48.0,22.0,15.0
58.0,265.0,63.0,62.0,28.0
90.0,433.0,107.0,202.0,154.0
197.0,312.0,200.0,110.0,53.0
54.0,255.0,60.0,56.0,26.0
91.0,163.0,47.0,22.0,15.0
63.0,236.0,59.0,44.0,23.0
165.0,299.0,151.0,83.0,287.0
33.0,146.0,41.0,22.0,14.0
186.0,528.0,181.0,538.0,416.0
59.0,163.0,44.0,22.0,14.0
43.0,193.0,52.0,34.0,20.0
64.0,330.0,56.0,44.0,24.0
256.0,353.0,244.0,148.0,509.0
692.0,140.0,20.0,2.0,3.0
335.0,404.0,480.0,202.0,623.0
80.0,353.0,99.0,148.0,128.0
197.0,589.0,200.0,558.0,429.0
71.0,273.0,89.0,841.0,722.0
35.0,326.0,44.0,110.0,12.0
70.0,335.0,84.0,118.0,78.0
46.0,236.0,56.0,44.0,23.0
421.0,520.0,490.0,538.0,416.0
335.0,519.0,526.0,468.0,716.0
294.0,312.0,83.0,93.0,64.0
427.0,647.0,367.0,585.0,453.0
205.0,265.0,69.0,62.0,28.0
51.0,303.0,59.0,52.0,25.0
49.0,233.0,50.0,41.0,22.0
40.0,140.0,48.0,19.0,18.0
80.0,520.0,181.0,538.0,416.0
49.0,241.0,57.0,47.0,24.0
58.0,520.0,66.0,77.0,31.0
47.0,228.0,55.0,41.0,22.0
59.0,283.0,69.0,77.0,34.0
91.0,346.0,99.0,138.0,128.0
51.0,241.0,59.0,47.0,24.0
74.0,339.0,87.0,138.0,110.0
40.0,171.0,48.0,26.0,18.0
96.0,223.0,77.0,37.0,21.0
24.0,217.0,51.0,37.0,24.0
71.0,273.0,83.0,66.0,30.0
213.0,517.0,224.0,290.0,453.0
38.0,165.0,48.0,23.0,15.0
70.0,252.0,45.0,23.0,15.0
35.0,282.0,44.0,22.0,14.0
80.0,106.0,9.0,10.0,1.0
80.0,343.0,87.0,135.0,107.0
63.0,164.0,72.0,102.0,53.0
80.0,0.0,165.0,576.0,386.0
40.0,260.0,52.0,36.0,20.0
54.0,347.0,86.0,130.0,99.0
31.0,273.0,65.0,66.0,30.0
51.0,255.0,59.0,52.0,25.0
216.0,999.0,277.0,618.0,567.0
190.0,437.0,182.0,550.0,417.0
64.0,301.0,71.0,93.0,42.0
100.0,139.0,153.0,19.0,334.0
999.0,647.0,999.0,576.0,999.0
49.0,173.0,58.0,45.0,24.0
231.0,164.0,48.0,23.0,15.0
45.0,146.0,52.0,36.0,20.0
65.0,519.0,55.0,37.0,21.0
48.0,240.0,59.0,22.0,26.0
58.0,301.0,60.0,57.0,26.0
47.0,217.0,55.0,37.0,21.0
70.0,173.0,84.0,25.0,76.0
99.0,25.0,147.0,2.0,7.0
231.0,165.0,83.0,23.0,15.0
82.0,438.0,103.0,213.0,157.0
91.0,308.0,20.0,2.0,3.0
37.0,160.0,48.0,19.0,18.0
53.0,140.0,60.0,22.0,24.0
335.0,325.0,526.0,115.0,60.0
69.0,296.0,76.0,81.0,35.0
63.0,282.0,71.0,76.0,32.0
100.0,122.0,147.0,13.0,623.0
59.0,312.0,66.0,79.0,32.0
328.0,205.0,470.0,36.0,602.0
102.0,240.0,143.0,47.0,24.0
81.0,397.0,100.0,195.0,128.0
64.0,296.0,69.0,80.0,35.0
328.0,248.0,470.0,22.0,623.0
96.0,506.0,114.0,376.0,283.0
71.0,330.0,85.0,118.0,78.0
77.0,347.0,88.0,133.0,260.0
77.0,335.0,85.0,118.0,78.0
133.0,469.0,152.0,286.0,260.0
58.0,257.0,63.0,59.0,32.0
52.0,226.0,56.0,38.0,24.0
96.0,510.0,124.0,367.0,369.0
552.0,386.0,124.0,173.0,205.0
40.0,223.0,48.0,37.0,21.0
92.0,353.0,124.0,148.0,128.0
37.0,354.0,55.0,138.0,22.0
96.0,449.0,107.0,226.0,157.0
57.0,163.0,76.0,102.0,50.0
43.0,173.0,59.0,28.0,18.0
86.0,404.0,105.0,195.0,154.0
335.0,296.0,69.0,79.0,35.0
28.0,346.0,27.0,7.0,7.0
208.0,278.0,244.0,66.0,509.0
206.0,520.0,224.0,538.0,429.0
96.0,296.0,83.0,80.0,35.0
43.0,299.0,123.0,82.0,194.0
60.0,296.0,71.0,81.0,35.0
61.0,232.0,71.0,88.0,37.0
91.0,353.0,116.0,192.0,128.0
59.0,330.0,72.0,117.0,41.0
40.0,163.0,22.0,2.0,4.0
256.0,348.0,105.0,172.0,139.0
37.0,248.0,51.0,41.0,22.0
213.0,330.0,58.0,79.0,34.0
91.0,111.0,83.0,10.0,8.0
35.0,160.0,45.0,22.0,14.0
82.0,237.0,116.0,37.0,124.0
64.0,296.0,76.0,81.0,35.0
216.0,122.0,244.0,622.0,509.0
39.0,156.0,49.0,30.0,19.0
315.0,650.0,352.0,618.0,602.0
46.0,199.0,55.0,36.0,21.0
59.0,308.0,68.0,93.0,31.0
60.0,308.0,71.0,83.0,36.0
427.0,247.0,27.0,2.0,6.0
40.0,171.0,48.0,25.0,17.0
53.0,226.0,57.0,38.0,24.0
53.0,178.0,60.0,3.0,26.0
59.0,302.0,69.0,83.0,36.0
20.0,449.0,116.0,226.0,154.0
45.0,178.0,55.0,30.0,19.0
59.0,296.0,70.0,81.0,36.0
91.0,160.0,114.0,22.0,24.0
213.0,347.0,226.0,77.0,33.0
59.0,252.0,69.0,57.0,38.0
294.0,330.0,85.0,118.0,89.0
77.0,171.0,89.0,25.0,16.0
279.0,650.0,298.0,585.0,453.0
315.0,437.0,352.0,213.0,602.0
52.0,153.0,48.0,22.0,14.0
63.0,160.0,71.0,22.0,10.0
206.0,148.0,224.0,22.0,369.0
371.0,283.0,156.0,82.0,364.0
140.0,151.0,165.0,22.0,14.0
57.0,139.0,65.0,19.0,22.0
100.0,312.0,151.0,100.0,47.0
91.0,438.0,116.0,222.0,174.0
59.0,299.0,66.0,83.0,36.0
91.0,335.0,116.0,118.0,173.0
47.0,240.0,61.0,44.0,23.0
35.0,140.0,44.0,19.0,11.0
21.0,76.0,27.0,3.0,7.0
43.0,197.0,52.0,36.0,20.0
231.0,325.0,88.0,117.0,101.0
294.0,346.0,93.0,131.0,118.0
48.0,178.0,56.0,30.0,19.0
328.0,335.0,470.0,118.0,78.0
53.0,296.0,71.0,81.0,36.0
23.0,146.0,27.0,22.0,7.0
59.0,173.0,65.0,28.0,18.0
45.0,217.0,55.0,37.0,21.0
39.0,172.0,48.0,25.0,17.0
72.0,353.0,86.0,138.0,110.0
80.0,354.0,93.0,150.0,120.0
38.0,248.0,48.0,50.0,24.0
48.0,188.0,57.0,30.0,24.0
45.0,228.0,55.0,36.0,21.0
99.0,474.0,126.0,290.0,222.0
71.0,335.0,85.0,118.0,78.0
91.0,165.0,114.0,70.0,31.0
183.0,14.0,153.0,1.0,1.0
48.0,228.0,56.0,41.0,22.0
70.0,480.0,84.0,102.0,76.0
59.0,237.0,66.0,45.0,23.0
131.0,661.0,237.0,618.0,509.0
70.0,296.0,85.0,117.0,73.0
65.0,292.0,78.0,93.0,53.0
48.0,116.0,56.0,41.0,22.0
100.0,252.0,149.0,753.0,283.0
57.0,580.0,84.0,550.0,76.0
64.0,353.0,93.0,148.0,119.0
90.0,354.0,105.0,150.0,151.0
82.0,319.0,85.0,102.0,89.0
43.0,194.0,52.0,30.0,19.0
40.0,330.0,48.0,28.0,18.0
65.0,353.0,99.0,152.0,124.0
49.0,228.0,58.0,41.0,22.0
53.0,273.0,60.0,57.0,26.0
33.0,301.0,56.0,43.0,22.0
67.0,289.0,78.0,82.0,22.0
49.0,241.0,57.0,47.0,24.0
206.0,520.0,225.0,538.0,386.0
81.0,375.0,103.0,172.0,148.0
59.0,301.0,70.0,83.0,36.0
130.0,337.0,156.0,121.0,368.0
130.0,437.0,153.0,222.0,331.0
78.0,346.0,90.0,131.0,119.0
140.0,518.0,164.0,538.0,369.0
80.0,171.0,56.0,25.0,24.0
