140.0,301.0,99.0,117.0,128.0
54.0,337.0,69.0,80.0,35.0
84.0,265.0,151.0,62.0,303.0
80.0,205.0,78.0,44.0,11.0
315.0,517.0,298.0,417.0,331.0
71.0,366.0,86.0,168.0,96.0
48.0,226.0,56.0,38.0,22.0
100.0,217.0,151.0,77.0,32.0
126.0,520.0,153.0,386.0,334.0
955.0,330.0,85.0,118.0,78.0
552.0,528.0,181.0,538.0,416.0
33.0,140.0,22.0,2.0,3.0
59.0,297.0,68.0,81.0,33.0
213.0,325.0,200.0,19.0,8.0
100.0,528.0,149.0,366.0,287.0
92.0,283.0,149.0,72.0,73.0
43.0,197.0,51.0,36.0,20.0
64.0,445.0,86.0,131.0,99.0
59.0,160.0,41.0,22.0,11.0
955.0,999.0,728.0,999.0,963.0
96.0,223.0,99.0,153.0,128.0
45.0,156.0,54.0,36.0,20.0
63.0,308.0,72.0,93.0,42.0
59.0,330.0,69.0,2.0,4.0
49.0,240.0,57.0,47.0,24.0
100.0,480.0,151.0,367.0,303.0
91.0,353.0,105.0,148.0,120.0
72.0,433.0,86.0,213.0,101.0
35.0,163.0,41.0,23.0,15.0
206.0,661.0,226.0,622.0,481.0
63.0,283.0,72.0,72.0,44.0
692.0,650.0,783.0,585.0,963.0
555.0,248.0,709.0,52.0,25.0
71.0,301.0,86.0,100.0,49.0
63.0,140.0,86.0,131.0,101.0
489.0,647.0,822.0,576.0,963.0
73.0,240.0,20.0,2.0,3.0
49.0,241.0,57.0,47.0,24.0
102.0,217.0,151.0,2.0,303.0
52.0,139.0,59.0,19.0,16.0
73.0,335.0,87.0,152.0,124.0
335.0,146.0,470.0,110.0,623.0
77.0,354.0,87.0,151.0,124.0
84.0,346.0,100.0,131.0,105.0
206.0,289.0,226.0,618.0,481.0
487.0,433.0,537.0,841.0,722.0
70.0,346.0,84.0,214.0,157.0
59.0,193.0,61.0,34.0,20.0
46.0,247.0,55.0,50.0,25.0
38.0,282.0,49.0,72.0,31.0
65.0,278.0,78.0,102.0,53.0
59.0,178.0,50.0,30.0,19.0
71.0,306.0,86.0,88.0,99.0
86.0,354.0,103.0,151.0,154.0
45.0,222.0,55.0,37.0,21.0
65.0,247.0,78.0,50.0,53.0
45.0,228.0,56.0,37.0,22.0
78.0,330.0,90.0,118.0,118.0
37.0,252.0,60.0,57.0,26.0
59.0,292.0,69.0,79.0,35.0
31.0,140.0,41.0,19.0,11.0
231.0,255.0,114.0,213.0,173.0
43.0,226.0,52.0,36.0,20.0
216.0,106.0,265.0,37.0,21.0
35.0,138.0,44.0,22.0,14.0
40.0,171.0,48.0,28.0,18.0
40.0,247.0,58.0,51.0,25.0
215.0,325.0,604.0,115.0,76.0
91.0,297.0,116.0,226.0,181.0
40.0,228.0,56.0,37.0,24.0
80.0,226.0,99.0,110.0,128.0
433.0,165.0,44.0,23.0,15.0
102.0,163.0,153.0,22.0,344.0
100.0,233.0,147.0,226.0,181.0
100.0,469.0,151.0,70.0,119.0
43.0,181.0,52.0,30.0,19.0
213.0,386.0,101.0,173.0,141.0
21.0,146.0,20.0,2.0,3.0
49.0,233.0,57.0,47.0,24.0
42.0,319.0,90.0,88.0,42.0
82.0,303.0,93.0,152.0,124.0
315.0,650.0,352.0,585.0,613.0
53.0,252.0,60.0,56.0,26.0
61.0,296.0,71.0,81.0,35.0
315.0,354.0,84.0,192.0,194.0
54.0,240.0,57.0,47.0,24.0
315.0,248.0,352.0,50.0,477.0
35.0,172.0,44.0,30.0,19.0
35.0,278.0,56.0,47.0,22.0
285.0,197.0,55.0,36.0,20.0
67.0,337.0,78.0,117.0,53.0
131.0,510.0,153.0,386.0,334.0
73.0,346.0,86.0,131.0,101.0
91.0,337.0,116.0,62.0,173.0
197.0,589.0,200.0,558.0,429.0
140.0,283.0,164.0,77.0,8.0
59.0,292.0,68.0,79.0,33.0
43.0,255.0,55.0,62.0,26.0
256.0,283.0,126.0,70.0,30.0
102.0,260.0,153.0,67.0,344.0
315.0,193.0,152.0,34.0,20.0
59.0,292.0,69.0,79.0,33.0
59.0,228.0,69.0,41.0,22.0
59.0,273.0,69.0,66.0,31.0
98.0,353.0,153.0,30.0,344.0
59.0,314.0,69.0,100.0,30.0
552.0,301.0,70.0,83.0,36.0
43.0,194.0,52.0,34.0,20.0
82.0,353.0,103.0,150.0,120.0
23.0,226.0,20.0,38.0,26.0
59.0,197.0,49.0,90.0,17.0
165.0,148.0,0.0,22.0,0.0
28.0,223.0,33.0,37.0,8.0
100.0,165.0,124.0,70.0,205.0
95.0,160.0,90.0,0.0,128.0
33.0,163.0,43.0,22.0,11.0
40.0,122.0,48.0,17.0,15.0
74.0,520.0,88.0,538.0,109.0
73.0,351.0,87.0,132.0,99.0
28.0,160.0,48.0,22.0,15.0
130.0,215.0,52.0,36.0,20.0
206.0,325.0,224.0,115.0,38.0
99.0,480.0,147.0,309.0,274.0
215.0,346.0,265.0,841.0,722.0
999.0,354.0,999.0,151.0,999.0
41.0,178.0,50.0,30.0,19.0
215.0,188.0,265.0,30.0,429.0
82.0,228.0,101.0,41.0,22.0
32.0,474.0,40.0,22.0,11.0
0.0,0.0,0.0,0.0,0.0
35.0,265.0,44.0,22.0,13.0
58.0,273.0,63.0,64.0,29.0
80.0,366.0,99.0,153.0,128.0
82.0,236.0,86.0,44.0,96.0
90.0,437.0,107.0,214.0,160.0
315.0,173.0,65.0,28.0,35.0
43.0,197.0,52.0,34.0,20.0
41.0,178.0,50.0,30.0,19.0
59.0,163.0,66.0,22.0,31.0
186.0,520.0,181.0,538.0,416.0
71.0,366.0,85.0,152.0,124.0
421.0,386.0,822.0,558.0,963.0
80.0,268.0,101.0,286.0,154.0
95.0,438.0,114.0,222.0,174.0
285.0,303.0,324.0,80.0,602.0
86.0,181.0,107.0,22.0,157.0
59.0,135.0,69.0,93.0,42.0
23.0,163.0,52.0,22.0,19.0
91.0,437.0,116.0,222.0,174.0
38.0,172.0,48.0,28.0,16.0
59.0,265.0,66.0,67.0,31.0
0.0,106.0,0.0,3.0,0.0
29.0,257.0,59.0,59.0,26.0
70.0,325.0,84.0,117.0,60.0
91.0,445.0,114.0,213.0,170.0
53.0,236.0,60.0,44.0,26.0
82.0,353.0,103.0,150.0,120.0
59.0,273.0,66.0,66.0,30.0
130.0,469.0,147.0,290.0,260.0
91.0,375.0,120.0,223.0,177.0
99.0,661.0,151.0,367.0,289.0
371.0,366.0,22.0,2.0,4.0
39.0,171.0,48.0,26.0,17.0
77.0,116.0,85.0,138.0,78.0
80.0,386.0,99.0,153.0,124.0
69.0,296.0,71.0,81.0,35.0
48.0,236.0,56.0,44.0,24.0
91.0,437.0,114.0,214.0,173.0
80.0,252.0,99.0,211.0,128.0
21.0,25.0,20.0,2.0,3.0
91.0,197.0,114.0,204.0,155.0
24.0,151.0,24.0,22.0,14.0
91.0,78.0,49.0,2.0,1.0
77.0,312.0,89.0,138.0,115.0
70.0,273.0,84.0,66.0,78.0
555.0,506.0,709.0,589.0,926.0
80.0,347.0,96.0,132.0,107.0
54.0,433.0,103.0,286.0,148.0
60.0,278.0,71.0,67.0,31.0
999.0,199.0,999.0,192.0,999.0
91.0,151.0,116.0,213.0,173.0
45.0,226.0,54.0,37.0,21.0
100.0,265.0,149.0,62.0,283.0
92.0,232.0,116.0,213.0,160.0
21.0,135.0,40.0,18.0,11.0
206.0,330.0,225.0,117.0,368.0
33.0,217.0,76.0,77.0,41.0
59.0,228.0,59.0,56.0,26.0
32.0,299.0,40.0,2.0,3.0
183.0,354.0,225.0,138.0,110.0
427.0,122.0,24.0,2.0,7.0
126.0,76.0,153.0,2.0,6.0
46.0,165.0,55.0,24.0,23.0
328.0,297.0,480.0,83.0,36.0
192.0,482.0,63.0,22.0,60.0
45.0,223.0,55.0,37.0,21.0
70.0,326.0,84.0,117.0,76.0
33.0,148.0,40.0,19.0,11.0
90.0,330.0,107.0,202.0,154.0
59.0,299.0,71.0,88.0,38.0
63.0,317.0,76.0,102.0,53.0
65.0,347.0,78.0,133.0,107.0
51.0,111.0,59.0,17.0,8.0
81.0,306.0,100.0,90.0,128.0
71.0,335.0,85.0,118.0,78.0
215.0,217.0,145.0,37.0,260.0
98.0,469.0,126.0,309.0,222.0
80.0,375.0,99.0,172.0,128.0
79.0,361.0,90.0,138.0,118.0
328.0,278.0,470.0,226.0,613.0
128.0,314.0,152.0,102.0,369.0
131.0,510.0,153.0,386.0,334.0
100.0,25.0,149.0,538.0,416.0
183.0,25.0,189.0,558.0,429.0
208.0,167.0,237.0,861.0,613.0
46.0,330.0,120.0,117.0,105.0
74.0,252.0,87.0,52.0,25.0
34.0,163.0,47.0,22.0,15.0
49.0,297.0,56.0,82.0,26.0
165.0,236.0,165.0,44.0,23.0
861.0,650.0,783.0,585.0,963.0
90.0,122.0,225.0,17.0,8.0
92.0,313.0,74.0,100.0,49.0
49.0,228.0,56.0,41.0,22.0
63.0,308.0,72.0,90.0,40.0
47.0,226.0,55.0,40.0,22.0
96.0,517.0,123.0,417.0,344.0
71.0,296.0,85.0,81.0,35.0
73.0,301.0,85.0,121.0,81.0
58.0,292.0,68.0,79.0,33.0
59.0,297.0,70.0,81.0,36.0
190.0,348.0,99.0,135.0,128.0
98.0,354.0,145.0,151.0,148.0
98.0,283.0,121.0,70.0,31.0
28.0,111.0,33.0,13.0,8.0
216.0,437.0,367.0,222.0,151.0
213.0,178.0,226.0,30.0,453.0
69.0,335.0,149.0,52.0,287.0
160.0,205.0,54.0,36.0,20.0
183.0,111.0,291.0,10.0,8.0
31.0,106.0,39.0,18.0,11.0
64.0,292.0,76.0,79.0,34.0
31.0,140.0,39.0,18.0,11.0
692.0,406.0,709.0,222.0,174.0
190.0,222.0,50.0,30.0,19.0
49.0,240.0,58.0,47.0,24.0
42.0,240.0,54.0,36.0,20.0
190.0,433.0,157.0,213.0,368.0
77.0,354.0,92.0,150.0,120.0
190.0,469.0,139.0,367.0,289.0
216.0,0.0,77.0,0.0,50.0
61.0,306.0,71.0,88.0,38.0
27.0,163.0,24.0,2.0,7.0
197.0,319.0,151.0,367.0,289.0
92.0,178.0,50.0,30.0,19.0
206.0,167.0,224.0,25.0,453.0
71.0,173.0,55.0,22.0,13.0
126.0,353.0,153.0,150.0,344.0
335.0,517.0,165.0,428.0,361.0
861.0,146.0,139.0,19.0,260.0
130.0,353.0,156.0,367.0,364.0
45.0,165.0,55.0,36.0,20.0
40.0,163.0,48.0,22.0,18.0
29.0,116.0,39.0,17.0,11.0
489.0,319.0,76.0,102.0,50.0
98.0,135.0,151.0,18.0,303.0
40.0,135.0,50.0,18.0,18.0
63.0,205.0,151.0,36.0,303.0
59.0,223.0,65.0,37.0,21.0
65.0,304.0,66.0,88.0,38.0
99.0,437.0,143.0,214.0,173.0
383.0,999.0,490.0,999.0,657.0
64.0,140.0,44.0,19.0,11.0
59.0,193.0,50.0,30.0,19.0
100.0,303.0,151.0,88.0,37.0
48.0,228.0,56.0,41.0,22.0
41.0,193.0,50.0,34.0,19.0
28.0,89.0,27.0,3.0,7.0
80.0,248.0,96.0,50.0,26.0
215.0,650.0,225.0,589.0,477.0
99.0,197.0,145.0,36.0,20.0
59.0,330.0,69.0,90.0,35.0
78.0,351.0,90.0,137.0,118.0
130.0,173.0,156.0,93.0,364.0
71.0,347.0,86.0,118.0,101.0
45.0,172.0,48.0,26.0,16.0
59.0,330.0,69.0,79.0,33.0
555.0,647.0,157.0,550.0,417.0
59.0,301.0,69.0,81.0,35.0
73.0,237.0,68.0,76.0,32.0
43.0,241.0,57.0,47.0,24.0
57.0,237.0,58.0,47.0,24.0
69.0,437.0,121.0,213.0,177.0
53.0,233.0,60.0,59.0,26.0
80.0,247.0,42.0,50.0,8.0
32.0,312.0,40.0,17.0,11.0
29.0,138.0,36.0,13.0,8.0
82.0,232.0,103.0,41.0,22.0
59.0,193.0,66.0,34.0,20.0
20.0,647.0,226.0,589.0,477.0
82.0,299.0,101.0,34.0,20.0
91.0,282.0,66.0,72.0,31.0
33.0,317.0,44.0,102.0,53.0
98.0,140.0,139.0,19.0,11.0
31.0,163.0,39.0,22.0,12.0
285.0,122.0,324.0,17.0,602.0
190.0,257.0,182.0,558.0,431.0
49.0,122.0,58.0,17.0,24.0
29.0,146.0,40.0,20.0,10.0
77.0,354.0,89.0,138.0,115.0
91.0,438.0,126.0,226.0,177.0
59.0,252.0,74.0,57.0,43.0
421.0,343.0,74.0,97.0,44.0
100.0,284.0,151.0,373.0,303.0
206.0,661.0,225.0,576.0,481.0
31.0,140.0,39.0,19.0,11.0
70.0,354.0,84.0,118.0,76.0
256.0,151.0,291.0,7.0,8.0
48.0,228.0,56.0,41.0,22.0
91.0,301.0,116.0,223.0,173.0
61.0,337.0,71.0,118.0,78.0
61.0,308.0,71.0,93.0,41.0
96.0,296.0,123.0,81.0,35.0
131.0,361.0,145.0,137.0,118.0
35.0,257.0,45.0,168.0,139.0
73.0,296.0,77.0,80.0,73.0
100.0,494.0,151.0,373.0,303.0
43.0,199.0,51.0,30.0,19.0
38.0,240.0,48.0,47.0,24.0
489.0,519.0,157.0,468.0,368.0
95.0,171.0,123.0,26.0,11.0
78.0,650.0,88.0,589.0,109.0
128.0,528.0,156.0,538.0,364.0
63.0,232.0,72.0,41.0,42.0
59.0,312.0,73.0,102.0,44.0
96.0,404.0,124.0,202.0,205.0
106.0,223.0,153.0,37.0,21.0
215.0,347.0,244.0,622.0,509.0
28.0,353.0,27.0,148.0,8.0
65.0,194.0,52.0,36.0,20.0
206.0,506.0,224.0,386.0,334.0
71.0,240.0,85.0,45.0,160.0
96.0,296.0,73.0,117.0,26.0
47.0,226.0,55.0,41.0,23.0
80.0,339.0,99.0,125.0,128.0
39.0,89.0,48.0,2.0,6.0
20.0,236.0,58.0,44.0,24.0
21.0,25.0,20.0,2.0,3.0
552.0,283.0,62.0,62.0,29.0
34.0,78.0,49.0,2.0,19.0
35.0,222.0,44.0,36.0,8.0
52.0,354.0,60.0,52.0,24.0
53.0,240.0,60.0,57.0,26.0
60.0,301.0,71.0,83.0,36.0
23.0,354.0,22.0,3.0,4.0
80.0,346.0,99.0,131.0,99.0
100.0,449.0,147.0,226.0,289.0
78.0,482.0,90.0,538.0,115.0
96.0,248.0,124.0,57.0,26.0
91.0,326.0,126.0,115.0,64.0
24.0,140.0,48.0,19.0,16.0
51.0,248.0,59.0,52.0,25.0
20.0,282.0,66.0,70.0,31.0
54.0,330.0,59.0,102.0,53.0
192.0,296.0,69.0,80.0,35.0
59.0,301.0,70.0,83.0,36.0
100.0,268.0,151.0,367.0,303.0
130.0,517.0,157.0,497.0,368.0
20.0,273.0,51.0,66.0,30.0
71.0,339.0,86.0,125.0,96.0
100.0,589.0,151.0,550.0,287.0
140.0,517.0,156.0,428.0,364.0
77.0,297.0,89.0,81.0,109.0
49.0,233.0,101.0,43.0,139.0
45.0,221.0,55.0,37.0,21.0
487.0,252.0,728.0,52.0,25.0
77.0,474.0,90.0,290.0,222.0
59.0,748.0,65.0,36.0,20.0
51.0,252.0,59.0,56.0,26.0
80.0,178.0,99.0,30.0,128.0
45.0,188.0,55.0,30.0,19.0
59.0,296.0,69.0,80.0,35.0
64.0,347.0,78.0,50.0,24.0
186.0,303.0,182.0,88.0,417.0
61.0,284.0,69.0,76.0,35.0
91.0,406.0,114.0,204.0,173.0
59.0,353.0,69.0,79.0,33.0
62.0,325.0,72.0,118.0,78.0
165.0,240.0,93.0,47.0,123.0
20.0,252.0,59.0,59.0,26.0
48.0,240.0,56.0,23.0,22.0
59.0,282.0,62.0,72.0,31.0
41.0,165.0,50.0,30.0,19.0
126.0,438.0,153.0,367.0,331.0
421.0,163.0,470.0,172.0,151.0
130.0,233.0,52.0,36.0,20.0
59.0,236.0,68.0,44.0,32.0
31.0,122.0,39.0,18.0,11.0
48.0,228.0,56.0,41.0,22.0
32.0,139.0,40.0,18.0,11.0
70.0,330.0,84.0,117.0,76.0
328.0,172.0,470.0,585.0,477.0
78.0,366.0,90.0,153.0,128.0
128.0,351.0,151.0,353.0,283.0
32.0,140.0,40.0,18.0,11.0
335.0,346.0,103.0,152.0,151.0
69.0,205.0,83.0,36.0,8.0
77.0,160.0,44.0,22.0,15.0
489.0,167.0,526.0,841.0,722.0
43.0,188.0,52.0,36.0,20.0
29.0,165.0,36.0,24.0,8.0
35.0,265.0,50.0,37.0,19.0
40.0,260.0,48.0,50.0,18.0
861.0,163.0,43.0,22.0,12.0
20.0,171.0,44.0,22.0,14.0
71.0,236.0,60.0,44.0,24.0
197.0,518.0,143.0,428.0,361.0
71.0,343.0,85.0,130.0,78.0
92.0,361.0,124.0,226.0,181.0
427.0,580.0,514.0,550.0,417.0
70.0,348.0,84.0,133.0,60.0
24.0,351.0,24.0,138.0,107.0
91.0,146.0,114.0,20.0,11.0
130.0,178.0,69.0,30.0,19.0
100.0,236.0,156.0,97.0,364.0
78.0,347.0,90.0,135.0,118.0
71.0,361.0,85.0,117.0,78.0
81.0,306.0,74.0,88.0,41.0
96.0,518.0,153.0,386.0,334.0
65.0,469.0,78.0,286.0,266.0
315.0,197.0,51.0,36.0,20.0
51.0,217.0,59.0,37.0,30.0
67.0,319.0,78.0,102.0,53.0
955.0,163.0,45.0,22.0,14.0
80.0,167.0,48.0,25.0,17.0
62.0,335.0,86.0,118.0,101.0
371.0,517.0,352.0,428.0,361.0
35.0,160.0,44.0,22.0,14.0
58.0,255.0,44.0,19.0,11.0
45.0,252.0,54.0,36.0,20.0
91.0,438.0,114.0,213.0,160.0
552.0,153.0,72.0,36.0,20.0
285.0,520.0,224.0,538.0,416.0
59.0,255.0,72.0,57.0,41.0
215.0,156.0,42.0,22.0,11.0
65.0,282.0,77.0,72.0,32.0
28.0,106.0,34.0,18.0,8.0
96.0,437.0,124.0,214.0,170.0
427.0,469.0,514.0,366.0,481.0
35.0,632.0,44.0,30.0,19.0
59.0,205.0,69.0,79.0,35.0
192.0,228.0,65.0,41.0,24.0
91.0,406.0,107.0,204.0,155.0
49.0,317.0,56.0,40.0,24.0
64.0,438.0,77.0,222.0,174.0
72.0,339.0,86.0,125.0,96.0
57.0,255.0,61.0,62.0,28.0
487.0,205.0,537.0,861.0,722.0
427.0,304.0,71.0,90.0,32.0
59.0,474.0,69.0,80.0,35.0
45.0,343.0,55.0,130.0,99.0
45.0,199.0,55.0,37.0,21.0
206.0,528.0,224.0,576.0,453.0
58.0,252.0,51.0,36.0,20.0
50.0,236.0,56.0,44.0,24.0
33.0,163.0,47.0,22.0,15.0
140.0,510.0,157.0,386.0,368.0
421.0,122.0,48.0,17.0,8.0
59.0,325.0,69.0,130.0,36.0
70.0,337.0,85.0,130.0,99.0
40.0,361.0,48.0,22.0,14.0
38.0,116.0,33.0,17.0,8.0
95.0,580.0,151.0,18.0,11.0
102.0,940.0,152.0,841.0,417.0
82.0,353.0,101.0,150.0,139.0
421.0,999.0,526.0,861.0,722.0
231.0,347.0,265.0,132.0,107.0
692.0,299.0,728.0,83.0,36.0
65.0,205.0,77.0,36.0,20.0
81.0,282.0,100.0,72.0,110.0
98.0,156.0,40.0,22.0,14.0
70.0,284.0,84.0,72.0,32.0
21.0,292.0,20.0,2.0,3.0
206.0,580.0,224.0,550.0,417.0
70.0,297.0,84.0,115.0,76.0
70.0,314.0,83.0,100.0,47.0
315.0,222.0,55.0,37.0,21.0
20.0,76.0,20.0,2.0,1.0
60.0,325.0,71.0,102.0,53.0
82.0,386.0,101.0,173.0,141.0
80.0,312.0,84.0,97.0,76.0
100.0,517.0,149.0,211.0,283.0
29.0,223.0,36.0,37.0,8.0
315.0,469.0,86.0,213.0,118.0
53.0,248.0,60.0,56.0,26.0
552.0,248.0,226.0,211.0,157.0
28.0,193.0,55.0,36.0,22.0
40.0,146.0,48.0,25.0,18.0
78.0,217.0,42.0,37.0,21.0
92.0,273.0,123.0,58.0,26.0
99.0,366.0,96.0,153.0,124.0
33.0,122.0,41.0,18.0,11.0
231.0,329.0,55.0,137.0,22.0
62.0,313.0,74.0,100.0,33.0
206.0,647.0,224.0,585.0,453.0
35.0,330.0,44.0,36.0,14.0
91.0,366.0,101.0,173.0,139.0
999.0,589.0,999.0,550.0,999.0
93.0,181.0,123.0,30.0,19.0
43.0,282.0,52.0,72.0,31.0
43.0,257.0,54.0,36.0,20.0
59.0,197.0,69.0,62.0,29.0
206.0,940.0,226.0,841.0,481.0
208.0,312.0,200.0,558.0,431.0
216.0,217.0,277.0,13.0,623.0
61.0,178.0,72.0,30.0,19.0
64.0,301.0,72.0,88.0,41.0
91.0,438.0,116.0,222.0,181.0
51.0,308.0,59.0,81.0,34.0
63.0,296.0,72.0,81.0,35.0
90.0,156.0,105.0,22.0,154.0
81.0,171.0,100.0,25.0,110.0
80.0,353.0,99.0,152.0,128.0
285.0,193.0,52.0,34.0,20.0
140.0,148.0,36.0,22.0,13.0
427.0,999.0,514.0,999.0,657.0
21.0,330.0,84.0,110.0,76.0
84.0,296.0,103.0,81.0,35.0
35.0,191.0,40.0,37.0,11.0
59.0,353.0,85.0,118.0,78.0
33.0,148.0,40.0,8.0,22.0
427.0,506.0,514.0,622.0,509.0
71.0,386.0,85.0,173.0,139.0
71.0,248.0,77.0,51.0,26.0
71.0,335.0,85.0,118.0,78.0
58.0,205.0,63.0,36.0,20.0
27.0,146.0,22.0,19.0,11.0
35.0,146.0,44.0,18.0,14.0
78.0,354.0,89.0,150.0,110.0
215.0,347.0,291.0,132.0,107.0
70.0,282.0,84.0,117.0,76.0
59.0,255.0,66.0,57.0,26.0
100.0,506.0,153.0,376.0,331.0
433.0,347.0,526.0,133.0,716.0
45.0,223.0,55.0,37.0,22.0
59.0,330.0,63.0,115.0,30.0
190.0,528.0,181.0,538.0,416.0
61.0,301.0,71.0,83.0,36.0
35.0,171.0,44.0,2.0,4.0
46.0,160.0,55.0,36.0,22.0
47.0,236.0,55.0,44.0,22.0
40.0,25.0,34.0,2.0,8.0
60.0,236.0,57.0,47.0,24.0
131.0,292.0,145.0,79.0,369.0
59.0,297.0,67.0,80.0,33.0
192.0,299.0,72.0,83.0,43.0
128.0,329.0,114.0,130.0,128.0
206.0,650.0,225.0,585.0,453.0
58.0,289.0,63.0,62.0,29.0
63.0,306.0,74.0,88.0,41.0
59.0,116.0,30.0,13.0,8.0
29.0,223.0,33.0,37.0,8.0
285.0,122.0,22.0,2.0,4.0
27.0,146.0,43.0,18.0,11.0
80.0,273.0,99.0,152.0,128.0
69.0,297.0,84.0,82.0,35.0
131.0,517.0,157.0,538.0,368.0
166.0,517.0,175.0,428.0,361.0
50.0,283.0,55.0,37.0,22.0
371.0,348.0,88.0,135.0,109.0
100.0,257.0,124.0,841.0,623.0
96.0,445.0,52.0,36.0,20.0
74.0,247.0,87.0,50.0,89.0
98.0,517.0,156.0,417.0,364.0
77.0,165.0,74.0,23.0,15.0
82.0,353.0,101.0,172.0,139.0
63.0,289.0,72.0,90.0,40.0
64.0,241.0,74.0,77.0,33.0
78.0,351.0,90.0,137.0,118.0
128.0,178.0,78.0,26.0,53.0
692.0,313.0,291.0,100.0,43.0
64.0,302.0,74.0,87.0,38.0
29.0,193.0,40.0,34.0,11.0
91.0,335.0,116.0,118.0,78.0
100.0,632.0,149.0,576.0,368.0
165.0,517.0,157.0,428.0,364.0
79.0,301.0,92.0,83.0,36.0
33.0,164.0,42.0,22.0,11.0
61.0,304.0,71.0,87.0,36.0
49.0,236.0,57.0,44.0,24.0
86.0,386.0,105.0,195.0,154.0
74.0,302.0,87.0,87.0,41.0
77.0,354.0,99.0,151.0,123.0
183.0,632.0,182.0,589.0,289.0
206.0,661.0,226.0,589.0,477.0
86.0,140.0,43.0,19.0,11.0
102.0,517.0,152.0,538.0,416.0
63.0,284.0,73.0,40.0,43.0
555.0,308.0,709.0,76.0,926.0
59.0,173.0,76.0,28.0,18.0
20.0,397.0,99.0,192.0,148.0
213.0,482.0,265.0,366.0,303.0
93.0,339.0,89.0,125.0,109.0
80.0,329.0,99.0,152.0,124.0
256.0,228.0,50.0,30.0,19.0
63.0,247.0,74.0,52.0,25.0
315.0,510.0,324.0,376.0,602.0
421.0,241.0,57.0,47.0,24.0
39.0,171.0,48.0,25.0,17.0
40.0,172.0,48.0,26.0,18.0
160.0,517.0,165.0,538.0,386.0
73.0,354.0,100.0,148.0,119.0
35.0,265.0,44.0,62.0,29.0
421.0,347.0,200.0,550.0,429.0
77.0,268.0,88.0,77.0,33.0
555.0,517.0,709.0,558.0,926.0
40.0,240.0,47.0,47.0,15.0
91.0,228.0,56.0,41.0,22.0
766.0,167.0,822.0,23.0,15.0
315.0,265.0,65.0,62.0,29.0
49.0,232.0,56.0,43.0,24.0
43.0,138.0,52.0,36.0,20.0
92.0,437.0,121.0,226.0,181.0
78.0,347.0,90.0,132.0,118.0
63.0,52.0,78.0,17.0,53.0
80.0,237.0,76.0,36.0,20.0
82.0,406.0,103.0,204.0,155.0
59.0,283.0,66.0,72.0,31.0
433.0,437.0,526.0,861.0,722.0
35.0,146.0,44.0,22.0,12.0
335.0,329.0,30.0,22.0,11.0
552.0,474.0,175.0,550.0,417.0
28.0,178.0,20.0,30.0,19.0
285.0,178.0,50.0,30.0,19.0
86.0,348.0,100.0,135.0,99.0
74.0,165.0,88.0,23.0,14.0
59.0,248.0,66.0,52.0,25.0
100.0,347.0,151.0,367.0,303.0
64.0,296.0,68.0,81.0,35.0
91.0,445.0,114.0,213.0,160.0
98.0,308.0,78.0,93.0,42.0
190.0,580.0,200.0,558.0,431.0
86.0,354.0,96.0,152.0,124.0
81.0,354.0,99.0,151.0,128.0
59.0,282.0,66.0,70.0,31.0
78.0,474.0,90.0,290.0,118.0
63.0,314.0,74.0,100.0,47.0
96.0,284.0,114.0,77.0,32.0
49.0,240.0,57.0,47.0,24.0
128.0,205.0,103.0,213.0,154.0
49.0,325.0,56.0,115.0,73.0
90.0,330.0,107.0,118.0,76.0
82.0,296.0,66.0,83.0,38.0
58.0,510.0,63.0,83.0,24.0
37.0,194.0,52.0,34.0,20.0
82.0,397.0,103.0,195.0,151.0
71.0,343.0,86.0,130.0,99.0
20.0,348.0,89.0,135.0,110.0
59.0,260.0,67.0,62.0,32.0
21.0,140.0,39.0,19.0,11.0
80.0,353.0,99.0,153.0,128.0
166.0,302.0,84.0,88.0,37.0
59.0,296.0,71.0,82.0,36.0
28.0,173.0,27.0,3.0,7.0
186.0,330.0,182.0,558.0,417.0
46.0,148.0,55.0,22.0,14.0
91.0,506.0,147.0,367.0,283.0
59.0,303.0,65.0,70.0,31.0
20.0,215.0,71.0,83.0,36.0
32.0,163.0,40.0,18.0,11.0
99.0,299.0,152.0,17.0,10.0
81.0,351.0,101.0,133.0,96.0
58.0,242.0,63.0,50.0,26.0
279.0,284.0,66.0,76.0,32.0
96.0,312.0,76.0,100.0,49.0
91.0,404.0,107.0,202.0,155.0
59.0,242.0,58.0,47.0,24.0
82.0,252.0,57.0,47.0,24.0
315.0,449.0,514.0,226.0,181.0
95.0,116.0,123.0,17.0,8.0
98.0,353.0,137.0,93.0,107.0
80.0,449.0,93.0,226.0,181.0
91.0,248.0,107.0,150.0,123.0
383.0,999.0,604.0,999.0,613.0
86.0,292.0,107.0,202.0,155.0
100.0,252.0,165.0,56.0,369.0
100.0,193.0,175.0,753.0,477.0
427.0,517.0,490.0,417.0,623.0
77.0,282.0,66.0,70.0,31.0
59.0,304.0,65.0,67.0,31.0
48.0,232.0,56.0,41.0,22.0
70.0,480.0,153.0,353.0,344.0
64.0,348.0,86.0,132.0,101.0
51.0,242.0,59.0,52.0,25.0
28.0,217.0,27.0,37.0,8.0
58.0,330.0,84.0,117.0,73.0
206.0,165.0,226.0,622.0,481.0
71.0,273.0,85.0,87.0,41.0
63.0,302.0,74.0,90.0,40.0
52.0,247.0,59.0,50.0,25.0
683.0,139.0,728.0,18.0,11.0
71.0,330.0,84.0,118.0,78.0
240.0,221.0,152.0,37.0,21.0
91.0,329.0,76.0,117.0,53.0
35.0,146.0,44.0,22.0,12.0
91.0,353.0,121.0,222.0,174.0
46.0,351.0,55.0,1.0,22.0
91.0,397.0,114.0,204.0,157.0
285.0,289.0,67.0,77.0,32.0
91.0,171.0,116.0,223.0,173.0
315.0,351.0,352.0,135.0,109.0
59.0,283.0,66.0,70.0,31.0
20.0,242.0,60.0,40.0,26.0
231.0,284.0,116.0,76.0,34.0
23.0,273.0,72.0,64.0,29.0
335.0,25.0,24.0,2.0,6.0
91.0,240.0,114.0,45.0,25.0
59.0,282.0,66.0,72.0,31.0
77.0,353.0,103.0,117.0,151.0
43.0,193.0,52.0,34.0,20.0
59.0,226.0,69.0,76.0,35.0
91.0,632.0,200.0,558.0,431.0
999.0,437.0,999.0,213.0,999.0
59.0,236.0,68.0,44.0,24.0
206.0,301.0,224.0,83.0,8.0
28.0,252.0,36.0,36.0,20.0
240.0,240.0,114.0,36.0,20.0
285.0,940.0,298.0,841.0,579.0
78.0,326.0,90.0,117.0,118.0
81.0,284.0,67.0,76.0,32.0
21.0,148.0,22.0,22.0,4.0
48.0,232.0,56.0,40.0,22.0
53.0,173.0,58.0,18.0,22.0
84.0,347.0,87.0,132.0,107.0
43.0,199.0,51.0,36.0,20.0
38.0,278.0,48.0,22.0,14.0
128.0,474.0,149.0,286.0,303.0
206.0,193.0,224.0,34.0,20.0
64.0,278.0,74.0,67.0,22.0
79.0,181.0,93.0,19.0,119.0
166.0,278.0,175.0,41.0,368.0
59.0,237.0,68.0,77.0,33.0
43.0,221.0,52.0,37.0,22.0
59.0,193.0,96.0,152.0,124.0
62.0,14.0,72.0,214.0,283.0
23.0,339.0,24.0,77.0,33.0
489.0,146.0,44.0,20.0,11.0
91.0,335.0,114.0,138.0,160.0
60.0,228.0,71.0,41.0,22.0
58.0,273.0,63.0,67.0,30.0
91.0,217.0,107.0,223.0,155.0
71.0,317.0,88.0,102.0,50.0
92.0,449.0,126.0,235.0,194.0
80.0,346.0,99.0,138.0,124.0
100.0,518.0,151.0,386.0,303.0
61.0,297.0,71.0,88.0,37.0
43.0,223.0,52.0,36.0,20.0
43.0,278.0,48.0,62.0,14.0
73.0,354.0,103.0,204.0,155.0
256.0,330.0,84.0,117.0,73.0
73.0,205.0,54.0,36.0,20.0
130.0,330.0,153.0,386.0,334.0
59.0,241.0,68.0,47.0,33.0
82.0,397.0,101.0,192.0,151.0
70.0,308.0,84.0,93.0,41.0
98.0,314.0,69.0,100.0,32.0
102.0,480.0,151.0,366.0,303.0
39.0,116.0,48.0,17.0,18.0
183.0,517.0,181.0,428.0,361.0
80.0,301.0,99.0,77.0,128.0
692.0,661.0,728.0,589.0,963.0
231.0,163.0,277.0,18.0,10.0
427.0,52.0,480.0,13.0,926.0
215.0,292.0,68.0,62.0,32.0
78.0,255.0,90.0,59.0,110.0
165.0,304.0,526.0,88.0,716.0
27.0,228.0,52.0,36.0,20.0
421.0,999.0,514.0,999.0,657.0
41.0,193.0,50.0,34.0,20.0
59.0,273.0,63.0,64.0,29.0
190.0,354.0,90.0,151.0,118.0
59.0,273.0,69.0,64.0,33.0
43.0,217.0,52.0,37.0,21.0
80.0,282.0,149.0,622.0,283.0
102.0,520.0,153.0,428.0,344.0
62.0,173.0,71.0,28.0,18.0
61.0,89.0,72.0,3.0,7.0
487.0,171.0,526.0,806.0,722.0
489.0,167.0,99.0,25.0,128.0
315.0,116.0,34.0,13.0,8.0
79.0,347.0,99.0,132.0,128.0
81.0,241.0,61.0,47.0,26.0
33.0,140.0,41.0,19.0,11.0
60.0,260.0,71.0,2.0,35.0
35.0,347.0,71.0,131.0,101.0
65.0,78.0,77.0,3.0,7.0
100.0,517.0,149.0,550.0,283.0
71.0,14.0,85.0,2.0,3.0
79.0,449.0,92.0,226.0,157.0
692.0,116.0,44.0,13.0,8.0
315.0,165.0,164.0,22.0,14.0
20.0,438.0,40.0,18.0,11.0
100.0,317.0,149.0,290.0,260.0
95.0,163.0,124.0,22.0,15.0
91.0,302.0,114.0,66.0,30.0
64.0,156.0,76.0,17.0,16.0
552.0,346.0,86.0,131.0,101.0
96.0,312.0,72.0,90.0,40.0
35.0,111.0,45.0,19.0,11.0
82.0,236.0,107.0,44.0,118.0
63.0,351.0,72.0,93.0,42.0
57.0,273.0,66.0,70.0,31.0
86.0,232.0,22.0,2.0,3.0
999.0,348.0,999.0,121.0,999.0
61.0,302.0,71.0,87.0,36.0
62.0,353.0,72.0,153.0,44.0
64.0,284.0,66.0,77.0,33.0
74.0,353.0,90.0,138.0,118.0
183.0,520.0,181.0,538.0,417.0
45.0,236.0,55.0,44.0,26.0
50.0,247.0,58.0,50.0,25.0
59.0,302.0,69.0,87.0,37.0
73.0,156.0,90.0,36.0,118.0
20.0,252.0,0.0,36.0,0.0
43.0,205.0,51.0,36.0,20.0
294.0,406.0,126.0,386.0,334.0
102.0,517.0,153.0,417.0,344.0
33.0,241.0,41.0,47.0,24.0
45.0,247.0,55.0,50.0,24.0
23.0,205.0,24.0,36.0,20.0
35.0,178.0,44.0,22.0,14.0
62.0,151.0,73.0,22.0,10.0
37.0,308.0,69.0,77.0,41.0
47.0,165.0,55.0,23.0,22.0
421.0,302.0,63.0,87.0,36.0
74.0,347.0,88.0,135.0,109.0
20.0,353.0,9.0,143.0,1.0
98.0,404.0,59.0,202.0,26.0
84.0,76.0,27.0,3.0,7.0
73.0,347.0,87.0,131.0,105.0
59.0,299.0,71.0,77.0,34.0
40.0,222.0,49.0,38.0,21.0
99.0,438.0,153.0,222.0,344.0
43.0,226.0,52.0,38.0,20.0
433.0,361.0,514.0,102.0,722.0
28.0,146.0,33.0,22.0,8.0
49.0,240.0,58.0,47.0,24.0
692.0,265.0,728.0,62.0,28.0
487.0,296.0,537.0,81.0,722.0
91.0,302.0,114.0,192.0,181.0
59.0,312.0,70.0,100.0,36.0
213.0,111.0,470.0,10.0,64.0
91.0,330.0,114.0,117.0,53.0
78.0,361.0,90.0,143.0,118.0
81.0,354.0,99.0,151.0,115.0
45.0,222.0,55.0,37.0,21.0
205.0,437.0,114.0,214.0,173.0
102.0,397.0,152.0,125.0,89.0
91.0,228.0,114.0,121.0,160.0
96.0,296.0,114.0,83.0,24.0
63.0,283.0,74.0,52.0,25.0
29.0,151.0,43.0,22.0,11.0
80.0,240.0,99.0,47.0,128.0
47.0,241.0,55.0,40.0,22.0
955.0,518.0,999.0,538.0,999.0
35.0,171.0,44.0,26.0,11.0
37.0,236.0,47.0,44.0,15.0
48.0,228.0,56.0,41.0,22.0
70.0,361.0,84.0,117.0,76.0
186.0,528.0,181.0,538.0,416.0
43.0,199.0,52.0,36.0,20.0
43.0,226.0,54.0,37.0,20.0
383.0,330.0,490.0,80.0,623.0
102.0,171.0,151.0,223.0,174.0
58.0,25.0,20.0,2.0,3.0
70.0,325.0,84.0,115.0,76.0
81.0,226.0,99.0,202.0,128.0
21.0,153.0,44.0,22.0,14.0
32.0,111.0,30.0,10.0,8.0
206.0,319.0,225.0,861.0,303.0
28.0,199.0,34.0,3.0,8.0
28.0,116.0,27.0,17.0,8.0
69.0,273.0,72.0,90.0,40.0
206.0,173.0,225.0,28.0,334.0
197.0,313.0,86.0,100.0,49.0
61.0,247.0,74.0,52.0,25.0
106.0,404.0,153.0,202.0,331.0
279.0,647.0,298.0,806.0,722.0
63.0,297.0,72.0,81.0,35.0
49.0,236.0,57.0,44.0,24.0
65.0,313.0,78.0,100.0,60.0
49.0,153.0,58.0,22.0,14.0
102.0,366.0,152.0,152.0,124.0
72.0,268.0,86.0,148.0,119.0
70.0,661.0,84.0,130.0,107.0
315.0,247.0,145.0,52.0,25.0
91.0,173.0,45.0,22.0,14.0
91.0,397.0,114.0,192.0,151.0
59.0,193.0,52.0,34.0,20.0
59.0,304.0,71.0,88.0,37.0
39.0,171.0,48.0,26.0,17.0
43.0,317.0,51.0,30.0,19.0
766.0,326.0,822.0,117.0,89.0
100.0,265.0,149.0,72.0,31.0
130.0,437.0,107.0,214.0,160.0
52.0,257.0,59.0,59.0,26.0
256.0,474.0,291.0,290.0,579.0
67.0,469.0,78.0,59.0,7.0
59.0,236.0,69.0,44.0,24.0
240.0,163.0,291.0,22.0,14.0
102.0,348.0,152.0,131.0,105.0
91.0,241.0,116.0,223.0,177.0
28.0,240.0,43.0,47.0,24.0
197.0,519.0,145.0,538.0,283.0
96.0,469.0,114.0,286.0,222.0
58.0,302.0,63.0,62.0,29.0
38.0,222.0,54.0,36.0,20.0
35.0,197.0,45.0,30.0,19.0
82.0,519.0,96.0,468.0,118.0
71.0,146.0,86.0,125.0,96.0
95.0,296.0,68.0,79.0,33.0
32.0,111.0,27.0,10.0,8.0
21.0,257.0,22.0,52.0,25.0
35.0,146.0,44.0,20.0,14.0
48.0,236.0,56.0,44.0,23.0
80.0,361.0,101.0,153.0,157.0
91.0,366.0,107.0,223.0,148.0
71.0,353.0,85.0,148.0,120.0
84.0,308.0,103.0,172.0,148.0
63.0,354.0,74.0,143.0,89.0
33.0,153.0,41.0,22.0,14.0
48.0,228.0,56.0,41.0,22.0
93.0,518.0,72.0,622.0,22.0
41.0,304.0,50.0,88.0,37.0
555.0,304.0,709.0,83.0,36.0
45.0,188.0,55.0,30.0,19.0
21.0,76.0,22.0,2.0,4.0
70.0,317.0,84.0,102.0,99.0
34.0,163.0,44.0,22.0,11.0
86.0,386.0,96.0,151.0,123.0
28.0,25.0,27.0,2.0,0.0
0.0,191.0,0.0,34.0,0.0
552.0,160.0,48.0,22.0,15.0
24.0,76.0,24.0,3.0,7.0
49.0,283.0,56.0,47.0,24.0
59.0,296.0,69.0,81.0,35.0
54.0,205.0,58.0,36.0,20.0
315.0,353.0,56.0,72.0,35.0
96.0,304.0,126.0,76.0,35.0
28.0,89.0,27.0,3.0,7.0
335.0,437.0,480.0,214.0,170.0
90.0,89.0,100.0,3.0,6.0
67.0,146.0,78.0,22.0,11.0
59.0,255.0,70.0,83.0,36.0
102.0,330.0,90.0,117.0,76.0
64.0,0.0,85.0,0.0,78.0
82.0,325.0,101.0,117.0,139.0
38.0,165.0,48.0,23.0,15.0
28.0,178.0,99.0,150.0,128.0
23.0,296.0,20.0,22.0,14.0
82.0,449.0,149.0,226.0,287.0
45.0,482.0,116.0,367.0,289.0
32.0,164.0,47.0,23.0,15.0
166.0,282.0,175.0,72.0,32.0
43.0,278.0,52.0,1.0,19.0
205.0,366.0,88.0,153.0,123.0
77.0,284.0,65.0,22.0,14.0
58.0,265.0,63.0,62.0,29.0
328.0,375.0,470.0,172.0,141.0
43.0,197.0,52.0,36.0,20.0
82.0,437.0,101.0,222.0,174.0
72.0,335.0,85.0,118.0,78.0
190.0,257.0,78.0,62.0,29.0
37.0,163.0,47.0,22.0,15.0
28.0,111.0,27.0,8.0,8.0
78.0,312.0,90.0,100.0,118.0
73.0,437.0,86.0,62.0,29.0
91.0,353.0,151.0,367.0,289.0
48.0,232.0,56.0,44.0,23.0
65.0,319.0,77.0,102.0,50.0
59.0,240.0,66.0,47.0,22.0
54.0,257.0,67.0,77.0,32.0
205.0,404.0,237.0,202.0,613.0
315.0,205.0,175.0,83.0,36.0
58.0,292.0,66.0,79.0,32.0
98.0,999.0,137.0,999.0,657.0
79.0,351.0,92.0,150.0,119.0
45.0,226.0,55.0,37.0,21.0
59.0,89.0,85.0,102.0,50.0
59.0,329.0,70.0,81.0,35.0
683.0,78.0,709.0,3.0,4.0
80.0,397.0,103.0,202.0,148.0
206.0,247.0,86.0,66.0,30.0
71.0,528.0,86.0,538.0,78.0
32.0,146.0,40.0,18.0,11.0
71.0,236.0,57.0,45.0,24.0
999.0,337.0,999.0,121.0,999.0
59.0,329.0,65.0,90.0,40.0
71.0,337.0,86.0,125.0,96.0
279.0,226.0,298.0,38.0,623.0
35.0,163.0,44.0,22.0,14.0
206.0,650.0,225.0,585.0,926.0
67.0,282.0,78.0,70.0,31.0
51.0,248.0,59.0,52.0,25.0
38.0,193.0,48.0,34.0,20.0
96.0,296.0,124.0,79.0,32.0
206.0,366.0,244.0,622.0,509.0
40.0,348.0,48.0,22.0,18.0
98.0,226.0,52.0,36.0,20.0
59.0,284.0,68.0,77.0,32.0
72.0,319.0,86.0,115.0,99.0
71.0,343.0,90.0,138.0,118.0
52.0,163.0,59.0,26.0,26.0
92.0,122.0,120.0,17.0,177.0
80.0,339.0,99.0,152.0,124.0
489.0,519.0,277.0,497.0,567.0
82.0,289.0,103.0,79.0,128.0
91.0,375.0,116.0,172.0,173.0
65.0,296.0,83.0,79.0,35.0
489.0,197.0,139.0,36.0,20.0
43.0,308.0,72.0,90.0,40.0
21.0,337.0,22.0,2.0,4.0
81.0,273.0,101.0,110.0,50.0
40.0,226.0,56.0,41.0,22.0
39.0,167.0,48.0,25.0,17.0
61.0,304.0,71.0,88.0,37.0
21.0,330.0,20.0,2.0,3.0
40.0,221.0,30.0,41.0,22.0
205.0,278.0,105.0,195.0,154.0
190.0,337.0,149.0,115.0,60.0
82.0,482.0,105.0,235.0,157.0
328.0,140.0,470.0,19.0,11.0
43.0,193.0,52.0,34.0,20.0
208.0,197.0,67.0,7.0,32.0
34.0,205.0,51.0,36.0,20.0
21.0,146.0,42.0,20.0,11.0
421.0,520.0,165.0,497.0,368.0
92.0,314.0,120.0,100.0,49.0
215.0,589.0,265.0,373.0,613.0
31.0,116.0,39.0,10.0,8.0
53.0,163.0,59.0,22.0,14.0
215.0,193.0,277.0,34.0,20.0
100.0,480.0,151.0,367.0,303.0
90.0,76.0,103.0,2.0,174.0
33.0,167.0,41.0,18.0,11.0
82.0,354.0,99.0,150.0,124.0
91.0,437.0,114.0,213.0,173.0
61.0,247.0,71.0,57.0,26.0
65.0,313.0,77.0,100.0,50.0
70.0,330.0,84.0,117.0,76.0
96.0,404.0,107.0,202.0,155.0
69.0,273.0,84.0,88.0,76.0
49.0,191.0,48.0,34.0,18.0
100.0,296.0,121.0,81.0,35.0
31.0,165.0,39.0,22.0,12.0
133.0,940.0,225.0,13.0,8.0
43.0,173.0,51.0,28.0,19.0
206.0,520.0,225.0,373.0,289.0
82.0,366.0,101.0,153.0,139.0
53.0,111.0,55.0,30.0,19.0
63.0,172.0,48.0,25.0,17.0
487.0,233.0,526.0,753.0,716.0
73.0,282.0,84.0,72.0,30.0
45.0,173.0,52.0,28.0,18.0
315.0,222.0,291.0,37.0,567.0
62.0,353.0,72.0,130.0,42.0
552.0,339.0,74.0,100.0,47.0
45.0,217.0,55.0,37.0,21.0
58.0,171.0,63.0,25.0,18.0
45.0,228.0,55.0,37.0,21.0
47.0,223.0,55.0,37.0,22.0
100.0,480.0,149.0,353.0,283.0
45.0,232.0,55.0,30.0,19.0
59.0,278.0,65.0,67.0,31.0
48.0,233.0,56.0,41.0,22.0
65.0,268.0,65.0,62.0,28.0
63.0,255.0,72.0,62.0,35.0
100.0,353.0,147.0,133.0,274.0
165.0,139.0,157.0,618.0,368.0
33.0,282.0,66.0,70.0,31.0
39.0,172.0,48.0,25.0,17.0
285.0,278.0,200.0,558.0,429.0
100.0,296.0,149.0,753.0,283.0
20.0,260.0,24.0,3.0,7.0
24.0,226.0,101.0,38.0,22.0
48.0,236.0,56.0,44.0,23.0
61.0,252.0,59.0,56.0,26.0
91.0,215.0,114.0,226.0,181.0
96.0,517.0,165.0,428.0,361.0
165.0,519.0,182.0,538.0,417.0
102.0,517.0,152.0,373.0,303.0
80.0,172.0,44.0,28.0,11.0
95.0,197.0,124.0,36.0,205.0
59.0,273.0,62.0,62.0,29.0
80.0,528.0,99.0,213.0,128.0
90.0,139.0,101.0,19.0,119.0
206.0,647.0,226.0,589.0,481.0
285.0,406.0,165.0,204.0,386.0
126.0,517.0,153.0,386.0,334.0
51.0,247.0,59.0,51.0,25.0
59.0,301.0,68.0,83.0,33.0
206.0,580.0,225.0,618.0,509.0
71.0,335.0,85.0,121.0,81.0
96.0,519.0,153.0,428.0,364.0
99.0,268.0,145.0,52.0,25.0
40.0,167.0,48.0,25.0,17.0
29.0,135.0,34.0,17.0,8.0
206.0,337.0,224.0,125.0,105.0
552.0,199.0,604.0,36.0,20.0
40.0,215.0,50.0,30.0,19.0
62.0,146.0,72.0,22.0,40.0
29.0,199.0,24.0,18.0,11.0
45.0,146.0,55.0,20.0,21.0
48.0,354.0,56.0,151.0,22.0
100.0,361.0,149.0,376.0,287.0
131.0,273.0,157.0,66.0,368.0
92.0,348.0,89.0,135.0,110.0
279.0,317.0,298.0,100.0,81.0
29.0,171.0,52.0,26.0,7.0
59.0,284.0,68.0,77.0,33.0
81.0,302.0,100.0,83.0,36.0
63.0,437.0,114.0,213.0,170.0
49.0,228.0,56.0,41.0,22.0
90.0,519.0,107.0,226.0,155.0
240.0,506.0,291.0,558.0,567.0
50.0,215.0,71.0,88.0,38.0
216.0,226.0,175.0,102.0,369.0
77.0,347.0,89.0,133.0,107.0
73.0,167.0,89.0,1.0,110.0
53.0,330.0,85.0,117.0,78.0
131.0,506.0,153.0,376.0,344.0
90.0,404.0,105.0,211.0,154.0
487.0,940.0,537.0,841.0,722.0
43.0,89.0,52.0,36.0,20.0
49.0,236.0,56.0,44.0,24.0
552.0,278.0,72.0,62.0,28.0
100.0,510.0,151.0,367.0,331.0
69.0,171.0,68.0,22.0,32.0
99.0,353.0,153.0,841.0,331.0
32.0,135.0,40.0,18.0,11.0
98.0,284.0,139.0,290.0,260.0
197.0,296.0,69.0,81.0,35.0
45.0,236.0,55.0,44.0,23.0
80.0,308.0,145.0,93.0,49.0
24.0,194.0,24.0,2.0,7.0
49.0,228.0,56.0,41.0,22.0
49.0,273.0,58.0,66.0,24.0
186.0,517.0,182.0,468.0,417.0
79.0,165.0,107.0,2.0,50.0
216.0,138.0,265.0,19.0,10.0
999.0,308.0,999.0,211.0,999.0
78.0,347.0,90.0,132.0,118.0
285.0,301.0,298.0,83.0,716.0
45.0,217.0,55.0,37.0,21.0
40.0,111.0,48.0,30.0,19.0
91.0,353.0,107.0,150.0,120.0
133.0,283.0,208.0,558.0,431.0
100.0,284.0,149.0,66.0,30.0
96.0,404.0,121.0,202.0,160.0
65.0,386.0,103.0,192.0,151.0
32.0,296.0,40.0,19.0,11.0
45.0,217.0,55.0,37.0,21.0
91.0,437.0,107.0,214.0,154.0
98.0,480.0,151.0,373.0,303.0
59.0,284.0,70.0,77.0,35.0
294.0,199.0,74.0,118.0,78.0
54.0,240.0,59.0,47.0,24.0
69.0,353.0,83.0,138.0,60.0
67.0,317.0,76.0,102.0,50.0
33.0,647.0,84.0,36.0,20.0
41.0,178.0,50.0,30.0,19.0
49.0,242.0,55.0,47.0,26.0
206.0,517.0,200.0,417.0,344.0
279.0,222.0,298.0,40.0,22.0
71.0,347.0,86.0,118.0,96.0
73.0,353.0,86.0,148.0,128.0
427.0,165.0,226.0,23.0,481.0
60.0,301.0,71.0,83.0,36.0
433.0,265.0,526.0,62.0,716.0
165.0,589.0,153.0,376.0,334.0
59.0,302.0,69.0,87.0,36.0
183.0,354.0,244.0,151.0,303.0
59.0,146.0,66.0,20.0,43.0
42.0,282.0,76.0,72.0,31.0
421.0,319.0,175.0,118.0,89.0
58.0,197.0,52.0,30.0,19.0
40.0,178.0,85.0,100.0,25.0
61.0,650.0,71.0,50.0,25.0
64.0,308.0,76.0,93.0,50.0
183.0,306.0,143.0,79.0,266.0
37.0,273.0,45.0,22.0,14.0
166.0,140.0,24.0,19.0,11.0
294.0,528.0,298.0,538.0,481.0
78.0,146.0,90.0,102.0,53.0
98.0,354.0,153.0,151.0,120.0
91.0,242.0,100.0,50.0,128.0
427.0,480.0,526.0,7.0,722.0
99.0,347.0,143.0,286.0,274.0
50.0,247.0,58.0,51.0,25.0
205.0,296.0,66.0,80.0,31.0
49.0,223.0,57.0,37.0,24.0
59.0,223.0,69.0,37.0,21.0
71.0,347.0,84.0,110.0,76.0
86.0,437.0,105.0,214.0,170.0
80.0,353.0,93.0,150.0,120.0
96.0,445.0,123.0,223.0,174.0
38.0,165.0,48.0,23.0,15.0
21.0,348.0,76.0,135.0,123.0
28.0,146.0,27.0,7.0,7.0
63.0,222.0,74.0,37.0,20.0
28.0,163.0,27.0,8.0,7.0
371.0,191.0,56.0,34.0,23.0
59.0,273.0,69.0,64.0,32.0
91.0,146.0,114.0,22.0,170.0
45.0,178.0,55.0,30.0,19.0
489.0,482.0,537.0,861.0,722.0
64.0,165.0,48.0,23.0,15.0
206.0,139.0,224.0,19.0,11.0
80.0,241.0,58.0,47.0,24.0
102.0,480.0,151.0,366.0,303.0
40.0,278.0,65.0,67.0,31.0
38.0,171.0,48.0,25.0,17.0
39.0,232.0,48.0,22.0,14.0
65.0,319.0,78.0,102.0,53.0
45.0,217.0,55.0,37.0,21.0
31.0,237.0,39.0,50.0,8.0
29.0,178.0,34.0,30.0,8.0
861.0,474.0,514.0,290.0,222.0
216.0,375.0,265.0,622.0,509.0
190.0,353.0,100.0,150.0,128.0
100.0,482.0,151.0,367.0,289.0
40.0,205.0,55.0,37.0,22.0
91.0,404.0,114.0,202.0,155.0
20.0,151.0,30.0,19.0,8.0
100.0,589.0,151.0,367.0,303.0
31.0,282.0,39.0,76.0,32.0
64.0,330.0,85.0,118.0,78.0
766.0,301.0,709.0,83.0,36.0
61.0,265.0,71.0,57.0,26.0
90.0,268.0,107.0,66.0,30.0
49.0,165.0,58.0,47.0,24.0
71.0,353.0,85.0,118.0,78.0
59.0,517.0,65.0,62.0,31.0
427.0,146.0,514.0,22.0,105.0
45.0,191.0,55.0,37.0,21.0
38.0,228.0,48.0,41.0,15.0
38.0,205.0,48.0,36.0,20.0
60.0,330.0,71.0,77.0,35.0
130.0,517.0,152.0,367.0,287.0
371.0,188.0,470.0,36.0,20.0
52.0,260.0,59.0,59.0,26.0
40.0,433.0,48.0,62.0,19.0
38.0,138.0,48.0,19.0,11.0
23.0,171.0,48.0,25.0,17.0
43.0,163.0,54.0,23.0,20.0
32.0,140.0,40.0,19.0,11.0
71.0,438.0,114.0,213.0,170.0
91.0,228.0,105.0,41.0,154.0
82.0,517.0,208.0,558.0,431.0
140.0,296.0,152.0,80.0,36.0
59.0,297.0,70.0,83.0,36.0
100.0,520.0,149.0,538.0,287.0
215.0,312.0,265.0,100.0,49.0
335.0,347.0,99.0,152.0,124.0
32.0,139.0,40.0,19.0,11.0
61.0,339.0,41.0,30.0,19.0
315.0,647.0,352.0,589.0,613.0
955.0,474.0,107.0,290.0,160.0
383.0,283.0,147.0,70.0,8.0
61.0,319.0,74.0,93.0,42.0
34.0,148.0,44.0,22.0,13.0
59.0,237.0,65.0,45.0,24.0
91.0,449.0,114.0,226.0,157.0
131.0,193.0,83.0,34.0,20.0
81.0,329.0,96.0,150.0,119.0
79.0,167.0,66.0,25.0,16.0
64.0,228.0,84.0,41.0,76.0
49.0,164.0,57.0,18.0,24.0
49.0,236.0,58.0,44.0,24.0
99.0,306.0,143.0,100.0,289.0
33.0,160.0,44.0,22.0,14.0
206.0,347.0,86.0,132.0,101.0
43.0,257.0,48.0,52.0,25.0
64.0,260.0,69.0,67.0,32.0
80.0,283.0,67.0,72.0,32.0
61.0,284.0,71.0,76.0,32.0
29.0,226.0,74.0,38.0,24.0
100.0,353.0,149.0,143.0,283.0
71.0,347.0,85.0,133.0,105.0
91.0,146.0,107.0,3.0,7.0
102.0,506.0,126.0,376.0,303.0
205.0,330.0,277.0,110.0,151.0
43.0,199.0,52.0,36.0,20.0
126.0,517.0,153.0,428.0,344.0
47.0,236.0,55.0,44.0,24.0
59.0,153.0,67.0,76.0,32.0
73.0,273.0,20.0,64.0,11.0
421.0,306.0,367.0,841.0,613.0
78.0,353.0,90.0,137.0,115.0
32.0,178.0,42.0,22.0,14.0
231.0,325.0,277.0,97.0,613.0
71.0,337.0,86.0,131.0,96.0
91.0,353.0,116.0,143.0,157.0
43.0,301.0,52.0,79.0,205.0
165.0,335.0,107.0,118.0,78.0
71.0,337.0,85.0,118.0,78.0
213.0,301.0,55.0,30.0,21.0
80.0,354.0,93.0,151.0,123.0
33.0,171.0,41.0,25.0,17.0
53.0,313.0,60.0,58.0,26.0
63.0,217.0,55.0,37.0,21.0
49.0,240.0,57.0,47.0,24.0
102.0,510.0,153.0,386.0,334.0
29.0,148.0,59.0,22.0,26.0
206.0,339.0,189.0,585.0,453.0
42.0,151.0,41.0,18.0,11.0
555.0,284.0,709.0,67.0,926.0
71.0,353.0,85.0,130.0,89.0
58.0,278.0,62.0,62.0,28.0
80.0,146.0,103.0,22.0,151.0
92.0,354.0,121.0,151.0,120.0
190.0,106.0,352.0,861.0,613.0
38.0,265.0,49.0,62.0,29.0
71.0,282.0,85.0,18.0,89.0
59.0,296.0,69.0,80.0,35.0
692.0,0.0,604.0,0.0,0.0
91.0,438.0,116.0,213.0,173.0
65.0,284.0,78.0,77.0,33.0
63.0,353.0,72.0,150.0,43.0
47.0,165.0,55.0,23.0,15.0
28.0,247.0,30.0,59.0,26.0
49.0,292.0,59.0,13.0,24.0
98.0,480.0,139.0,309.0,260.0
59.0,135.0,58.0,18.0,11.0
65.0,282.0,76.0,62.0,31.0
91.0,449.0,114.0,226.0,181.0
59.0,296.0,69.0,81.0,35.0
60.0,122.0,71.0,17.0,10.0
43.0,247.0,60.0,50.0,26.0
91.0,205.0,84.0,52.0,25.0
489.0,122.0,27.0,17.0,8.0
59.0,302.0,71.0,87.0,36.0
93.0,292.0,124.0,81.0,157.0
82.0,178.0,103.0,30.0,119.0
50.0,284.0,55.0,37.0,21.0
59.0,217.0,55.0,37.0,21.0
70.0,313.0,84.0,117.0,76.0
52.0,306.0,59.0,88.0,26.0
106.0,302.0,157.0,117.0,76.0
160.0,139.0,145.0,19.0,11.0
49.0,240.0,58.0,47.0,24.0
59.0,151.0,66.0,22.0,14.0
59.0,241.0,67.0,52.0,25.0
41.0,199.0,50.0,30.0,19.0
27.0,247.0,24.0,62.0,8.0
92.0,193.0,55.0,34.0,20.0
70.0,314.0,84.0,100.0,49.0
183.0,284.0,189.0,77.0,429.0
59.0,339.0,66.0,125.0,31.0
131.0,351.0,157.0,137.0,283.0
315.0,165.0,44.0,22.0,12.0
63.0,237.0,74.0,45.0,53.0
63.0,306.0,72.0,90.0,41.0
32.0,335.0,87.0,133.0,105.0
35.0,111.0,44.0,17.0,10.0
555.0,304.0,709.0,102.0,53.0
552.0,517.0,189.0,558.0,429.0
80.0,353.0,90.0,143.0,118.0
683.0,171.0,48.0,25.0,18.0
192.0,273.0,69.0,66.0,30.0
63.0,325.0,72.0,93.0,42.0
240.0,999.0,152.0,999.0,657.0
213.0,268.0,244.0,70.0,177.0
64.0,325.0,73.0,115.0,44.0
71.0,330.0,85.0,118.0,78.0
43.0,205.0,51.0,36.0,20.0
208.0,326.0,86.0,117.0,64.0
73.0,226.0,87.0,37.0,50.0
28.0,138.0,40.0,19.0,11.0
80.0,366.0,99.0,153.0,128.0
20.0,240.0,55.0,47.0,24.0
96.0,330.0,123.0,118.0,78.0
82.0,386.0,100.0,173.0,141.0
91.0,347.0,99.0,152.0,128.0
53.0,248.0,61.0,57.0,26.0
328.0,156.0,182.0,26.0,417.0
71.0,404.0,103.0,202.0,154.0
91.0,437.0,114.0,211.0,157.0
78.0,346.0,89.0,137.0,110.0
77.0,297.0,71.0,83.0,36.0
555.0,339.0,709.0,125.0,96.0
70.0,146.0,84.0,22.0,14.0
427.0,273.0,537.0,10.0,722.0
102.0,404.0,151.0,428.0,289.0
82.0,386.0,99.0,152.0,124.0
24.0,165.0,24.0,24.0,8.0
231.0,317.0,78.0,102.0,53.0
59.0,306.0,63.0,83.0,26.0
63.0,283.0,72.0,72.0,32.0
80.0,135.0,92.0,148.0,120.0
91.0,510.0,157.0,309.0,368.0
48.0,228.0,56.0,41.0,22.0
106.0,517.0,153.0,417.0,344.0
35.0,163.0,44.0,22.0,14.0
23.0,181.0,24.0,2.0,7.0
45.0,232.0,55.0,37.0,21.0
63.0,197.0,73.0,30.0,44.0
60.0,301.0,71.0,83.0,36.0
74.0,482.0,137.0,366.0,303.0
48.0,233.0,56.0,41.0,22.0
29.0,226.0,36.0,37.0,8.0
206.0,632.0,225.0,558.0,431.0
82.0,140.0,89.0,19.0,11.0
29.0,215.0,54.0,36.0,20.0
955.0,354.0,103.0,148.0,151.0
49.0,257.0,58.0,59.0,24.0
165.0,480.0,149.0,366.0,287.0
59.0,240.0,65.0,47.0,24.0
64.0,313.0,77.0,102.0,50.0
51.0,194.0,59.0,36.0,25.0
100.0,197.0,149.0,7.0,7.0
64.0,308.0,72.0,90.0,40.0
71.0,252.0,86.0,56.0,26.0
82.0,386.0,101.0,173.0,128.0
38.0,308.0,48.0,93.0,42.0
240.0,296.0,69.0,81.0,33.0
78.0,226.0,90.0,309.0,118.0
70.0,278.0,84.0,52.0,25.0
63.0,193.0,72.0,34.0,19.0
231.0,236.0,47.0,44.0,15.0
35.0,163.0,45.0,22.0,14.0
100.0,437.0,149.0,213.0,170.0
80.0,205.0,99.0,138.0,128.0
186.0,528.0,165.0,538.0,386.0
91.0,397.0,116.0,223.0,174.0
489.0,437.0,107.0,214.0,157.0
84.0,353.0,100.0,148.0,128.0
190.0,347.0,139.0,286.0,260.0
43.0,301.0,50.0,83.0,19.0
192.0,528.0,165.0,538.0,386.0
54.0,273.0,60.0,64.0,26.0
62.0,164.0,47.0,23.0,15.0
215.0,237.0,48.0,47.0,15.0
285.0,748.0,265.0,622.0,509.0
206.0,650.0,226.0,589.0,477.0
21.0,257.0,60.0,58.0,26.0
98.0,171.0,65.0,27.0,30.0
285.0,437.0,34.0,214.0,151.0
98.0,647.0,157.0,576.0,417.0
47.0,197.0,55.0,36.0,22.0
80.0,273.0,90.0,152.0,123.0
24.0,160.0,24.0,22.0,8.0
80.0,354.0,99.0,152.0,124.0
84.0,474.0,103.0,195.0,151.0
166.0,519.0,175.0,538.0,416.0
63.0,302.0,72.0,90.0,40.0
63.0,308.0,71.0,93.0,38.0
433.0,78.0,537.0,2.0,722.0
165.0,354.0,33.0,13.0,8.0
78.0,299.0,48.0,80.0,20.0
80.0,194.0,101.0,34.0,20.0
82.0,397.0,101.0,192.0,26.0
54.0,247.0,60.0,58.0,26.0
35.0,181.0,44.0,130.0,128.0
208.0,510.0,237.0,376.0,477.0
186.0,273.0,66.0,70.0,31.0
59.0,284.0,65.0,77.0,32.0
63.0,303.0,78.0,115.0,64.0
45.0,257.0,59.0,59.0,26.0
100.0,299.0,69.0,83.0,36.0
65.0,240.0,78.0,47.0,53.0
165.0,252.0,59.0,52.0,25.0
80.0,228.0,87.0,37.0,21.0
65.0,312.0,86.0,97.0,99.0
43.0,283.0,39.0,72.0,28.0
71.0,308.0,85.0,79.0,35.0
77.0,347.0,90.0,133.0,118.0
50.0,650.0,55.0,204.0,22.0
78.0,215.0,90.0,36.0,20.0
33.0,148.0,40.0,22.0,12.0
42.0,193.0,50.0,30.0,19.0
21.0,240.0,48.0,36.0,18.0
91.0,406.0,107.0,204.0,155.0
92.0,173.0,71.0,28.0,33.0
65.0,319.0,78.0,100.0,47.0
40.0,226.0,48.0,10.0,18.0
21.0,165.0,22.0,2.0,4.0
91.0,226.0,114.0,38.0,101.0
487.0,518.0,537.0,468.0,722.0
999.0,319.0,999.0,102.0,999.0
64.0,178.0,76.0,102.0,50.0
45.0,226.0,55.0,37.0,22.0
73.0,354.0,99.0,152.0,124.0
20.0,278.0,9.0,77.0,33.0
21.0,386.0,121.0,222.0,194.0
100.0,215.0,145.0,366.0,287.0
70.0,236.0,85.0,44.0,50.0
33.0,236.0,44.0,22.0,13.0
383.0,171.0,480.0,3.0,11.0
50.0,193.0,61.0,34.0,20.0
50.0,240.0,57.0,47.0,24.0
92.0,510.0,114.0,214.0,173.0
59.0,146.0,66.0,70.0,32.0
102.0,181.0,52.0,30.0,19.0
71.0,347.0,99.0,152.0,124.0
197.0,520.0,200.0,538.0,429.0
699.0,354.0,103.0,222.0,151.0
33.0,146.0,42.0,22.0,11.0
256.0,480.0,105.0,309.0,154.0
49.0,337.0,58.0,52.0,25.0
59.0,273.0,69.0,66.0,30.0
427.0,999.0,514.0,999.0,657.0
555.0,326.0,709.0,585.0,926.0
49.0,0.0,58.0,3.0,11.0
59.0,292.0,71.0,79.0,36.0
28.0,312.0,27.0,30.0,21.0
69.0,284.0,83.0,77.0,33.0
487.0,165.0,34.0,3.0,8.0
35.0,353.0,44.0,37.0,17.0
130.0,353.0,157.0,386.0,364.0
100.0,353.0,96.0,152.0,124.0
555.0,139.0,709.0,22.0,13.0
49.0,265.0,58.0,50.0,24.0
71.0,330.0,85.0,118.0,26.0
45.0,347.0,55.0,133.0,21.0
285.0,314.0,367.0,97.0,613.0
74.0,302.0,86.0,90.0,110.0
102.0,52.0,74.0,2.0,3.0
100.0,296.0,103.0,81.0,31.0
96.0,482.0,90.0,366.0,287.0
71.0,330.0,84.0,118.0,76.0
61.0,278.0,71.0,79.0,34.0
82.0,296.0,101.0,81.0,139.0
35.0,167.0,45.0,25.0,17.0
552.0,163.0,42.0,22.0,11.0
61.0,517.0,145.0,417.0,266.0
79.0,304.0,92.0,138.0,115.0
315.0,319.0,244.0,618.0,509.0
91.0,197.0,58.0,36.0,20.0
59.0,111.0,69.0,79.0,35.0
699.0,406.0,783.0,558.0,999.0
555.0,296.0,709.0,80.0,35.0
102.0,520.0,153.0,428.0,344.0
215.0,296.0,74.0,83.0,36.0
90.0,354.0,90.0,151.0,123.0
42.0,165.0,52.0,36.0,20.0
58.0,273.0,63.0,64.0,29.0
40.0,302.0,60.0,62.0,26.0
81.0,354.0,93.0,151.0,123.0
61.0,301.0,71.0,88.0,37.0
63.0,319.0,74.0,102.0,50.0
371.0,191.0,480.0,30.0,8.0
59.0,329.0,69.0,88.0,35.0
71.0,353.0,86.0,131.0,105.0
328.0,255.0,470.0,806.0,613.0
49.0,240.0,57.0,47.0,24.0
59.0,283.0,69.0,72.0,30.0
69.0,480.0,74.0,34.0,41.0
552.0,199.0,52.0,36.0,20.0
65.0,265.0,72.0,70.0,44.0
59.0,301.0,65.0,62.0,29.0
315.0,437.0,490.0,202.0,386.0
24.0,76.0,24.0,2.0,6.0
70.0,329.0,84.0,117.0,76.0
100.0,228.0,157.0,538.0,368.0
32.0,122.0,40.0,18.0,11.0
100.0,517.0,151.0,376.0,303.0
67.0,330.0,78.0,118.0,78.0
95.0,438.0,116.0,213.0,170.0
60.0,236.0,74.0,1.0,1.0
48.0,236.0,56.0,44.0,24.0
699.0,167.0,48.0,25.0,16.0
49.0,242.0,58.0,45.0,24.0
100.0,354.0,151.0,367.0,289.0
63.0,248.0,72.0,51.0,26.0
80.0,339.0,99.0,125.0,128.0
77.0,343.0,89.0,130.0,109.0
63.0,361.0,90.0,152.0,124.0
91.0,284.0,116.0,36.0,22.0
64.0,319.0,76.0,102.0,53.0
50.0,223.0,55.0,36.0,20.0
61.0,354.0,72.0,82.0,36.0
371.0,165.0,48.0,24.0,18.0
58.0,265.0,63.0,62.0,29.0
61.0,314.0,73.0,100.0,44.0
315.0,339.0,103.0,138.0,148.0
699.0,122.0,85.0,13.0,60.0
59.0,312.0,70.0,80.0,36.0
166.0,519.0,124.0,468.0,205.0
77.0,366.0,88.0,153.0,123.0
106.0,517.0,153.0,417.0,344.0
42.0,301.0,68.0,83.0,36.0
58.0,268.0,63.0,62.0,29.0
47.0,193.0,55.0,34.0,22.0
60.0,296.0,71.0,81.0,36.0
54.0,232.0,71.0,117.0,73.0
58.0,469.0,63.0,2.0,1.0
28.0,289.0,27.0,8.0,8.0
59.0,296.0,70.0,83.0,36.0
63.0,351.0,72.0,132.0,44.0
80.0,351.0,92.0,138.0,118.0
100.0,292.0,147.0,90.0,128.0
99.0,348.0,137.0,376.0,283.0
71.0,339.0,86.0,125.0,96.0
49.0,339.0,89.0,132.0,110.0
43.0,165.0,51.0,24.0,19.0
28.0,140.0,33.0,19.0,8.0
65.0,265.0,68.0,62.0,33.0
57.0,122.0,58.0,17.0,24.0
328.0,329.0,470.0,806.0,613.0
40.0,122.0,48.0,28.0,18.0
23.0,156.0,27.0,22.0,8.0
60.0,197.0,71.0,45.0,36.0
71.0,252.0,85.0,36.0,29.0
80.0,191.0,65.0,34.0,30.0
285.0,188.0,63.0,34.0,29.0
28.0,255.0,33.0,13.0,8.0
35.0,517.0,151.0,373.0,303.0
49.0,165.0,58.0,23.0,24.0
192.0,304.0,114.0,223.0,177.0
35.0,178.0,50.0,30.0,19.0
78.0,347.0,90.0,135.0,118.0
74.0,361.0,88.0,135.0,109.0
82.0,242.0,101.0,2.0,3.0
67.0,265.0,78.0,62.0,29.0
43.0,241.0,48.0,25.0,17.0
699.0,482.0,783.0,286.0,963.0
59.0,366.0,69.0,80.0,35.0
71.0,335.0,86.0,118.0,96.0
0.0,221.0,0.0,47.0,0.0
61.0,165.0,72.0,64.0,41.0
427.0,76.0,514.0,3.0,160.0
59.0,445.0,116.0,235.0,177.0
29.0,78.0,51.0,2.0,6.0
29.0,111.0,34.0,10.0,8.0
21.0,25.0,20.0,2.0,3.0
38.0,163.0,48.0,22.0,15.0
96.0,354.0,92.0,148.0,120.0
59.0,289.0,71.0,88.0,37.0
35.0,273.0,44.0,62.0,30.0
40.0,236.0,58.0,44.0,25.0
126.0,510.0,153.0,428.0,344.0
28.0,106.0,27.0,7.0,7.0
59.0,284.0,68.0,76.0,32.0
41.0,178.0,50.0,30.0,19.0
54.0,351.0,63.0,62.0,29.0
99.0,494.0,151.0,367.0,289.0
58.0,297.0,69.0,83.0,36.0
92.0,292.0,65.0,77.0,33.0
131.0,517.0,156.0,428.0,364.0
215.0,469.0,352.0,286.0,222.0
186.0,580.0,182.0,550.0,417.0
38.0,156.0,48.0,23.0,15.0
20.0,317.0,24.0,2.0,7.0
63.0,330.0,68.0,77.0,33.0
24.0,0.0,24.0,0.0,0.0
33.0,122.0,39.0,17.0,8.0
31.0,228.0,44.0,41.0,22.0
37.0,165.0,47.0,22.0,15.0
91.0,520.0,107.0,373.0,157.0
98.0,289.0,151.0,367.0,303.0
140.0,178.0,164.0,30.0,369.0
294.0,517.0,189.0,386.0,429.0
49.0,241.0,57.0,47.0,24.0
50.0,248.0,58.0,51.0,25.0
91.0,303.0,116.0,88.0,37.0
91.0,339.0,107.0,125.0,53.0
43.0,292.0,52.0,36.0,20.0
53.0,199.0,60.0,37.0,21.0
29.0,268.0,39.0,62.0,29.0
64.0,273.0,73.0,64.0,24.0
48.0,228.0,56.0,41.0,22.0
79.0,247.0,90.0,202.0,155.0
80.0,301.0,52.0,83.0,36.0
96.0,449.0,120.0,226.0,181.0
54.0,292.0,63.0,62.0,29.0
42.0,165.0,48.0,25.0,17.0
206.0,520.0,224.0,538.0,416.0
63.0,296.0,74.0,47.0,24.0
215.0,304.0,105.0,88.0,37.0
98.0,301.0,137.0,77.0,274.0
335.0,520.0,480.0,373.0,331.0
28.0,25.0,34.0,10.0,8.0
699.0,337.0,783.0,121.0,115.0
160.0,480.0,165.0,538.0,386.0
63.0,242.0,78.0,50.0,107.0
59.0,223.0,66.0,37.0,28.0
74.0,347.0,87.0,131.0,105.0
80.0,386.0,103.0,173.0,141.0
371.0,353.0,74.0,150.0,123.0
80.0,301.0,99.0,168.0,128.0
77.0,278.0,120.0,67.0,31.0
57.0,273.0,61.0,62.0,28.0
47.0,292.0,69.0,79.0,34.0
63.0,284.0,74.0,30.0,19.0
80.0,354.0,99.0,151.0,128.0
77.0,248.0,90.0,51.0,25.0
40.0,242.0,48.0,47.0,18.0
54.0,247.0,61.0,50.0,26.0
100.0,437.0,149.0,353.0,303.0
335.0,146.0,48.0,22.0,15.0
213.0,999.0,237.0,999.0,623.0
65.0,282.0,74.0,72.0,44.0
58.0,278.0,63.0,62.0,29.0
64.0,319.0,74.0,102.0,44.0
100.0,518.0,147.0,428.0,274.0
59.0,302.0,69.0,82.0,36.0
95.0,289.0,124.0,79.0,205.0
216.0,165.0,152.0,23.0,18.0
78.0,386.0,90.0,173.0,118.0
487.0,226.0,526.0,367.0,926.0
65.0,197.0,74.0,36.0,21.0
42.0,178.0,50.0,30.0,19.0
165.0,329.0,153.0,618.0,344.0
67.0,178.0,78.0,76.0,44.0
59.0,237.0,65.0,44.0,24.0
52.0,282.0,59.0,43.0,23.0
65.0,223.0,78.0,102.0,53.0
51.0,236.0,59.0,52.0,25.0
21.0,171.0,22.0,25.0,8.0
21.0,14.0,20.0,2.0,3.0
285.0,632.0,277.0,576.0,567.0
61.0,353.0,52.0,10.0,20.0
206.0,265.0,224.0,62.0,25.0
33.0,302.0,157.0,87.0,368.0
335.0,347.0,43.0,585.0,11.0
205.0,248.0,149.0,51.0,287.0
62.0,282.0,68.0,72.0,32.0
93.0,247.0,225.0,576.0,477.0
59.0,339.0,69.0,79.0,35.0
91.0,482.0,101.0,172.0,139.0
371.0,248.0,480.0,373.0,303.0
41.0,178.0,50.0,30.0,19.0
371.0,228.0,85.0,41.0,26.0
33.0,135.0,41.0,19.0,11.0
21.0,0.0,20.0,2.0,3.0
699.0,346.0,783.0,137.0,963.0
552.0,160.0,45.0,22.0,14.0
59.0,273.0,65.0,66.0,30.0
102.0,172.0,151.0,27.0,287.0
34.0,148.0,44.0,22.0,12.0
206.0,650.0,226.0,585.0,477.0
63.0,164.0,85.0,23.0,15.0
59.0,289.0,66.0,72.0,31.0
72.0,589.0,86.0,121.0,99.0
39.0,167.0,48.0,25.0,17.0
23.0,138.0,24.0,3.0,7.0
32.0,122.0,40.0,18.0,11.0
102.0,228.0,152.0,41.0,567.0
31.0,14.0,39.0,1.0,11.0
29.0,248.0,56.0,51.0,24.0
61.0,296.0,71.0,82.0,35.0
100.0,469.0,149.0,353.0,283.0
100.0,404.0,149.0,367.0,289.0
67.0,283.0,78.0,72.0,31.0
38.0,167.0,48.0,25.0,17.0
72.0,343.0,86.0,130.0,101.0
133.0,518.0,155.0,428.0,361.0
48.0,236.0,56.0,44.0,23.0
72.0,353.0,86.0,131.0,101.0
72.0,343.0,86.0,130.0,99.0
51.0,296.0,59.0,81.0,24.0
59.0,361.0,86.0,131.0,101.0
48.0,232.0,56.0,41.0,22.0
190.0,167.0,48.0,25.0,17.0
69.0,335.0,83.0,102.0,53.0
766.0,329.0,224.0,137.0,115.0
91.0,240.0,116.0,50.0,24.0
328.0,482.0,470.0,366.0,567.0
86.0,437.0,116.0,222.0,174.0
0.0,172.0,0.0,1.0,0.0
71.0,347.0,86.0,132.0,105.0
37.0,205.0,123.0,56.0,26.0
59.0,296.0,69.0,80.0,35.0
33.0,167.0,105.0,25.0,151.0
552.0,528.0,728.0,538.0,416.0
92.0,406.0,120.0,204.0,157.0
34.0,228.0,56.0,41.0,22.0
130.0,482.0,157.0,366.0,368.0
21.0,14.0,20.0,2.0,3.0
29.0,122.0,34.0,17.0,8.0
126.0,647.0,153.0,585.0,364.0
33.0,160.0,41.0,19.0,11.0
81.0,233.0,101.0,43.0,8.0
24.0,236.0,55.0,50.0,24.0
38.0,240.0,57.0,47.0,24.0
65.0,241.0,77.0,36.0,42.0
197.0,632.0,200.0,585.0,453.0
40.0,153.0,48.0,22.0,18.0
328.0,650.0,226.0,589.0,477.0
999.0,520.0,999.0,538.0,999.0
48.0,193.0,51.0,34.0,20.0
102.0,268.0,151.0,376.0,303.0
24.0,135.0,24.0,22.0,13.0
766.0,519.0,165.0,538.0,386.0
126.0,517.0,153.0,417.0,344.0
45.0,217.0,54.0,36.0,20.0
80.0,348.0,99.0,135.0,128.0
59.0,283.0,68.0,77.0,33.0
96.0,404.0,123.0,195.0,154.0
37.0,268.0,47.0,62.0,15.0
140.0,240.0,149.0,47.0,24.0
0.0,0.0,0.0,0.0,0.0
61.0,284.0,71.0,88.0,37.0
77.0,299.0,89.0,131.0,110.0
205.0,171.0,208.0,558.0,431.0
21.0,284.0,69.0,66.0,35.0
205.0,632.0,244.0,622.0,509.0
96.0,469.0,145.0,309.0,274.0
72.0,236.0,86.0,44.0,10.0
38.0,122.0,47.0,23.0,15.0
70.0,445.0,88.0,223.0,177.0
165.0,517.0,165.0,428.0,361.0
91.0,164.0,52.0,23.0,15.0
35.0,197.0,44.0,36.0,20.0
98.0,221.0,55.0,37.0,21.0
206.0,632.0,175.0,558.0,417.0
59.0,282.0,66.0,72.0,31.0
27.0,228.0,52.0,43.0,20.0
40.0,303.0,48.0,88.0,37.0
215.0,299.0,200.0,558.0,431.0
43.0,351.0,52.0,168.0,19.0
45.0,226.0,55.0,37.0,21.0
206.0,520.0,224.0,538.0,386.0
42.0,191.0,52.0,36.0,20.0
999.0,517.0,999.0,428.0,999.0
45.0,173.0,54.0,28.0,17.0
166.0,255.0,175.0,57.0,623.0
80.0,433.0,99.0,153.0,128.0
42.0,181.0,50.0,30.0,19.0
28.0,146.0,41.0,20.0,11.0
32.0,178.0,40.0,30.0,19.0
231.0,283.0,59.0,76.0,26.0
285.0,52.0,20.0,2.0,3.0
45.0,217.0,55.0,37.0,21.0
133.0,151.0,55.0,22.0,25.0
90.0,518.0,107.0,428.0,361.0
70.0,347.0,84.0,133.0,76.0
86.0,661.0,105.0,618.0,154.0
71.0,296.0,86.0,77.0,34.0
489.0,375.0,783.0,576.0,963.0
98.0,278.0,143.0,67.0,509.0
80.0,353.0,100.0,143.0,89.0
51.0,242.0,59.0,52.0,25.0
71.0,354.0,86.0,151.0,96.0
33.0,236.0,41.0,19.0,11.0
487.0,296.0,537.0,753.0,722.0
59.0,205.0,67.0,36.0,16.0
45.0,222.0,55.0,37.0,21.0
74.0,25.0,83.0,36.0,64.0
84.0,343.0,89.0,130.0,109.0
692.0,89.0,24.0,3.0,7.0
29.0,312.0,48.0,34.0,20.0
45.0,222.0,55.0,37.0,21.0
91.0,296.0,120.0,81.0,173.0
81.0,375.0,100.0,172.0,139.0
215.0,172.0,226.0,27.0,477.0
48.0,236.0,56.0,44.0,22.0
70.0,273.0,83.0,64.0,29.0
28.0,171.0,33.0,1.0,8.0
71.0,301.0,85.0,83.0,81.0
64.0,292.0,76.0,100.0,49.0
335.0,661.0,480.0,618.0,602.0
20.0,241.0,61.0,47.0,24.0
23.0,173.0,24.0,28.0,18.0
70.0,228.0,84.0,41.0,22.0
77.0,339.0,90.0,130.0,101.0
69.0,469.0,175.0,286.0,222.0
59.0,278.0,66.0,70.0,31.0
216.0,347.0,298.0,143.0,602.0
81.0,165.0,107.0,37.0,157.0
71.0,319.0,85.0,118.0,78.0
59.0,268.0,63.0,62.0,29.0
39.0,160.0,47.0,22.0,15.0
29.0,188.0,50.0,30.0,19.0
77.0,319.0,89.0,152.0,124.0
43.0,240.0,57.0,47.0,24.0
91.0,528.0,145.0,309.0,274.0
59.0,226.0,72.0,376.0,303.0
130.0,306.0,157.0,88.0,368.0
62.0,494.0,72.0,386.0,20.0
77.0,337.0,86.0,125.0,96.0
427.0,339.0,514.0,121.0,105.0
35.0,480.0,44.0,3.0,7.0
59.0,282.0,67.0,72.0,32.0
32.0,135.0,40.0,18.0,11.0
59.0,171.0,48.0,25.0,17.0
206.0,302.0,225.0,468.0,364.0
39.0,193.0,48.0,34.0,20.0
23.0,205.0,22.0,2.0,4.0
24.0,223.0,24.0,37.0,21.0
73.0,314.0,87.0,132.0,105.0
59.0,302.0,68.0,87.0,36.0
699.0,165.0,783.0,576.0,963.0
59.0,940.0,69.0,841.0,716.0
43.0,319.0,55.0,125.0,96.0
98.0,163.0,147.0,22.0,15.0
71.0,482.0,86.0,366.0,99.0
82.0,330.0,85.0,118.0,78.0
21.0,255.0,490.0,585.0,481.0
64.0,296.0,71.0,81.0,35.0
47.0,140.0,48.0,19.0,15.0
21.0,343.0,78.0,102.0,53.0
683.0,116.0,728.0,44.0,963.0
692.0,314.0,74.0,100.0,47.0
70.0,312.0,84.0,93.0,42.0
861.0,284.0,90.0,67.0,31.0
71.0,330.0,85.0,118.0,78.0
60.0,528.0,71.0,497.0,41.0
29.0,199.0,36.0,36.0,20.0
208.0,589.0,175.0,558.0,417.0
383.0,999.0,490.0,999.0,657.0
59.0,308.0,71.0,102.0,40.0
33.0,140.0,41.0,19.0,11.0
683.0,292.0,728.0,79.0,34.0
61.0,301.0,71.0,88.0,38.0
699.0,518.0,783.0,497.0,579.0
65.0,306.0,74.0,93.0,42.0
35.0,178.0,44.0,50.0,24.0
41.0,167.0,50.0,30.0,19.0
59.0,282.0,67.0,62.0,26.0
128.0,76.0,30.0,2.0,6.0
58.0,268.0,63.0,62.0,29.0
64.0,330.0,72.0,102.0,41.0
208.0,241.0,56.0,47.0,24.0
91.0,437.0,114.0,223.0,177.0
63.0,301.0,74.0,83.0,36.0
31.0,178.0,40.0,25.0,11.0
683.0,172.0,77.0,27.0,11.0
489.0,116.0,73.0,13.0,43.0
74.0,354.0,87.0,132.0,105.0
91.0,78.0,175.0,3.0,8.0
206.0,518.0,224.0,386.0,334.0
205.0,650.0,200.0,558.0,429.0
160.0,135.0,63.0,62.0,29.0
215.0,282.0,153.0,36.0,368.0
294.0,325.0,39.0,115.0,44.0
100.0,510.0,151.0,376.0,303.0
40.0,248.0,48.0,28.0,18.0
955.0,178.0,709.0,30.0,19.0
240.0,999.0,291.0,999.0,657.0
65.0,517.0,155.0,428.0,364.0
80.0,343.0,93.0,152.0,123.0
766.0,519.0,153.0,497.0,364.0
70.0,226.0,85.0,38.0,22.0
80.0,404.0,88.0,235.0,109.0
38.0,191.0,48.0,34.0,16.0
45.0,449.0,49.0,66.0,35.0
71.0,167.0,72.0,618.0,344.0
48.0,241.0,56.0,47.0,22.0
47.0,236.0,55.0,52.0,25.0
102.0,146.0,41.0,22.0,11.0
81.0,296.0,63.0,62.0,29.0
54.0,106.0,33.0,7.0,7.0
335.0,304.0,537.0,841.0,722.0
140.0,517.0,175.0,428.0,368.0
34.0,0.0,44.0,0.0,8.0
91.0,284.0,60.0,62.0,26.0
21.0,76.0,20.0,2.0,3.0
59.0,282.0,70.0,80.0,35.0
59.0,296.0,69.0,80.0,35.0
29.0,122.0,36.0,17.0,8.0
240.0,308.0,291.0,81.0,44.0
90.0,268.0,107.0,235.0,155.0
43.0,205.0,52.0,36.0,20.0
100.0,308.0,74.0,97.0,53.0
40.0,172.0,48.0,27.0,18.0
48.0,236.0,56.0,43.0,22.0
128.0,172.0,175.0,18.0,369.0
427.0,375.0,514.0,172.0,141.0
42.0,217.0,55.0,37.0,21.0
766.0,226.0,74.0,38.0,11.0
41.0,178.0,50.0,30.0,19.0
54.0,257.0,60.0,59.0,26.0
39.0,76.0,48.0,2.0,18.0
186.0,199.0,77.0,36.0,50.0
58.0,252.0,63.0,56.0,21.0
28.0,89.0,27.0,7.0,7.0
23.0,301.0,24.0,83.0,36.0
955.0,135.0,537.0,841.0,722.0
59.0,283.0,68.0,72.0,32.0
999.0,520.0,999.0,468.0,999.0
33.0,193.0,51.0,34.0,20.0
73.0,303.0,87.0,102.0,99.0
84.0,445.0,105.0,213.0,154.0
294.0,748.0,324.0,753.0,602.0
128.0,326.0,157.0,117.0,369.0
371.0,247.0,490.0,50.0,24.0
77.0,308.0,89.0,93.0,110.0
45.0,217.0,55.0,37.0,21.0
20.0,0.0,9.0,1.0,1.0
59.0,221.0,66.0,66.0,30.0
96.0,354.0,124.0,148.0,205.0
21.0,469.0,139.0,290.0,260.0
190.0,312.0,152.0,172.0,128.0
59.0,296.0,65.0,47.0,24.0
82.0,339.0,103.0,125.0,157.0
37.0,160.0,47.0,22.0,15.0
20.0,255.0,61.0,57.0,26.0
59.0,226.0,66.0,36.0,20.0
383.0,517.0,490.0,417.0,623.0
84.0,284.0,514.0,76.0,34.0
40.0,138.0,36.0,19.0,10.0
102.0,242.0,189.0,558.0,431.0
213.0,273.0,60.0,64.0,26.0
59.0,255.0,66.0,62.0,30.0
77.0,273.0,103.0,62.0,29.0
160.0,164.0,165.0,58.0,26.0
59.0,217.0,65.0,37.0,21.0
54.0,215.0,61.0,36.0,20.0
72.0,353.0,86.0,148.0,119.0
58.0,284.0,63.0,77.0,36.0
74.0,171.0,52.0,34.0,20.0
21.0,139.0,20.0,2.0,3.0
98.0,519.0,153.0,468.0,344.0
50.0,297.0,58.0,57.0,26.0
487.0,237.0,537.0,861.0,722.0
23.0,217.0,42.0,18.0,11.0
100.0,482.0,151.0,367.0,289.0
59.0,292.0,69.0,79.0,35.0
79.0,228.0,352.0,806.0,613.0
70.0,308.0,72.0,93.0,41.0
70.0,171.0,66.0,26.0,11.0
24.0,76.0,24.0,2.0,6.0
35.0,173.0,48.0,28.0,17.0
59.0,194.0,68.0,36.0,20.0
52.0,297.0,59.0,56.0,26.0
40.0,165.0,48.0,24.0,18.0
80.0,296.0,88.0,80.0,33.0
208.0,282.0,63.0,72.0,31.0
82.0,386.0,101.0,173.0,141.0
79.0,308.0,74.0,100.0,49.0
102.0,205.0,153.0,36.0,20.0
213.0,252.0,237.0,386.0,334.0
20.0,289.0,71.0,88.0,37.0
73.0,386.0,89.0,135.0,109.0
38.0,156.0,47.0,22.0,15.0
63.0,232.0,72.0,41.0,26.0
49.0,248.0,57.0,50.0,24.0
683.0,299.0,709.0,83.0,926.0
80.0,257.0,99.0,50.0,128.0
39.0,167.0,48.0,25.0,17.0
197.0,197.0,200.0,558.0,429.0
77.0,354.0,89.0,138.0,110.0
90.0,517.0,114.0,417.0,154.0
80.0,375.0,99.0,172.0,128.0
28.0,205.0,33.0,36.0,20.0
315.0,589.0,291.0,558.0,431.0
206.0,517.0,225.0,211.0,160.0
43.0,228.0,56.0,41.0,22.0
