315.0,482.0,157.0,366.0,368.0
102.0,528.0,137.0,538.0,416.0
51.0,165.0,59.0,23.0,25.0
45.0,217.0,55.0,37.0,21.0
49.0,314.0,57.0,47.0,24.0
77.0,304.0,85.0,118.0,78.0
21.0,172.0,22.0,1.0,4.0
21.0,25.0,20.0,2.0,3.0
21.0,647.0,189.0,585.0,579.0
58.0,284.0,67.0,76.0,32.0
64.0,312.0,74.0,100.0,47.0
555.0,361.0,709.0,138.0,926.0
28.0,78.0,27.0,2.0,6.0
78.0,353.0,90.0,143.0,118.0
206.0,146.0,208.0,558.0,431.0
63.0,319.0,84.0,117.0,76.0
43.0,193.0,52.0,34.0,19.0
43.0,178.0,48.0,30.0,18.0
433.0,999.0,526.0,999.0,657.0
130.0,517.0,155.0,428.0,361.0
49.0,232.0,58.0,36.0,24.0
80.0,165.0,43.0,23.0,11.0
80.0,354.0,99.0,151.0,128.0
45.0,171.0,34.0,25.0,17.0
35.0,146.0,45.0,22.0,14.0
40.0,173.0,52.0,28.0,18.0
215.0,240.0,57.0,47.0,24.0
231.0,528.0,189.0,538.0,416.0
59.0,353.0,69.0,72.0,32.0
92.0,347.0,121.0,100.0,47.0
50.0,301.0,59.0,52.0,25.0
59.0,273.0,69.0,64.0,29.0
90.0,404.0,107.0,202.0,155.0
69.0,0.0,22.0,0.0,0.0
23.0,178.0,50.0,30.0,19.0
43.0,217.0,52.0,37.0,20.0
54.0,171.0,20.0,2.0,3.0
91.0,354.0,291.0,150.0,118.0
692.0,650.0,709.0,585.0,926.0
92.0,257.0,120.0,223.0,177.0
100.0,517.0,149.0,468.0,287.0
71.0,337.0,85.0,121.0,81.0
72.0,325.0,85.0,93.0,28.0
64.0,308.0,85.0,97.0,78.0
28.0,353.0,30.0,7.0,8.0
213.0,650.0,225.0,585.0,453.0
100.0,343.0,147.0,151.0,274.0
91.0,519.0,103.0,497.0,148.0
70.0,164.0,103.0,23.0,15.0
58.0,292.0,62.0,79.0,34.0
48.0,205.0,44.0,36.0,20.0
27.0,197.0,39.0,36.0,8.0
45.0,223.0,52.0,37.0,21.0
73.0,194.0,87.0,138.0,101.0
205.0,354.0,225.0,148.0,123.0
43.0,181.0,52.0,30.0,19.0
29.0,111.0,34.0,18.0,10.0
67.0,178.0,77.0,36.0,26.0
52.0,240.0,59.0,51.0,26.0
82.0,386.0,90.0,173.0,118.0
102.0,252.0,149.0,52.0,283.0
63.0,312.0,66.0,97.0,26.0
59.0,301.0,69.0,70.0,32.0
98.0,122.0,147.0,367.0,289.0
71.0,265.0,86.0,131.0,96.0
39.0,283.0,48.0,72.0,32.0
45.0,205.0,55.0,36.0,22.0
65.0,306.0,77.0,102.0,50.0
315.0,296.0,189.0,82.0,368.0
58.0,78.0,22.0,3.0,4.0
29.0,165.0,48.0,23.0,15.0
59.0,302.0,70.0,83.0,36.0
126.0,482.0,153.0,366.0,331.0
43.0,205.0,52.0,36.0,20.0
128.0,517.0,153.0,417.0,344.0
59.0,273.0,65.0,66.0,30.0
82.0,278.0,101.0,77.0,148.0
80.0,351.0,69.0,137.0,35.0
71.0,111.0,85.0,93.0,42.0
699.0,289.0,120.0,226.0,181.0
39.0,163.0,45.0,22.0,13.0
183.0,519.0,181.0,538.0,416.0
71.0,346.0,85.0,133.0,81.0
206.0,236.0,164.0,45.0,369.0
35.0,247.0,60.0,58.0,26.0
41.0,193.0,50.0,30.0,19.0
71.0,337.0,85.0,118.0,78.0
57.0,217.0,62.0,37.0,21.0
59.0,163.0,56.0,22.0,26.0
90.0,353.0,107.0,150.0,120.0
70.0,164.0,84.0,23.0,15.0
59.0,304.0,70.0,81.0,35.0
82.0,366.0,103.0,168.0,151.0
45.0,194.0,54.0,36.0,20.0
699.0,940.0,537.0,841.0,722.0
82.0,347.0,101.0,133.0,266.0
91.0,528.0,181.0,538.0,416.0
60.0,228.0,71.0,41.0,35.0
999.0,589.0,999.0,558.0,999.0
79.0,303.0,69.0,80.0,35.0
683.0,284.0,709.0,88.0,38.0
90.0,406.0,107.0,211.0,157.0
39.0,165.0,48.0,25.0,17.0
27.0,314.0,73.0,100.0,43.0
100.0,312.0,137.0,102.0,35.0
77.0,283.0,55.0,72.0,26.0
63.0,205.0,73.0,36.0,24.0
206.0,289.0,225.0,81.0,35.0
45.0,217.0,55.0,37.0,21.0
63.0,325.0,74.0,117.0,73.0
84.0,171.0,93.0,66.0,30.0
91.0,438.0,116.0,222.0,174.0
98.0,353.0,99.0,150.0,124.0
955.0,163.0,48.0,22.0,12.0
57.0,223.0,61.0,37.0,21.0
45.0,236.0,55.0,26.0,21.0
71.0,226.0,86.0,37.0,21.0
52.0,205.0,59.0,62.0,26.0
59.0,580.0,52.0,47.0,22.0
54.0,282.0,61.0,72.0,31.0
206.0,304.0,87.0,131.0,99.0
100.0,163.0,151.0,8.0,303.0
489.0,647.0,480.0,585.0,602.0
43.0,193.0,52.0,34.0,20.0
35.0,167.0,44.0,25.0,17.0
71.0,335.0,85.0,118.0,78.0
190.0,353.0,92.0,138.0,115.0
50.0,164.0,48.0,23.0,15.0
95.0,297.0,121.0,87.0,50.0
28.0,191.0,33.0,19.0,8.0
82.0,482.0,99.0,366.0,128.0
102.0,480.0,151.0,366.0,303.0
49.0,222.0,55.0,37.0,21.0
91.0,273.0,114.0,64.0,26.0
766.0,273.0,822.0,66.0,31.0
50.0,240.0,58.0,47.0,24.0
64.0,314.0,74.0,100.0,47.0
32.0,301.0,40.0,83.0,11.0
48.0,301.0,56.0,83.0,36.0
65.0,282.0,78.0,72.0,64.0
32.0,292.0,40.0,79.0,35.0
70.0,228.0,84.0,192.0,1.0
100.0,240.0,151.0,618.0,344.0
33.0,173.0,45.0,28.0,16.0
93.0,178.0,126.0,192.0,194.0
95.0,438.0,123.0,222.0,194.0
59.0,354.0,66.0,80.0,33.0
28.0,148.0,33.0,22.0,8.0
28.0,296.0,62.0,81.0,36.0
24.0,116.0,24.0,8.0,8.0
102.0,217.0,20.0,2.0,3.0
43.0,353.0,52.0,143.0,109.0
100.0,397.0,103.0,195.0,151.0
91.0,140.0,114.0,214.0,160.0
69.0,205.0,63.0,36.0,20.0
43.0,165.0,49.0,36.0,20.0
77.0,223.0,58.0,52.0,24.0
91.0,353.0,99.0,150.0,128.0
58.0,353.0,60.0,77.0,26.0
59.0,312.0,69.0,62.0,29.0
27.0,25.0,24.0,1.0,6.0
371.0,404.0,480.0,202.0,623.0
46.0,167.0,48.0,25.0,17.0
487.0,284.0,69.0,77.0,33.0
47.0,223.0,55.0,37.0,22.0
190.0,173.0,83.0,28.0,105.0
555.0,257.0,61.0,57.0,26.0
80.0,304.0,93.0,88.0,157.0
28.0,188.0,33.0,19.0,8.0
100.0,343.0,84.0,130.0,76.0
131.0,240.0,61.0,47.0,24.0
40.0,247.0,52.0,36.0,20.0
78.0,375.0,90.0,172.0,118.0
371.0,438.0,490.0,214.0,157.0
552.0,354.0,367.0,150.0,613.0
95.0,146.0,123.0,22.0,194.0
126.0,292.0,153.0,79.0,205.0
59.0,301.0,67.0,83.0,32.0
84.0,330.0,84.0,19.0,11.0
279.0,217.0,298.0,40.0,722.0
32.0,217.0,49.0,36.0,19.0
40.0,173.0,48.0,25.0,18.0
84.0,480.0,116.0,226.0,173.0
65.0,248.0,52.0,36.0,20.0
100.0,386.0,147.0,173.0,128.0
192.0,308.0,105.0,88.0,34.0
35.0,296.0,44.0,81.0,35.0
100.0,506.0,147.0,373.0,287.0
59.0,313.0,66.0,72.0,31.0
208.0,228.0,145.0,37.0,266.0
98.0,445.0,114.0,223.0,177.0
74.0,347.0,86.0,133.0,96.0
33.0,140.0,41.0,19.0,11.0
20.0,284.0,78.0,77.0,33.0
21.0,151.0,514.0,66.0,31.0
33.0,433.0,44.0,22.0,12.0
81.0,354.0,100.0,152.0,124.0
28.0,222.0,33.0,2.0,8.0
42.0,326.0,50.0,30.0,19.0
45.0,222.0,55.0,37.0,21.0
77.0,122.0,84.0,2.0,8.0
131.0,517.0,156.0,428.0,364.0
54.0,273.0,63.0,64.0,29.0
29.0,25.0,36.0,2.0,7.0
35.0,148.0,44.0,19.0,11.0
21.0,153.0,20.0,2.0,3.0
45.0,255.0,59.0,58.0,26.0
49.0,171.0,44.0,22.0,14.0
140.0,517.0,164.0,576.0,369.0
91.0,167.0,182.0,137.0,115.0
49.0,240.0,58.0,47.0,24.0
29.0,226.0,57.0,38.0,24.0
45.0,247.0,55.0,50.0,25.0
102.0,517.0,151.0,417.0,160.0
90.0,347.0,107.0,132.0,154.0
49.0,240.0,57.0,47.0,24.0
78.0,193.0,90.0,34.0,118.0
38.0,296.0,48.0,80.0,36.0
40.0,171.0,48.0,22.0,18.0
294.0,940.0,352.0,841.0,613.0
33.0,171.0,41.0,18.0,11.0
28.0,106.0,34.0,7.0,8.0
215.0,580.0,226.0,618.0,481.0
128.0,299.0,153.0,367.0,344.0
80.0,181.0,105.0,30.0,107.0
96.0,343.0,139.0,131.0,266.0
90.0,301.0,107.0,83.0,155.0
27.0,191.0,27.0,30.0,7.0
58.0,265.0,62.0,62.0,28.0
63.0,252.0,74.0,56.0,60.0
131.0,469.0,153.0,386.0,334.0
35.0,178.0,50.0,30.0,19.0
45.0,215.0,55.0,37.0,21.0
128.0,167.0,149.0,25.0,14.0
28.0,215.0,27.0,43.0,7.0
93.0,337.0,120.0,213.0,170.0
80.0,337.0,101.0,132.0,141.0
61.0,348.0,89.0,137.0,110.0
59.0,260.0,68.0,51.0,33.0
78.0,347.0,90.0,133.0,118.0
81.0,348.0,99.0,152.0,124.0
37.0,650.0,33.0,18.0,11.0
69.0,304.0,84.0,117.0,76.0
192.0,437.0,101.0,172.0,139.0
231.0,437.0,277.0,214.0,567.0
28.0,304.0,43.0,62.0,11.0
552.0,265.0,265.0,82.0,35.0
102.0,194.0,123.0,36.0,194.0
61.0,303.0,72.0,90.0,40.0
64.0,438.0,74.0,222.0,174.0
45.0,222.0,55.0,37.0,23.0
91.0,308.0,114.0,90.0,154.0
206.0,650.0,226.0,618.0,481.0
315.0,171.0,324.0,26.0,602.0
45.0,193.0,57.0,62.0,29.0
165.0,650.0,157.0,585.0,368.0
52.0,296.0,59.0,81.0,26.0
315.0,999.0,352.0,861.0,623.0
28.0,122.0,27.0,17.0,8.0
90.0,438.0,107.0,223.0,155.0
71.0,313.0,85.0,102.0,53.0
38.0,164.0,40.0,22.0,12.0
49.0,282.0,56.0,44.0,24.0
555.0,650.0,709.0,585.0,613.0
58.0,273.0,65.0,66.0,31.0
96.0,248.0,114.0,2.0,157.0
42.0,193.0,50.0,34.0,19.0
35.0,232.0,45.0,22.0,14.0
78.0,289.0,90.0,77.0,118.0
45.0,226.0,55.0,38.0,22.0
78.0,438.0,90.0,222.0,128.0
59.0,354.0,70.0,152.0,123.0
49.0,226.0,55.0,36.0,22.0
59.0,302.0,66.0,87.0,36.0
61.0,296.0,71.0,88.0,37.0
48.0,236.0,56.0,44.0,23.0
98.0,296.0,90.0,82.0,118.0
59.0,282.0,65.0,37.0,21.0
69.0,292.0,68.0,81.0,34.0
84.0,353.0,120.0,143.0,177.0
59.0,296.0,70.0,81.0,35.0
59.0,151.0,71.0,36.0,38.0
555.0,223.0,55.0,37.0,21.0
91.0,445.0,114.0,226.0,174.0
80.0,343.0,93.0,130.0,99.0
78.0,351.0,90.0,138.0,118.0
102.0,519.0,157.0,497.0,368.0
43.0,282.0,52.0,72.0,42.0
59.0,284.0,69.0,77.0,33.0
92.0,188.0,58.0,36.0,26.0
52.0,265.0,59.0,62.0,28.0
35.0,241.0,41.0,47.0,19.0
49.0,236.0,56.0,44.0,23.0
95.0,438.0,124.0,223.0,177.0
91.0,330.0,114.0,110.0,623.0
43.0,240.0,52.0,37.0,20.0
183.0,122.0,123.0,17.0,602.0
49.0,232.0,56.0,41.0,22.0
62.0,480.0,77.0,366.0,289.0
80.0,252.0,77.0,47.0,26.0
91.0,347.0,86.0,133.0,101.0
95.0,292.0,78.0,79.0,60.0
23.0,122.0,22.0,2.0,4.0
81.0,329.0,100.0,152.0,124.0
213.0,449.0,116.0,226.0,173.0
206.0,296.0,226.0,82.0,36.0
24.0,301.0,59.0,83.0,36.0
100.0,437.0,152.0,214.0,157.0
77.0,299.0,65.0,100.0,41.0
49.0,228.0,44.0,41.0,22.0
82.0,247.0,101.0,50.0,25.0
59.0,306.0,71.0,88.0,36.0
20.0,301.0,0.0,0.0,0.0
999.0,940.0,999.0,558.0,999.0
50.0,223.0,56.0,41.0,22.0
71.0,160.0,85.0,22.0,43.0
59.0,217.0,69.0,8.0,8.0
53.0,257.0,60.0,57.0,26.0
50.0,191.0,58.0,34.0,24.0
130.0,528.0,155.0,538.0,361.0
71.0,273.0,86.0,64.0,29.0
166.0,160.0,175.0,538.0,416.0
216.0,528.0,156.0,428.0,364.0
71.0,335.0,85.0,118.0,78.0
23.0,25.0,30.0,2.0,8.0
29.0,205.0,30.0,30.0,19.0
78.0,248.0,90.0,51.0,25.0
91.0,76.0,114.0,213.0,173.0
59.0,297.0,69.0,66.0,30.0
45.0,217.0,54.0,36.0,20.0
552.0,519.0,526.0,428.0,716.0
63.0,306.0,73.0,88.0,43.0
35.0,122.0,45.0,18.0,14.0
96.0,260.0,124.0,1.0,0.0
54.0,273.0,63.0,64.0,29.0
92.0,303.0,69.0,88.0,37.0
86.0,330.0,105.0,117.0,78.0
21.0,122.0,20.0,2.0,3.0
37.0,122.0,43.0,18.0,11.0
315.0,308.0,60.0,100.0,26.0
35.0,163.0,44.0,22.0,14.0
72.0,375.0,86.0,132.0,99.0
371.0,999.0,480.0,999.0,623.0
487.0,303.0,71.0,83.0,36.0
48.0,438.0,56.0,213.0,22.0
59.0,273.0,66.0,66.0,30.0
49.0,228.0,58.0,50.0,24.0
240.0,296.0,324.0,81.0,35.0
39.0,167.0,48.0,25.0,17.0
102.0,278.0,65.0,70.0,31.0
63.0,228.0,55.0,41.0,22.0
47.0,221.0,55.0,37.0,21.0
38.0,228.0,49.0,40.0,7.0
421.0,301.0,72.0,88.0,41.0
130.0,519.0,157.0,468.0,368.0
131.0,474.0,153.0,309.0,274.0
61.0,301.0,68.0,82.0,33.0
54.0,242.0,60.0,62.0,26.0
49.0,518.0,157.0,428.0,368.0
100.0,520.0,151.0,367.0,303.0
64.0,343.0,77.0,125.0,60.0
285.0,650.0,200.0,558.0,429.0
53.0,252.0,66.0,57.0,31.0
59.0,304.0,68.0,77.0,33.0
100.0,480.0,145.0,353.0,274.0
91.0,347.0,99.0,130.0,128.0
131.0,510.0,151.0,373.0,303.0
206.0,650.0,225.0,618.0,477.0
96.0,178.0,123.0,30.0,194.0
33.0,140.0,41.0,19.0,11.0
74.0,284.0,84.0,72.0,38.0
192.0,308.0,526.0,90.0,40.0
71.0,335.0,86.0,125.0,96.0
100.0,301.0,70.0,83.0,36.0
33.0,140.0,41.0,19.0,11.0
43.0,197.0,52.0,36.0,20.0
82.0,146.0,90.0,22.0,118.0
81.0,353.0,90.0,152.0,118.0
45.0,221.0,55.0,37.0,21.0
59.0,292.0,69.0,79.0,34.0
140.0,517.0,164.0,428.0,361.0
77.0,282.0,89.0,82.0,109.0
102.0,335.0,152.0,118.0,266.0
95.0,354.0,107.0,110.0,155.0
69.0,278.0,84.0,131.0,101.0
240.0,306.0,291.0,88.0,579.0
96.0,122.0,126.0,211.0,181.0
165.0,191.0,52.0,34.0,20.0
31.0,167.0,39.0,3.0,7.0
96.0,304.0,71.0,88.0,37.0
35.0,163.0,45.0,22.0,14.0
205.0,308.0,62.0,93.0,41.0
91.0,437.0,116.0,214.0,173.0
71.0,337.0,86.0,137.0,115.0
59.0,302.0,69.0,87.0,36.0
421.0,248.0,490.0,7.0,368.0
60.0,111.0,70.0,30.0,36.0
59.0,301.0,66.0,97.0,36.0
421.0,301.0,71.0,83.0,36.0
60.0,215.0,71.0,83.0,36.0
427.0,273.0,114.0,66.0,30.0
80.0,445.0,99.0,226.0,128.0
82.0,330.0,85.0,118.0,78.0
555.0,247.0,709.0,558.0,926.0
92.0,433.0,120.0,222.0,177.0
102.0,517.0,151.0,373.0,303.0
24.0,89.0,27.0,7.0,7.0
699.0,139.0,728.0,19.0,722.0
421.0,223.0,514.0,37.0,21.0
79.0,353.0,92.0,150.0,120.0
63.0,299.0,72.0,62.0,26.0
41.0,236.0,50.0,30.0,19.0
20.0,165.0,9.0,24.0,0.0
65.0,194.0,78.0,34.0,53.0
45.0,221.0,55.0,37.0,21.0
67.0,178.0,78.0,30.0,60.0
43.0,205.0,52.0,36.0,20.0
81.0,140.0,101.0,19.0,89.0
64.0,306.0,72.0,93.0,42.0
82.0,375.0,101.0,172.0,139.0
955.0,296.0,74.0,80.0,35.0
71.0,247.0,76.0,36.0,21.0
63.0,282.0,66.0,72.0,31.0
91.0,284.0,116.0,76.0,155.0
131.0,438.0,87.0,214.0,157.0
34.0,138.0,43.0,19.0,11.0
24.0,226.0,24.0,2.0,4.0
77.0,303.0,74.0,90.0,40.0
58.0,292.0,63.0,62.0,29.0
206.0,589.0,224.0,558.0,431.0
190.0,580.0,181.0,550.0,417.0
24.0,348.0,48.0,135.0,15.0
206.0,482.0,225.0,373.0,453.0
205.0,223.0,226.0,37.0,21.0
74.0,517.0,76.0,36.0,20.0
24.0,232.0,24.0,40.0,22.0
35.0,153.0,44.0,22.0,14.0
100.0,386.0,145.0,213.0,160.0
39.0,167.0,48.0,25.0,17.0
29.0,171.0,34.0,23.0,15.0
552.0,397.0,72.0,90.0,38.0
215.0,252.0,76.0,56.0,64.0
130.0,517.0,153.0,417.0,344.0
52.0,248.0,59.0,51.0,24.0
315.0,661.0,352.0,753.0,579.0
35.0,78.0,44.0,2.0,1.0
28.0,232.0,33.0,19.0,8.0
140.0,650.0,164.0,585.0,369.0
24.0,146.0,72.0,88.0,36.0
63.0,163.0,60.0,58.0,26.0
328.0,292.0,470.0,841.0,613.0
59.0,273.0,66.0,66.0,30.0
692.0,519.0,155.0,428.0,361.0
59.0,283.0,68.0,77.0,32.0
98.0,347.0,152.0,137.0,110.0
42.0,348.0,87.0,135.0,109.0
294.0,312.0,139.0,102.0,50.0
70.0,330.0,84.0,117.0,76.0
91.0,437.0,116.0,222.0,177.0
23.0,284.0,24.0,70.0,7.0
100.0,296.0,147.0,81.0,205.0
489.0,292.0,67.0,79.0,32.0
80.0,386.0,99.0,173.0,128.0
60.0,173.0,71.0,30.0,19.0
0.0,78.0,0.0,1.0,0.0
140.0,273.0,87.0,3.0,6.0
59.0,252.0,69.0,88.0,38.0
93.0,25.0,20.0,2.0,3.0
190.0,139.0,36.0,7.0,7.0
92.0,140.0,45.0,22.0,14.0
29.0,282.0,105.0,62.0,154.0
45.0,221.0,55.0,37.0,21.0
106.0,313.0,153.0,102.0,50.0
100.0,343.0,147.0,131.0,283.0
59.0,278.0,65.0,62.0,89.0
43.0,138.0,40.0,18.0,11.0
51.0,173.0,59.0,28.0,22.0
190.0,25.0,44.0,2.0,4.0
256.0,237.0,61.0,58.0,26.0
183.0,236.0,182.0,44.0,23.0
35.0,178.0,50.0,30.0,19.0
294.0,0.0,324.0,1.0,602.0
371.0,312.0,480.0,558.0,623.0
683.0,469.0,709.0,386.0,926.0
21.0,116.0,22.0,17.0,8.0
80.0,339.0,86.0,125.0,96.0
31.0,111.0,39.0,7.0,7.0
294.0,223.0,55.0,37.0,21.0
102.0,292.0,153.0,79.0,33.0
59.0,283.0,69.0,72.0,35.0
62.0,312.0,72.0,90.0,40.0
34.0,325.0,43.0,117.0,11.0
205.0,433.0,124.0,213.0,222.0
70.0,194.0,84.0,36.0,20.0
65.0,386.0,78.0,153.0,53.0
489.0,165.0,50.0,30.0,19.0
21.0,78.0,30.0,2.0,6.0
692.0,312.0,61.0,100.0,50.0
24.0,76.0,24.0,2.0,8.0
54.0,282.0,59.0,67.0,30.0
50.0,366.0,58.0,7.0,24.0
92.0,296.0,114.0,79.0,274.0
102.0,347.0,99.0,133.0,128.0
126.0,122.0,153.0,373.0,344.0
433.0,165.0,470.0,23.0,602.0
82.0,171.0,66.0,93.0,43.0
21.0,303.0,20.0,88.0,38.0
190.0,661.0,182.0,576.0,417.0
38.0,171.0,48.0,25.0,17.0
82.0,353.0,103.0,143.0,33.0
71.0,78.0,84.0,2.0,22.0
38.0,165.0,48.0,23.0,15.0
35.0,163.0,44.0,22.0,14.0
328.0,528.0,181.0,538.0,416.0
98.0,325.0,152.0,366.0,289.0
24.0,151.0,27.0,22.0,13.0
427.0,518.0,74.0,34.0,18.0
99.0,265.0,153.0,62.0,29.0
58.0,236.0,52.0,36.0,20.0
28.0,171.0,34.0,22.0,14.0
63.0,303.0,74.0,88.0,38.0
33.0,151.0,42.0,22.0,12.0
59.0,242.0,59.0,50.0,24.0
71.0,313.0,85.0,100.0,81.0
32.0,278.0,24.0,66.0,30.0
28.0,122.0,33.0,17.0,8.0
62.0,301.0,70.0,83.0,36.0
67.0,317.0,78.0,102.0,53.0
46.0,236.0,55.0,41.0,22.0
77.0,153.0,88.0,22.0,13.0
197.0,404.0,200.0,202.0,429.0
240.0,240.0,57.0,47.0,24.0
206.0,647.0,224.0,558.0,431.0
65.0,353.0,78.0,131.0,60.0
50.0,221.0,54.0,37.0,20.0
45.0,221.0,55.0,37.0,21.0
40.0,165.0,44.0,22.0,12.0
70.0,330.0,84.0,117.0,76.0
52.0,247.0,59.0,52.0,25.0
90.0,437.0,107.0,214.0,173.0
96.0,217.0,55.0,37.0,21.0
82.0,480.0,123.0,366.0,194.0
294.0,205.0,48.0,36.0,19.0
69.0,330.0,85.0,118.0,78.0
59.0,308.0,66.0,72.0,31.0
20.0,197.0,49.0,30.0,19.0
27.0,191.0,24.0,3.0,7.0
61.0,151.0,44.0,22.0,14.0
49.0,289.0,56.0,70.0,31.0
205.0,337.0,164.0,121.0,369.0
45.0,248.0,100.0,51.0,25.0
80.0,354.0,99.0,151.0,124.0
49.0,217.0,56.0,36.0,24.0
285.0,299.0,107.0,79.0,157.0
49.0,296.0,58.0,50.0,24.0
102.0,519.0,156.0,428.0,364.0
59.0,278.0,66.0,66.0,26.0
80.0,325.0,100.0,110.0,41.0
70.0,273.0,84.0,83.0,76.0
70.0,326.0,84.0,117.0,76.0
54.0,257.0,60.0,59.0,26.0
206.0,284.0,224.0,622.0,453.0
555.0,330.0,709.0,468.0,926.0
43.0,197.0,52.0,36.0,20.0
59.0,647.0,66.0,36.0,20.0
48.0,228.0,56.0,41.0,22.0
59.0,348.0,69.0,135.0,155.0
52.0,284.0,59.0,59.0,26.0
91.0,248.0,116.0,223.0,174.0
59.0,347.0,87.0,133.0,107.0
59.0,386.0,65.0,76.0,32.0
128.0,319.0,153.0,110.0,334.0
294.0,518.0,156.0,373.0,364.0
43.0,78.0,52.0,2.0,7.0
160.0,148.0,65.0,93.0,42.0
59.0,283.0,65.0,72.0,31.0
59.0,171.0,48.0,25.0,17.0
208.0,650.0,226.0,585.0,477.0
186.0,273.0,182.0,589.0,417.0
190.0,386.0,54.0,36.0,20.0
52.0,520.0,59.0,497.0,24.0
197.0,247.0,90.0,138.0,118.0
53.0,252.0,59.0,56.0,26.0
28.0,111.0,33.0,8.0,8.0
335.0,354.0,480.0,806.0,613.0
61.0,273.0,71.0,77.0,35.0
95.0,302.0,116.0,90.0,33.0
49.0,167.0,57.0,25.0,17.0
71.0,354.0,85.0,151.0,78.0
59.0,296.0,69.0,81.0,34.0
42.0,232.0,57.0,45.0,24.0
683.0,437.0,277.0,753.0,567.0
73.0,226.0,55.0,40.0,22.0
71.0,228.0,85.0,41.0,105.0
40.0,217.0,48.0,37.0,18.0
82.0,178.0,101.0,52.0,139.0
23.0,188.0,24.0,52.0,25.0
39.0,228.0,48.0,41.0,22.0
294.0,240.0,30.0,52.0,8.0
92.0,265.0,63.0,62.0,28.0
35.0,164.0,45.0,22.0,14.0
63.0,339.0,74.0,132.0,107.0
166.0,437.0,103.0,213.0,170.0
59.0,282.0,66.0,72.0,31.0
100.0,296.0,151.0,366.0,289.0
53.0,252.0,60.0,57.0,26.0
427.0,106.0,514.0,1.0,716.0
131.0,313.0,145.0,2.0,266.0
131.0,589.0,157.0,558.0,368.0
39.0,306.0,48.0,18.0,11.0
102.0,330.0,153.0,59.0,26.0
165.0,647.0,709.0,585.0,926.0
33.0,191.0,42.0,19.0,11.0
46.0,255.0,60.0,58.0,26.0
43.0,139.0,52.0,30.0,19.0
197.0,520.0,200.0,550.0,429.0
70.0,146.0,84.0,22.0,12.0
28.0,306.0,27.0,7.0,7.0
100.0,236.0,145.0,44.0,24.0
80.0,346.0,87.0,131.0,119.0
91.0,517.0,114.0,417.0,344.0
190.0,528.0,153.0,538.0,331.0
92.0,506.0,123.0,386.0,194.0
100.0,319.0,152.0,102.0,50.0
92.0,241.0,69.0,57.0,26.0
59.0,283.0,68.0,76.0,32.0
59.0,273.0,65.0,64.0,29.0
73.0,354.0,88.0,151.0,109.0
63.0,289.0,73.0,77.0,43.0
71.0,308.0,85.0,90.0,89.0
48.0,248.0,60.0,52.0,25.0
21.0,217.0,22.0,2.0,1.0
43.0,301.0,52.0,36.0,20.0
91.0,438.0,107.0,214.0,170.0
80.0,375.0,99.0,211.0,128.0
28.0,165.0,33.0,13.0,8.0
59.0,284.0,69.0,77.0,33.0
231.0,156.0,74.0,81.0,35.0
53.0,199.0,63.0,36.0,29.0
28.0,163.0,33.0,22.0,8.0
489.0,296.0,526.0,81.0,716.0
48.0,165.0,56.0,25.0,18.0
49.0,193.0,56.0,34.0,22.0
64.0,296.0,72.0,80.0,43.0
58.0,223.0,63.0,37.0,29.0
65.0,89.0,77.0,10.0,12.0
100.0,520.0,149.0,373.0,303.0
205.0,217.0,57.0,47.0,24.0
28.0,116.0,27.0,7.0,7.0
21.0,25.0,20.0,2.0,3.0
683.0,139.0,728.0,17.0,8.0
48.0,306.0,40.0,88.0,11.0
59.0,302.0,68.0,77.0,33.0
131.0,255.0,24.0,57.0,11.0
192.0,528.0,175.0,538.0,417.0
49.0,205.0,58.0,36.0,24.0
61.0,304.0,71.0,88.0,37.0
133.0,469.0,151.0,376.0,303.0
128.0,528.0,157.0,538.0,369.0
80.0,346.0,93.0,152.0,124.0
61.0,449.0,74.0,57.0,28.0
48.0,223.0,56.0,37.0,24.0
71.0,339.0,85.0,125.0,89.0
80.0,247.0,85.0,50.0,107.0
63.0,303.0,36.0,88.0,37.0
64.0,386.0,124.0,173.0,173.0
80.0,517.0,153.0,417.0,344.0
192.0,308.0,66.0,83.0,36.0
294.0,265.0,367.0,211.0,926.0
78.0,226.0,90.0,38.0,110.0
62.0,301.0,72.0,83.0,36.0
23.0,156.0,30.0,22.0,12.0
59.0,296.0,63.0,81.0,35.0
91.0,292.0,30.0,22.0,8.0
487.0,78.0,526.0,3.0,154.0
160.0,299.0,165.0,83.0,369.0
40.0,240.0,58.0,47.0,24.0
692.0,347.0,66.0,143.0,118.0
128.0,160.0,153.0,386.0,334.0
160.0,296.0,165.0,83.0,368.0
102.0,303.0,152.0,235.0,194.0
100.0,519.0,151.0,386.0,303.0
23.0,437.0,116.0,222.0,174.0
52.0,255.0,59.0,57.0,26.0
71.0,273.0,86.0,81.0,35.0
35.0,173.0,45.0,28.0,14.0
78.0,353.0,90.0,148.0,119.0
59.0,273.0,65.0,64.0,26.0
23.0,76.0,34.0,8.0,8.0
96.0,347.0,124.0,132.0,205.0
29.0,347.0,48.0,132.0,110.0
335.0,146.0,480.0,22.0,12.0
61.0,347.0,71.0,132.0,128.0
49.0,226.0,58.0,40.0,24.0
683.0,308.0,85.0,121.0,78.0
21.0,146.0,22.0,22.0,13.0
47.0,347.0,55.0,36.0,22.0
74.0,265.0,86.0,130.0,99.0
31.0,135.0,39.0,18.0,11.0
489.0,517.0,164.0,417.0,369.0
80.0,296.0,93.0,81.0,16.0
23.0,140.0,44.0,19.0,11.0
53.0,257.0,60.0,58.0,26.0
78.0,347.0,89.0,133.0,110.0
54.0,226.0,60.0,38.0,26.0
49.0,242.0,57.0,50.0,24.0
59.0,199.0,69.0,81.0,35.0
100.0,528.0,149.0,538.0,416.0
100.0,494.0,147.0,373.0,283.0
192.0,632.0,208.0,558.0,431.0
91.0,165.0,114.0,24.0,16.0
140.0,438.0,116.0,214.0,173.0
160.0,278.0,165.0,67.0,36.0
59.0,273.0,66.0,66.0,31.0
383.0,353.0,490.0,143.0,613.0
24.0,106.0,24.0,8.0,8.0
82.0,386.0,101.0,173.0,141.0
294.0,226.0,59.0,36.0,20.0
58.0,273.0,103.0,64.0,8.0
61.0,303.0,71.0,88.0,38.0
73.0,437.0,68.0,77.0,33.0
294.0,312.0,72.0,100.0,47.0
131.0,494.0,157.0,367.0,368.0
70.0,301.0,84.0,117.0,76.0
91.0,386.0,107.0,173.0,155.0
489.0,228.0,58.0,41.0,22.0
45.0,217.0,55.0,36.0,20.0
43.0,140.0,55.0,23.0,16.0
131.0,296.0,156.0,290.0,368.0
48.0,265.0,56.0,45.0,23.0
63.0,284.0,69.0,77.0,33.0
126.0,518.0,153.0,417.0,344.0
80.0,353.0,99.0,121.0,128.0
80.0,353.0,99.0,150.0,128.0
27.0,164.0,27.0,7.0,7.0
96.0,494.0,99.0,152.0,124.0
102.0,482.0,151.0,366.0,303.0
21.0,303.0,20.0,2.0,3.0
28.0,353.0,27.0,30.0,16.0
99.0,240.0,114.0,47.0,24.0
555.0,518.0,709.0,428.0,361.0
315.0,480.0,367.0,841.0,722.0
133.0,528.0,165.0,538.0,386.0
59.0,283.0,69.0,72.0,35.0
240.0,650.0,324.0,558.0,623.0
91.0,140.0,40.0,19.0,11.0
46.0,217.0,55.0,37.0,21.0
692.0,163.0,175.0,861.0,722.0
61.0,308.0,71.0,88.0,37.0
90.0,156.0,107.0,8.0,222.0
213.0,347.0,145.0,309.0,266.0
231.0,335.0,277.0,622.0,567.0
35.0,167.0,44.0,22.0,13.0
59.0,330.0,69.0,168.0,24.0
383.0,237.0,480.0,62.0,613.0
59.0,301.0,65.0,83.0,34.0
93.0,308.0,123.0,88.0,37.0
81.0,205.0,99.0,37.0,128.0
33.0,106.0,41.0,18.0,11.0
40.0,228.0,48.0,41.0,24.0
59.0,292.0,68.0,79.0,32.0
79.0,438.0,77.0,100.0,49.0
37.0,173.0,48.0,28.0,18.0
28.0,312.0,63.0,70.0,31.0
29.0,122.0,36.0,17.0,8.0
32.0,337.0,45.0,121.0,76.0
166.0,589.0,182.0,558.0,417.0
285.0,589.0,324.0,558.0,602.0
215.0,650.0,224.0,585.0,453.0
92.0,314.0,88.0,130.0,107.0
100.0,278.0,36.0,62.0,28.0
38.0,199.0,48.0,36.0,20.0
96.0,528.0,126.0,538.0,369.0
35.0,146.0,44.0,17.0,14.0
58.0,140.0,63.0,19.0,11.0
100.0,519.0,151.0,618.0,303.0
59.0,284.0,67.0,77.0,32.0
102.0,163.0,47.0,22.0,15.0
29.0,116.0,34.0,17.0,8.0
80.0,226.0,87.0,37.0,19.0
28.0,223.0,90.0,37.0,21.0
63.0,329.0,74.0,30.0,19.0
78.0,353.0,90.0,148.0,118.0
61.0,296.0,71.0,81.0,40.0
78.0,353.0,90.0,137.0,118.0
63.0,297.0,72.0,82.0,43.0
421.0,226.0,61.0,38.0,22.0
40.0,138.0,48.0,19.0,18.0
67.0,353.0,78.0,143.0,44.0
59.0,205.0,101.0,36.0,20.0
61.0,217.0,71.0,88.0,38.0
699.0,330.0,604.0,118.0,722.0
861.0,647.0,822.0,576.0,963.0
160.0,228.0,175.0,558.0,431.0
82.0,146.0,103.0,20.0,177.0
91.0,312.0,114.0,100.0,47.0
63.0,303.0,78.0,88.0,37.0
63.0,306.0,72.0,97.0,43.0
213.0,138.0,164.0,18.0,11.0
102.0,474.0,153.0,290.0,331.0
43.0,165.0,51.0,23.0,19.0
215.0,167.0,175.0,223.0,177.0
64.0,301.0,74.0,87.0,44.0
20.0,116.0,30.0,3.0,7.0
231.0,296.0,277.0,80.0,567.0
91.0,494.0,114.0,373.0,303.0
58.0,284.0,65.0,77.0,33.0
53.0,282.0,90.0,214.0,118.0
45.0,247.0,55.0,50.0,24.0
61.0,232.0,55.0,41.0,22.0
231.0,386.0,237.0,173.0,141.0
285.0,335.0,85.0,118.0,78.0
63.0,518.0,72.0,497.0,38.0
99.0,308.0,822.0,83.0,36.0
279.0,139.0,298.0,90.0,38.0
955.0,302.0,57.0,87.0,36.0
40.0,226.0,55.0,38.0,22.0
100.0,518.0,151.0,373.0,289.0
0.0,215.0,0.0,2.0,0.0
90.0,221.0,107.0,56.0,26.0
279.0,248.0,298.0,51.0,24.0
128.0,517.0,156.0,428.0,364.0
43.0,165.0,52.0,30.0,19.0
999.0,247.0,999.0,50.0,999.0
33.0,193.0,41.0,34.0,11.0
80.0,354.0,100.0,151.0,128.0
35.0,240.0,45.0,41.0,22.0
47.0,223.0,55.0,37.0,22.0
42.0,122.0,77.0,17.0,8.0
91.0,308.0,114.0,211.0,160.0
766.0,0.0,244.0,0.0,509.0
91.0,518.0,155.0,428.0,361.0
96.0,226.0,69.0,38.0,19.0
35.0,156.0,44.0,22.0,14.0
47.0,171.0,55.0,25.0,16.0
33.0,165.0,42.0,23.0,11.0
91.0,404.0,103.0,202.0,151.0
59.0,278.0,65.0,67.0,31.0
91.0,449.0,116.0,226.0,181.0
93.0,445.0,116.0,213.0,33.0
215.0,520.0,181.0,538.0,416.0
63.0,308.0,74.0,93.0,41.0
29.0,0.0,55.0,0.0,21.0
197.0,78.0,226.0,589.0,579.0
131.0,469.0,156.0,223.0,364.0
42.0,25.0,48.0,22.0,15.0
59.0,255.0,65.0,58.0,26.0
80.0,228.0,93.0,57.0,119.0
91.0,301.0,114.0,83.0,35.0
98.0,265.0,139.0,52.0,205.0
52.0,164.0,59.0,22.0,26.0
59.0,296.0,69.0,83.0,36.0
315.0,347.0,352.0,131.0,7.0
96.0,650.0,189.0,589.0,477.0
35.0,163.0,44.0,22.0,11.0
59.0,284.0,69.0,82.0,35.0
64.0,138.0,74.0,19.0,11.0
45.0,247.0,55.0,50.0,22.0
208.0,193.0,237.0,34.0,20.0
59.0,282.0,68.0,72.0,31.0
29.0,135.0,77.0,22.0,14.0
82.0,153.0,103.0,22.0,151.0
427.0,520.0,514.0,538.0,386.0
61.0,317.0,71.0,102.0,41.0
33.0,160.0,36.0,13.0,8.0
59.0,278.0,71.0,67.0,31.0
683.0,278.0,156.0,376.0,364.0
205.0,580.0,182.0,550.0,417.0
63.0,296.0,74.0,81.0,35.0
335.0,140.0,480.0,19.0,623.0
42.0,236.0,57.0,47.0,24.0
192.0,139.0,175.0,19.0,274.0
28.0,449.0,27.0,3.0,7.0
100.0,205.0,147.0,26.0,274.0
59.0,296.0,69.0,82.0,35.0
231.0,283.0,277.0,72.0,567.0
58.0,312.0,63.0,97.0,24.0
77.0,354.0,85.0,137.0,78.0
28.0,197.0,139.0,367.0,303.0
98.0,312.0,58.0,70.0,31.0
38.0,241.0,48.0,22.0,14.0
49.0,236.0,56.0,44.0,24.0
77.0,217.0,55.0,37.0,21.0
31.0,308.0,39.0,18.0,11.0
77.0,167.0,72.0,25.0,17.0
42.0,163.0,52.0,36.0,20.0
52.0,241.0,59.0,50.0,25.0
80.0,347.0,99.0,133.0,128.0
47.0,139.0,40.0,18.0,11.0
32.0,138.0,40.0,18.0,11.0
96.0,445.0,120.0,226.0,181.0
46.0,171.0,70.0,66.0,30.0
53.0,255.0,60.0,58.0,26.0
49.0,167.0,55.0,25.0,17.0
71.0,361.0,85.0,137.0,107.0
58.0,106.0,72.0,50.0,24.0
33.0,171.0,57.0,25.0,17.0
35.0,205.0,44.0,25.0,11.0
59.0,226.0,65.0,43.0,23.0
65.0,302.0,20.0,87.0,17.0
21.0,140.0,42.0,19.0,11.0
58.0,165.0,48.0,30.0,18.0
70.0,347.0,84.0,102.0,44.0
82.0,260.0,89.0,172.0,107.0
48.0,228.0,56.0,41.0,22.0
102.0,517.0,153.0,417.0,344.0
49.0,156.0,59.0,22.0,14.0
64.0,278.0,65.0,67.0,31.0
52.0,347.0,114.0,133.0,107.0
59.0,438.0,69.0,214.0,160.0
487.0,353.0,244.0,148.0,509.0
39.0,167.0,48.0,25.0,17.0
35.0,248.0,44.0,22.0,16.0
206.0,146.0,224.0,20.0,368.0
78.0,482.0,90.0,366.0,287.0
80.0,284.0,100.0,76.0,32.0
315.0,292.0,60.0,58.0,26.0
78.0,237.0,90.0,148.0,118.0
52.0,237.0,59.0,45.0,26.0
279.0,437.0,298.0,222.0,613.0
49.0,221.0,59.0,56.0,19.0
59.0,292.0,69.0,80.0,35.0
166.0,650.0,152.0,589.0,453.0
183.0,337.0,78.0,121.0,128.0
49.0,317.0,56.0,102.0,53.0
81.0,312.0,101.0,137.0,157.0
69.0,140.0,41.0,19.0,11.0
205.0,519.0,153.0,428.0,429.0
33.0,146.0,41.0,20.0,11.0
59.0,296.0,65.0,58.0,31.0
126.0,433.0,153.0,213.0,368.0
91.0,301.0,86.0,131.0,101.0
28.0,122.0,33.0,17.0,8.0
20.0,335.0,22.0,2.0,1.0
65.0,319.0,78.0,102.0,53.0
70.0,375.0,84.0,172.0,89.0
48.0,252.0,56.0,56.0,22.0
28.0,222.0,33.0,8.0,7.0
489.0,237.0,728.0,45.0,24.0
45.0,301.0,52.0,34.0,20.0
999.0,297.0,999.0,81.0,999.0
71.0,265.0,86.0,62.0,24.0
59.0,273.0,65.0,66.0,30.0
59.0,301.0,70.0,83.0,36.0
91.0,347.0,90.0,133.0,115.0
206.0,999.0,224.0,999.0,602.0
100.0,437.0,105.0,214.0,154.0
294.0,146.0,145.0,2.0,266.0
28.0,0.0,27.0,0.0,7.0
192.0,193.0,182.0,806.0,417.0
46.0,260.0,58.0,62.0,24.0
315.0,330.0,88.0,117.0,105.0
59.0,217.0,63.0,62.0,29.0
49.0,247.0,58.0,50.0,24.0
73.0,347.0,99.0,148.0,128.0
256.0,268.0,291.0,102.0,579.0
32.0,193.0,44.0,30.0,8.0
48.0,228.0,56.0,41.0,22.0
45.0,217.0,55.0,37.0,21.0
65.0,146.0,78.0,20.0,53.0
59.0,433.0,151.0,213.0,170.0
37.0,215.0,55.0,41.0,22.0
35.0,164.0,45.0,23.0,15.0
80.0,312.0,93.0,137.0,115.0
58.0,240.0,62.0,41.0,22.0
421.0,236.0,514.0,44.0,24.0
99.0,482.0,151.0,366.0,287.0
64.0,314.0,76.0,100.0,49.0
45.0,232.0,55.0,40.0,22.0
206.0,528.0,224.0,538.0,386.0
80.0,233.0,99.0,41.0,128.0
47.0,296.0,55.0,81.0,22.0
489.0,304.0,61.0,88.0,24.0
82.0,167.0,103.0,25.0,148.0
240.0,241.0,86.0,47.0,7.0
90.0,406.0,107.0,204.0,155.0
63.0,304.0,74.0,88.0,43.0
43.0,146.0,52.0,43.0,20.0
64.0,351.0,85.0,131.0,78.0
555.0,313.0,709.0,100.0,44.0
59.0,302.0,70.0,87.0,36.0
23.0,197.0,22.0,2.0,4.0
98.0,474.0,139.0,290.0,260.0
59.0,273.0,65.0,66.0,30.0
33.0,299.0,69.0,83.0,35.0
52.0,226.0,57.0,52.0,24.0
23.0,301.0,24.0,2.0,3.0
71.0,178.0,85.0,18.0,6.0
58.0,273.0,63.0,64.0,29.0
91.0,474.0,114.0,367.0,260.0
96.0,337.0,103.0,226.0,157.0
133.0,167.0,157.0,25.0,368.0
59.0,337.0,69.0,121.0,35.0
51.0,122.0,59.0,13.0,8.0
71.0,242.0,57.0,47.0,24.0
95.0,178.0,124.0,30.0,205.0
32.0,226.0,40.0,38.0,11.0
71.0,308.0,86.0,97.0,44.0
40.0,228.0,48.0,26.0,18.0
38.0,164.0,48.0,23.0,16.0
91.0,283.0,67.0,77.0,32.0
130.0,337.0,156.0,153.0,369.0
67.0,236.0,78.0,44.0,60.0
45.0,221.0,55.0,37.0,21.0
98.0,292.0,68.0,79.0,33.0
70.0,347.0,84.0,132.0,89.0
43.0,0.0,20.0,0.0,0.0
79.0,386.0,92.0,173.0,128.0
59.0,312.0,69.0,97.0,40.0
59.0,312.0,66.0,93.0,42.0
59.0,284.0,69.0,76.0,35.0
33.0,140.0,41.0,19.0,11.0
160.0,306.0,165.0,118.0,78.0
35.0,146.0,45.0,22.0,14.0
213.0,236.0,56.0,44.0,23.0
64.0,337.0,69.0,64.0,29.0
100.0,517.0,189.0,538.0,416.0
59.0,296.0,69.0,81.0,34.0
64.0,301.0,73.0,81.0,35.0
59.0,308.0,69.0,90.0,40.0
65.0,314.0,77.0,100.0,49.0
59.0,296.0,69.0,80.0,33.0
43.0,167.0,52.0,36.0,20.0
130.0,517.0,156.0,428.0,364.0
683.0,438.0,709.0,222.0,174.0
64.0,278.0,78.0,67.0,25.0
213.0,191.0,237.0,585.0,453.0
38.0,193.0,48.0,36.0,20.0
73.0,248.0,86.0,52.0,25.0
555.0,228.0,709.0,40.0,926.0
77.0,361.0,89.0,135.0,110.0
59.0,248.0,69.0,2.0,22.0
39.0,171.0,48.0,25.0,17.0
48.0,296.0,56.0,44.0,24.0
40.0,260.0,59.0,52.0,25.0
46.0,221.0,55.0,37.0,21.0
71.0,146.0,86.0,22.0,119.0
86.0,194.0,85.0,172.0,128.0
552.0,257.0,54.0,36.0,20.0
82.0,302.0,101.0,172.0,141.0
59.0,171.0,68.0,27.0,33.0
91.0,330.0,84.0,117.0,76.0
215.0,647.0,200.0,576.0,429.0
61.0,329.0,71.0,117.0,76.0
28.0,116.0,27.0,17.0,8.0
78.0,438.0,90.0,222.0,119.0
45.0,528.0,55.0,34.0,22.0
279.0,223.0,298.0,37.0,21.0
80.0,197.0,93.0,36.0,16.0
190.0,240.0,59.0,52.0,25.0
130.0,282.0,157.0,72.0,368.0
35.0,205.0,44.0,36.0,14.0
49.0,255.0,58.0,57.0,26.0
206.0,661.0,244.0,576.0,509.0
692.0,248.0,728.0,62.0,28.0
240.0,520.0,291.0,538.0,567.0
256.0,205.0,291.0,367.0,151.0
256.0,339.0,137.0,121.0,73.0
29.0,122.0,34.0,17.0,8.0
692.0,171.0,709.0,25.0,17.0
59.0,312.0,66.0,67.0,31.0
96.0,228.0,86.0,62.0,96.0
131.0,354.0,157.0,195.0,368.0
82.0,375.0,101.0,172.0,139.0
71.0,329.0,85.0,117.0,78.0
92.0,346.0,120.0,211.0,177.0
34.0,191.0,43.0,22.0,12.0
140.0,146.0,24.0,20.0,8.0
45.0,217.0,55.0,37.0,21.0
59.0,273.0,68.0,66.0,30.0
69.0,348.0,77.0,130.0,60.0
59.0,282.0,69.0,76.0,35.0
59.0,265.0,66.0,83.0,35.0
33.0,76.0,56.0,3.0,24.0
41.0,178.0,50.0,30.0,19.0
58.0,236.0,101.0,44.0,26.0
294.0,221.0,224.0,589.0,453.0
54.0,237.0,61.0,47.0,24.0
487.0,313.0,244.0,100.0,50.0
20.0,25.0,0.0,0.0,0.0
100.0,386.0,149.0,353.0,287.0
80.0,139.0,24.0,19.0,11.0
31.0,165.0,39.0,24.0,14.0
69.0,178.0,48.0,30.0,20.0
130.0,361.0,96.0,152.0,123.0
100.0,191.0,165.0,367.0,303.0
99.0,308.0,175.0,90.0,40.0
77.0,171.0,89.0,26.0,25.0
72.0,339.0,86.0,125.0,96.0
98.0,437.0,107.0,213.0,157.0
43.0,228.0,55.0,41.0,22.0
81.0,330.0,101.0,117.0,96.0
34.0,163.0,44.0,22.0,14.0
80.0,233.0,99.0,43.0,128.0
78.0,284.0,90.0,70.0,118.0
133.0,164.0,151.0,17.0,274.0
27.0,226.0,27.0,38.0,11.0
38.0,165.0,47.0,23.0,15.0
82.0,354.0,103.0,151.0,123.0
24.0,153.0,27.0,19.0,11.0
45.0,25.0,9.0,2.0,8.0
256.0,156.0,78.0,22.0,14.0
59.0,278.0,66.0,67.0,31.0
32.0,163.0,40.0,18.0,11.0
28.0,76.0,27.0,28.0,18.0
71.0,283.0,83.0,76.0,64.0
60.0,347.0,71.0,81.0,36.0
160.0,278.0,165.0,72.0,31.0
62.0,312.0,72.0,90.0,38.0
91.0,222.0,114.0,37.0,177.0
77.0,438.0,85.0,222.0,174.0
28.0,296.0,30.0,81.0,8.0
39.0,237.0,56.0,41.0,22.0
279.0,265.0,87.0,7.0,89.0
82.0,375.0,101.0,172.0,139.0
63.0,268.0,63.0,62.0,29.0
766.0,111.0,34.0,10.0,8.0
64.0,330.0,92.0,204.0,155.0
96.0,510.0,152.0,386.0,334.0
77.0,284.0,68.0,77.0,33.0
487.0,289.0,537.0,202.0,722.0
166.0,330.0,175.0,117.0,266.0
82.0,217.0,71.0,36.0,20.0
49.0,233.0,56.0,45.0,24.0
28.0,240.0,56.0,47.0,24.0
93.0,353.0,126.0,150.0,205.0
96.0,14.0,22.0,1.0,15.0
205.0,339.0,105.0,125.0,154.0
421.0,232.0,514.0,36.0,20.0
59.0,296.0,69.0,79.0,34.0
131.0,122.0,157.0,17.0,368.0
45.0,217.0,55.0,37.0,21.0
33.0,242.0,36.0,50.0,22.0
48.0,217.0,56.0,37.0,22.0
40.0,167.0,48.0,25.0,17.0
40.0,165.0,48.0,23.0,18.0
40.0,146.0,48.0,20.0,18.0
240.0,520.0,291.0,538.0,579.0
49.0,160.0,56.0,22.0,26.0
699.0,494.0,36.0,192.0,148.0
552.0,313.0,208.0,558.0,431.0
28.0,172.0,45.0,22.0,14.0
335.0,160.0,480.0,22.0,613.0
43.0,301.0,48.0,83.0,18.0
60.0,284.0,71.0,77.0,32.0
92.0,335.0,114.0,30.0,7.0
67.0,329.0,78.0,110.0,50.0
74.0,122.0,48.0,77.0,33.0
48.0,163.0,48.0,22.0,13.0
45.0,217.0,55.0,37.0,21.0
59.0,330.0,69.0,117.0,64.0
63.0,339.0,63.0,62.0,29.0
72.0,330.0,86.0,130.0,99.0
33.0,156.0,44.0,22.0,14.0
186.0,282.0,182.0,58.0,417.0
49.0,438.0,57.0,222.0,26.0
34.0,140.0,43.0,19.0,11.0
71.0,346.0,86.0,131.0,99.0
100.0,999.0,490.0,999.0,657.0
49.0,351.0,87.0,110.0,110.0
28.0,236.0,34.0,30.0,8.0
285.0,302.0,200.0,87.0,36.0
80.0,140.0,33.0,19.0,8.0
69.0,347.0,83.0,135.0,154.0
205.0,330.0,224.0,117.0,78.0
80.0,278.0,67.0,79.0,32.0
32.0,135.0,40.0,18.0,11.0
421.0,999.0,514.0,999.0,657.0
58.0,237.0,151.0,22.0,1.0
43.0,193.0,52.0,34.0,20.0
59.0,191.0,66.0,67.0,31.0
33.0,25.0,40.0,19.0,11.0
33.0,302.0,52.0,88.0,25.0
71.0,296.0,85.0,81.0,35.0
40.0,163.0,48.0,22.0,18.0
165.0,273.0,164.0,66.0,368.0
90.0,404.0,107.0,202.0,155.0
54.0,278.0,59.0,67.0,26.0
82.0,221.0,103.0,36.0,21.0
63.0,139.0,69.0,19.0,11.0
128.0,474.0,155.0,428.0,361.0
206.0,106.0,224.0,861.0,623.0
43.0,193.0,51.0,34.0,20.0
63.0,312.0,74.0,100.0,47.0
63.0,273.0,67.0,66.0,30.0
433.0,303.0,526.0,841.0,722.0
206.0,188.0,225.0,589.0,453.0
67.0,278.0,78.0,52.0,29.0
35.0,156.0,47.0,22.0,15.0
190.0,528.0,164.0,538.0,369.0
91.0,282.0,55.0,36.0,20.0
92.0,449.0,121.0,226.0,181.0
71.0,222.0,85.0,36.0,89.0
38.0,164.0,48.0,22.0,18.0
63.0,312.0,74.0,100.0,47.0
43.0,148.0,52.0,22.0,14.0
35.0,178.0,50.0,30.0,19.0
63.0,205.0,50.0,30.0,19.0
54.0,146.0,63.0,22.0,11.0
45.0,223.0,55.0,37.0,21.0
59.0,273.0,63.0,64.0,29.0
24.0,193.0,52.0,36.0,20.0
213.0,353.0,92.0,143.0,118.0
186.0,437.0,165.0,213.0,99.0
49.0,240.0,58.0,47.0,24.0
215.0,193.0,51.0,34.0,19.0
73.0,351.0,87.0,131.0,107.0
80.0,233.0,93.0,40.0,23.0
216.0,247.0,57.0,50.0,24.0
59.0,257.0,65.0,62.0,28.0
206.0,304.0,71.0,88.0,38.0
65.0,297.0,78.0,82.0,35.0
43.0,193.0,50.0,34.0,8.0
70.0,292.0,78.0,79.0,36.0
80.0,354.0,99.0,151.0,128.0
63.0,241.0,73.0,50.0,24.0
29.0,308.0,34.0,93.0,8.0
166.0,164.0,40.0,18.0,10.0
100.0,366.0,149.0,195.0,289.0
371.0,433.0,470.0,806.0,613.0
206.0,329.0,225.0,117.0,78.0
160.0,197.0,165.0,36.0,194.0
84.0,445.0,105.0,222.0,154.0
45.0,151.0,55.0,22.0,24.0
192.0,296.0,69.0,81.0,35.0
45.0,221.0,55.0,37.0,21.0
59.0,297.0,69.0,82.0,35.0
371.0,278.0,63.0,62.0,29.0
32.0,146.0,40.0,20.0,11.0
23.0,241.0,27.0,34.0,8.0
102.0,282.0,152.0,72.0,32.0
86.0,404.0,105.0,202.0,155.0
133.0,520.0,147.0,214.0,289.0
78.0,353.0,90.0,143.0,118.0
427.0,330.0,78.0,117.0,81.0
49.0,240.0,58.0,50.0,24.0
59.0,205.0,68.0,79.0,33.0
70.0,339.0,84.0,131.0,101.0
102.0,308.0,151.0,88.0,41.0
383.0,647.0,490.0,223.0,177.0
78.0,165.0,90.0,23.0,110.0
46.0,222.0,55.0,37.0,21.0
73.0,171.0,74.0,27.0,18.0
59.0,289.0,66.0,77.0,33.0
35.0,445.0,44.0,8.0,8.0
82.0,226.0,123.0,30.0,19.0
20.0,171.0,48.0,23.0,15.0
59.0,296.0,69.0,81.0,34.0
57.0,236.0,57.0,44.0,24.0
61.0,296.0,71.0,80.0,35.0
35.0,273.0,44.0,36.0,20.0
45.0,236.0,55.0,44.0,22.0
45.0,221.0,55.0,37.0,21.0
28.0,348.0,20.0,2.0,3.0
80.0,265.0,100.0,172.0,139.0
80.0,282.0,92.0,77.0,119.0
315.0,329.0,92.0,117.0,119.0
23.0,273.0,36.0,57.0,0.0
29.0,226.0,36.0,34.0,20.0
28.0,273.0,63.0,64.0,29.0
43.0,153.0,44.0,22.0,14.0
63.0,308.0,72.0,90.0,40.0
165.0,519.0,164.0,497.0,368.0
427.0,404.0,514.0,168.0,128.0
50.0,106.0,55.0,8.0,22.0
71.0,339.0,86.0,125.0,96.0
38.0,173.0,48.0,28.0,18.0
33.0,228.0,58.0,41.0,22.0
45.0,222.0,55.0,37.0,21.0
489.0,193.0,44.0,22.0,14.0
683.0,650.0,728.0,589.0,963.0
206.0,172.0,224.0,27.0,602.0
91.0,257.0,121.0,100.0,47.0
279.0,325.0,298.0,2.0,3.0
54.0,335.0,61.0,100.0,49.0
82.0,437.0,103.0,211.0,148.0
57.0,217.0,604.0,36.0,20.0
77.0,354.0,88.0,150.0,120.0
130.0,518.0,156.0,428.0,364.0
49.0,317.0,57.0,47.0,24.0
67.0,301.0,78.0,83.0,35.0
27.0,171.0,30.0,25.0,8.0
128.0,506.0,155.0,367.0,287.0
84.0,366.0,99.0,131.0,128.0
61.0,303.0,71.0,88.0,37.0
91.0,517.0,114.0,204.0,173.0
91.0,506.0,114.0,3.0,1.0
216.0,278.0,137.0,117.0,76.0
48.0,252.0,56.0,41.0,22.0
231.0,438.0,124.0,222.0,174.0
35.0,151.0,45.0,22.0,14.0
208.0,308.0,77.0,93.0,50.0
64.0,252.0,72.0,56.0,43.0
54.0,278.0,60.0,30.0,26.0
63.0,312.0,74.0,97.0,42.0
84.0,314.0,139.0,51.0,25.0
315.0,160.0,537.0,22.0,722.0
45.0,146.0,43.0,18.0,11.0
91.0,260.0,116.0,214.0,173.0
48.0,236.0,56.0,44.0,23.0
29.0,223.0,54.0,37.0,21.0
70.0,255.0,84.0,57.0,38.0
216.0,330.0,291.0,83.0,567.0
49.0,273.0,57.0,64.0,26.0
82.0,217.0,99.0,38.0,124.0
315.0,517.0,155.0,428.0,361.0
489.0,116.0,537.0,10.0,722.0
59.0,284.0,68.0,77.0,32.0
100.0,437.0,145.0,211.0,266.0
102.0,386.0,101.0,173.0,141.0
70.0,386.0,84.0,110.0,76.0
23.0,111.0,20.0,2.0,3.0
63.0,317.0,72.0,117.0,81.0
67.0,314.0,76.0,102.0,50.0
0.0,0.0,0.0,0.0,0.0
43.0,469.0,52.0,37.0,25.0
59.0,217.0,66.0,36.0,24.0
46.0,312.0,43.0,100.0,47.0
90.0,449.0,107.0,211.0,157.0
31.0,139.0,36.0,22.0,14.0
43.0,178.0,51.0,30.0,19.0
766.0,205.0,126.0,36.0,60.0
61.0,297.0,71.0,82.0,44.0
43.0,178.0,52.0,36.0,20.0
427.0,241.0,514.0,62.0,29.0
82.0,164.0,126.0,23.0,19.0
683.0,650.0,728.0,576.0,963.0
80.0,353.0,126.0,148.0,25.0
28.0,252.0,27.0,7.0,7.0
489.0,25.0,526.0,2.0,716.0
43.0,228.0,52.0,41.0,22.0
100.0,517.0,147.0,417.0,344.0
20.0,283.0,66.0,76.0,31.0
57.0,165.0,48.0,24.0,15.0
31.0,146.0,39.0,20.0,11.0
48.0,173.0,56.0,28.0,18.0
96.0,194.0,52.0,36.0,20.0
102.0,241.0,151.0,34.0,283.0
20.0,148.0,24.0,22.0,12.0
92.0,445.0,116.0,223.0,174.0
205.0,233.0,48.0,34.0,21.0
70.0,284.0,83.0,88.0,38.0
126.0,474.0,153.0,309.0,331.0
100.0,517.0,155.0,428.0,361.0
82.0,404.0,103.0,192.0,151.0
59.0,386.0,70.0,173.0,60.0
160.0,172.0,49.0,22.0,15.0
166.0,520.0,175.0,497.0,369.0
77.0,165.0,89.0,24.0,109.0
39.0,319.0,60.0,88.0,36.0
28.0,106.0,27.0,7.0,7.0
77.0,122.0,88.0,137.0,109.0
28.0,296.0,33.0,22.0,8.0
28.0,240.0,27.0,47.0,7.0
80.0,289.0,99.0,152.0,124.0
42.0,237.0,56.0,45.0,24.0
61.0,236.0,74.0,44.0,23.0
50.0,273.0,58.0,66.0,30.0
86.0,469.0,107.0,235.0,157.0
71.0,329.0,90.0,137.0,118.0
80.0,351.0,93.0,138.0,109.0
294.0,193.0,480.0,18.0,369.0
59.0,283.0,66.0,57.0,26.0
49.0,237.0,57.0,45.0,24.0
100.0,650.0,126.0,589.0,477.0
33.0,140.0,41.0,19.0,11.0
215.0,528.0,175.0,538.0,416.0
71.0,353.0,85.0,125.0,89.0
64.0,306.0,76.0,100.0,49.0
91.0,242.0,57.0,47.0,24.0
65.0,282.0,78.0,22.0,139.0
42.0,181.0,50.0,30.0,19.0
165.0,178.0,56.0,30.0,19.0
58.0,273.0,63.0,64.0,29.0
192.0,661.0,189.0,558.0,429.0
78.0,284.0,90.0,19.0,118.0
20.0,308.0,70.0,90.0,40.0
40.0,165.0,48.0,24.0,18.0
102.0,518.0,153.0,366.0,331.0
294.0,506.0,324.0,373.0,602.0
20.0,306.0,20.0,2.0,3.0
190.0,236.0,61.0,44.0,23.0
61.0,215.0,71.0,88.0,35.0
78.0,339.0,87.0,132.0,107.0
699.0,661.0,822.0,373.0,417.0
215.0,173.0,42.0,28.0,18.0
50.0,217.0,58.0,36.0,20.0
32.0,135.0,40.0,18.0,11.0
20.0,191.0,9.0,2.0,3.0
72.0,329.0,85.0,117.0,89.0
69.0,240.0,76.0,50.0,22.0
53.0,257.0,60.0,58.0,26.0
206.0,164.0,189.0,23.0,15.0
63.0,297.0,73.0,82.0,43.0
90.0,518.0,107.0,468.0,369.0
183.0,339.0,181.0,125.0,96.0
427.0,437.0,514.0,428.0,623.0
32.0,146.0,40.0,25.0,11.0
91.0,445.0,116.0,223.0,174.0
100.0,353.0,149.0,213.0,170.0
59.0,255.0,70.0,59.0,36.0
91.0,517.0,182.0,538.0,416.0
383.0,999.0,490.0,999.0,657.0
216.0,999.0,367.0,806.0,613.0
71.0,217.0,86.0,37.0,21.0
41.0,146.0,50.0,20.0,11.0
82.0,217.0,48.0,36.0,16.0
38.0,178.0,48.0,30.0,19.0
65.0,301.0,71.0,81.0,24.0
63.0,347.0,123.0,135.0,368.0
80.0,151.0,87.0,22.0,14.0
133.0,164.0,165.0,23.0,15.0
59.0,282.0,85.0,72.0,32.0
48.0,337.0,56.0,57.0,24.0
98.0,265.0,123.0,62.0,26.0
21.0,138.0,20.0,2.0,3.0
186.0,632.0,182.0,558.0,417.0
102.0,437.0,151.0,367.0,287.0
70.0,325.0,84.0,93.0,38.0
552.0,650.0,728.0,585.0,963.0
59.0,335.0,86.0,118.0,99.0
58.0,273.0,63.0,66.0,30.0
59.0,240.0,71.0,47.0,24.0
77.0,302.0,85.0,87.0,78.0
40.0,191.0,48.0,34.0,18.0
82.0,146.0,103.0,18.0,154.0
208.0,242.0,114.0,50.0,24.0
91.0,449.0,114.0,222.0,174.0
861.0,354.0,100.0,151.0,123.0
71.0,146.0,85.0,22.0,11.0
58.0,156.0,45.0,27.0,12.0
63.0,313.0,74.0,102.0,33.0
131.0,178.0,156.0,18.0,364.0
79.0,292.0,71.0,79.0,41.0
59.0,282.0,66.0,72.0,31.0
197.0,517.0,153.0,428.0,344.0
82.0,330.0,101.0,125.0,96.0
72.0,312.0,86.0,30.0,19.0
91.0,304.0,103.0,88.0,37.0
54.0,292.0,68.0,79.0,32.0
43.0,313.0,72.0,2.0,3.0
421.0,163.0,537.0,8.0,722.0
52.0,228.0,59.0,41.0,24.0
70.0,326.0,84.0,117.0,76.0
42.0,172.0,50.0,30.0,19.0
433.0,482.0,526.0,366.0,722.0
65.0,265.0,73.0,62.0,42.0
206.0,146.0,225.0,172.0,139.0
65.0,242.0,77.0,59.0,35.0
102.0,510.0,151.0,367.0,289.0
58.0,282.0,67.0,77.0,33.0
72.0,353.0,71.0,88.0,37.0
0.0,0.0,0.0,0.0,0.0
80.0,314.0,103.0,100.0,49.0
64.0,313.0,74.0,100.0,47.0
70.0,335.0,84.0,90.0,40.0
63.0,228.0,70.0,83.0,36.0
98.0,301.0,120.0,83.0,36.0
100.0,354.0,147.0,150.0,266.0
86.0,325.0,101.0,115.0,139.0
100.0,337.0,151.0,70.0,303.0
34.0,228.0,57.0,41.0,24.0
54.0,257.0,72.0,58.0,26.0
38.0,148.0,48.0,22.0,13.0
27.0,25.0,24.0,1.0,1.0
63.0,252.0,72.0,117.0,43.0
59.0,260.0,66.0,52.0,24.0
100.0,506.0,151.0,373.0,303.0
192.0,164.0,44.0,23.0,15.0
43.0,278.0,44.0,67.0,31.0
91.0,437.0,116.0,214.0,173.0
80.0,647.0,105.0,589.0,287.0
65.0,255.0,78.0,58.0,26.0
98.0,469.0,121.0,286.0,260.0
192.0,122.0,189.0,17.0,602.0
80.0,217.0,43.0,37.0,11.0
40.0,223.0,48.0,37.0,18.0
62.0,25.0,74.0,2.0,3.0
315.0,173.0,143.0,100.0,141.0
279.0,437.0,298.0,622.0,509.0
197.0,241.0,200.0,47.0,24.0
59.0,308.0,69.0,88.0,37.0
160.0,248.0,165.0,18.0,60.0
48.0,228.0,56.0,41.0,22.0
27.0,140.0,36.0,18.0,8.0
59.0,308.0,65.0,51.0,24.0
21.0,122.0,20.0,2.0,3.0
27.0,296.0,44.0,82.0,35.0
206.0,139.0,137.0,226.0,177.0
40.0,940.0,51.0,36.0,20.0
80.0,171.0,101.0,28.0,18.0
38.0,296.0,48.0,82.0,154.0
53.0,361.0,60.0,138.0,26.0
102.0,366.0,367.0,806.0,613.0
130.0,517.0,155.0,428.0,364.0
58.0,301.0,63.0,83.0,31.0
70.0,308.0,84.0,110.0,60.0
98.0,304.0,72.0,88.0,40.0
61.0,163.0,72.0,22.0,14.0
96.0,297.0,83.0,79.0,33.0
59.0,247.0,69.0,52.0,25.0
45.0,165.0,47.0,23.0,15.0
92.0,480.0,121.0,366.0,368.0
683.0,111.0,728.0,10.0,10.0
294.0,297.0,165.0,3.0,369.0
160.0,330.0,71.0,80.0,35.0
69.0,284.0,103.0,67.0,31.0
59.0,296.0,69.0,81.0,35.0
208.0,312.0,226.0,100.0,481.0
63.0,283.0,67.0,72.0,32.0
183.0,260.0,65.0,62.0,30.0
206.0,348.0,225.0,618.0,509.0
100.0,510.0,116.0,192.0,157.0
100.0,111.0,149.0,10.0,287.0
59.0,306.0,66.0,83.0,33.0
279.0,153.0,298.0,22.0,12.0
315.0,236.0,68.0,44.0,23.0
38.0,222.0,48.0,30.0,16.0
59.0,306.0,69.0,93.0,33.0
28.0,148.0,27.0,22.0,12.0
28.0,122.0,33.0,17.0,8.0
52.0,302.0,59.0,56.0,26.0
38.0,205.0,48.0,36.0,36.0
328.0,589.0,182.0,558.0,417.0
216.0,299.0,277.0,622.0,567.0
213.0,197.0,244.0,622.0,509.0
240.0,241.0,291.0,57.0,567.0
40.0,199.0,49.0,36.0,20.0
43.0,308.0,52.0,36.0,20.0
28.0,228.0,60.0,41.0,26.0
315.0,650.0,352.0,585.0,417.0
315.0,197.0,52.0,34.0,20.0
63.0,146.0,90.0,20.0,173.0
215.0,148.0,277.0,22.0,12.0
59.0,252.0,59.0,52.0,25.0
99.0,506.0,145.0,386.0,334.0
71.0,284.0,70.0,77.0,35.0
48.0,228.0,56.0,41.0,22.0
100.0,517.0,151.0,353.0,289.0
33.0,236.0,48.0,25.0,18.0
58.0,226.0,63.0,37.0,21.0
82.0,386.0,107.0,173.0,141.0
59.0,296.0,70.0,81.0,35.0
49.0,178.0,48.0,30.0,21.0
84.0,282.0,71.0,76.0,32.0
256.0,296.0,78.0,57.0,26.0
59.0,255.0,70.0,56.0,26.0
48.0,140.0,56.0,59.0,24.0
34.0,205.0,49.0,36.0,20.0
42.0,167.0,50.0,30.0,19.0
59.0,283.0,68.0,72.0,32.0
70.0,343.0,83.0,117.0,64.0
100.0,0.0,151.0,0.0,303.0
67.0,312.0,78.0,100.0,43.0
82.0,303.0,71.0,88.0,37.0
29.0,283.0,24.0,72.0,8.0
77.0,348.0,86.0,133.0,107.0
91.0,301.0,65.0,83.0,36.0
555.0,301.0,709.0,90.0,44.0
91.0,148.0,116.0,223.0,173.0
59.0,375.0,68.0,235.0,32.0
190.0,240.0,182.0,62.0,417.0
183.0,299.0,182.0,82.0,417.0
40.0,191.0,48.0,30.0,18.0
315.0,330.0,352.0,118.0,78.0
100.0,241.0,151.0,47.0,453.0
70.0,173.0,84.0,28.0,18.0
28.0,292.0,33.0,18.0,12.0
31.0,156.0,39.0,22.0,12.0
45.0,165.0,47.0,23.0,15.0
48.0,228.0,56.0,41.0,22.0
23.0,205.0,24.0,36.0,19.0
28.0,330.0,33.0,118.0,119.0
140.0,252.0,72.0,62.0,28.0
23.0,193.0,24.0,3.0,7.0
39.0,228.0,48.0,41.0,22.0
285.0,172.0,165.0,806.0,386.0
33.0,148.0,41.0,18.0,11.0
80.0,354.0,99.0,153.0,128.0
64.0,299.0,71.0,83.0,36.0
39.0,167.0,48.0,25.0,17.0
555.0,445.0,709.0,223.0,602.0
62.0,518.0,156.0,428.0,364.0
166.0,650.0,175.0,585.0,453.0
91.0,406.0,107.0,204.0,157.0
29.0,171.0,63.0,36.0,22.0
215.0,449.0,175.0,226.0,181.0
59.0,313.0,69.0,82.0,36.0
50.0,404.0,59.0,52.0,25.0
91.0,437.0,114.0,214.0,170.0
58.0,313.0,63.0,100.0,60.0
98.0,237.0,20.0,43.0,19.0
92.0,353.0,93.0,150.0,120.0
82.0,314.0,107.0,152.0,124.0
699.0,650.0,709.0,589.0,477.0
39.0,167.0,48.0,25.0,17.0
28.0,299.0,30.0,88.0,36.0
166.0,353.0,100.0,150.0,120.0
683.0,337.0,86.0,130.0,101.0
51.0,248.0,59.0,52.0,25.0
79.0,347.0,137.0,131.0,99.0
35.0,172.0,44.0,27.0,15.0
215.0,632.0,244.0,558.0,431.0
79.0,335.0,96.0,118.0,123.0
33.0,122.0,41.0,17.0,11.0
77.0,348.0,89.0,135.0,110.0
82.0,438.0,103.0,223.0,174.0
51.0,248.0,59.0,52.0,25.0
91.0,438.0,114.0,192.0,148.0
131.0,312.0,78.0,93.0,53.0
70.0,292.0,85.0,79.0,33.0
86.0,111.0,71.0,10.0,22.0
294.0,330.0,126.0,118.0,41.0
206.0,240.0,52.0,34.0,20.0
100.0,122.0,50.0,17.0,19.0
208.0,343.0,90.0,130.0,105.0
57.0,252.0,52.0,36.0,20.0
49.0,228.0,56.0,41.0,22.0
421.0,326.0,237.0,115.0,73.0
100.0,297.0,101.0,172.0,139.0
47.0,292.0,62.0,79.0,35.0
70.0,325.0,84.0,115.0,73.0
77.0,197.0,85.0,25.0,17.0
34.0,122.0,42.0,2.0,11.0
192.0,528.0,189.0,538.0,416.0
23.0,302.0,27.0,25.0,7.0
57.0,292.0,44.0,22.0,14.0
71.0,242.0,86.0,97.0,41.0
90.0,406.0,107.0,202.0,155.0
82.0,302.0,101.0,67.0,31.0
95.0,178.0,123.0,30.0,19.0
49.0,153.0,48.0,27.0,18.0
0.0,0.0,0.0,0.0,0.0
45.0,255.0,52.0,36.0,20.0
33.0,140.0,41.0,19.0,11.0
42.0,241.0,58.0,47.0,24.0
23.0,163.0,27.0,13.0,8.0
38.0,308.0,48.0,25.0,17.0
60.0,296.0,71.0,81.0,35.0
23.0,138.0,42.0,22.0,11.0
165.0,520.0,153.0,538.0,417.0
21.0,303.0,22.0,2.0,4.0
208.0,348.0,291.0,135.0,53.0
190.0,528.0,181.0,538.0,416.0
131.0,153.0,72.0,22.0,13.0
91.0,406.0,114.0,204.0,155.0
60.0,301.0,71.0,83.0,36.0
90.0,580.0,107.0,213.0,160.0
100.0,194.0,151.0,34.0,274.0
59.0,308.0,69.0,93.0,41.0
186.0,520.0,265.0,497.0,417.0
328.0,111.0,470.0,806.0,613.0
59.0,302.0,69.0,77.0,35.0
34.0,528.0,52.0,2.0,18.0
80.0,348.0,101.0,135.0,154.0
33.0,171.0,72.0,25.0,17.0
45.0,228.0,54.0,41.0,20.0
70.0,375.0,84.0,117.0,76.0
64.0,330.0,85.0,118.0,78.0
206.0,178.0,224.0,23.0,15.0
59.0,353.0,99.0,152.0,124.0
78.0,339.0,90.0,152.0,124.0
77.0,236.0,88.0,36.0,110.0
999.0,437.0,999.0,576.0,999.0
98.0,437.0,137.0,131.0,174.0
335.0,292.0,61.0,79.0,41.0
86.0,165.0,24.0,2.0,6.0
35.0,156.0,44.0,22.0,14.0
371.0,518.0,480.0,428.0,613.0
861.0,375.0,85.0,195.0,155.0
43.0,205.0,51.0,36.0,20.0
38.0,236.0,56.0,44.0,23.0
42.0,240.0,51.0,47.0,24.0
91.0,437.0,114.0,222.0,173.0
102.0,519.0,153.0,468.0,344.0
23.0,89.0,22.0,1.0,4.0
213.0,520.0,182.0,538.0,417.0
93.0,284.0,123.0,235.0,194.0
59.0,283.0,66.0,72.0,31.0
90.0,292.0,107.0,79.0,34.0
59.0,517.0,70.0,417.0,36.0
335.0,237.0,90.0,137.0,118.0
206.0,292.0,226.0,80.0,481.0
48.0,228.0,56.0,41.0,22.0
102.0,273.0,151.0,66.0,30.0
38.0,165.0,45.0,30.0,15.0
63.0,337.0,69.0,80.0,35.0
82.0,354.0,103.0,153.0,128.0
70.0,366.0,84.0,117.0,76.0
197.0,528.0,208.0,538.0,429.0
102.0,339.0,87.0,133.0,107.0
58.0,252.0,60.0,56.0,26.0
41.0,199.0,50.0,30.0,19.0
96.0,312.0,124.0,100.0,47.0
861.0,319.0,277.0,102.0,44.0
59.0,284.0,68.0,77.0,33.0
48.0,223.0,56.0,44.0,22.0
80.0,339.0,99.0,125.0,128.0
69.0,138.0,41.0,19.0,11.0
52.0,296.0,59.0,52.0,25.0
32.0,164.0,40.0,28.0,11.0
59.0,284.0,66.0,70.0,31.0
70.0,449.0,84.0,226.0,76.0
59.0,386.0,72.0,173.0,141.0
63.0,122.0,74.0,17.0,8.0
206.0,518.0,225.0,428.0,344.0
91.0,299.0,116.0,88.0,73.0
100.0,494.0,149.0,367.0,287.0
102.0,449.0,139.0,290.0,260.0
28.0,111.0,30.0,8.0,8.0
40.0,296.0,39.0,3.0,6.0
126.0,506.0,153.0,622.0,344.0
21.0,482.0,22.0,2.0,4.0
59.0,257.0,69.0,58.0,28.0
91.0,301.0,72.0,83.0,36.0
32.0,151.0,40.0,22.0,11.0
41.0,178.0,50.0,30.0,19.0
43.0,193.0,52.0,34.0,20.0
73.0,292.0,88.0,79.0,105.0
54.0,240.0,59.0,47.0,24.0
46.0,228.0,55.0,41.0,22.0
70.0,297.0,84.0,82.0,60.0
49.0,178.0,56.0,30.0,24.0
683.0,282.0,67.0,72.0,31.0
39.0,167.0,48.0,25.0,17.0
98.0,494.0,175.0,367.0,303.0
208.0,308.0,88.0,131.0,101.0
49.0,228.0,56.0,41.0,22.0
49.0,240.0,57.0,47.0,24.0
57.0,397.0,60.0,18.0,20.0
215.0,146.0,39.0,22.0,12.0
82.0,335.0,103.0,36.0,151.0
77.0,308.0,71.0,90.0,38.0
91.0,242.0,114.0,222.0,154.0
999.0,647.0,999.0,585.0,999.0
43.0,163.0,52.0,36.0,20.0
73.0,317.0,87.0,102.0,53.0
0.0,0.0,0.0,0.0,0.0
96.0,164.0,124.0,66.0,30.0
20.0,247.0,55.0,50.0,24.0
555.0,25.0,709.0,2.0,926.0
65.0,308.0,77.0,93.0,50.0
63.0,217.0,69.0,62.0,29.0
28.0,233.0,27.0,43.0,24.0
35.0,163.0,45.0,22.0,14.0
93.0,375.0,123.0,135.0,194.0
96.0,122.0,41.0,17.0,8.0
71.0,283.0,85.0,17.0,364.0
41.0,197.0,50.0,30.0,19.0
80.0,167.0,48.0,25.0,18.0
256.0,469.0,291.0,286.0,260.0
45.0,242.0,55.0,36.0,20.0
77.0,146.0,87.0,20.0,151.0
487.0,353.0,526.0,861.0,716.0
45.0,335.0,55.0,118.0,78.0
100.0,296.0,149.0,81.0,35.0
43.0,205.0,54.0,36.0,20.0
78.0,353.0,90.0,150.0,118.0
206.0,647.0,226.0,589.0,477.0
21.0,482.0,27.0,77.0,33.0
0.0,0.0,0.0,0.0,0.0
49.0,296.0,58.0,80.0,24.0
102.0,306.0,152.0,93.0,44.0
45.0,222.0,55.0,37.0,21.0
80.0,353.0,93.0,143.0,99.0
47.0,236.0,56.0,43.0,23.0
77.0,273.0,66.0,66.0,30.0
52.0,178.0,59.0,22.0,14.0
35.0,163.0,44.0,22.0,18.0
67.0,319.0,78.0,102.0,53.0
49.0,165.0,58.0,23.0,24.0
186.0,517.0,152.0,428.0,344.0
28.0,474.0,155.0,428.0,361.0
216.0,999.0,490.0,999.0,657.0
427.0,282.0,480.0,100.0,47.0
62.0,319.0,72.0,102.0,53.0
59.0,296.0,69.0,82.0,35.0
315.0,354.0,99.0,151.0,128.0
73.0,347.0,84.0,102.0,50.0
91.0,437.0,116.0,214.0,173.0
70.0,247.0,84.0,50.0,76.0
315.0,519.0,352.0,428.0,602.0
371.0,299.0,490.0,83.0,151.0
279.0,330.0,298.0,211.0,579.0
48.0,228.0,56.0,41.0,22.0
102.0,165.0,151.0,22.0,14.0
955.0,139.0,34.0,17.0,8.0
91.0,325.0,116.0,117.0,194.0
92.0,647.0,120.0,576.0,141.0
82.0,386.0,101.0,173.0,139.0
63.0,78.0,74.0,2.0,1.0
23.0,205.0,24.0,36.0,20.0
29.0,135.0,36.0,18.0,10.0
861.0,482.0,822.0,366.0,623.0
98.0,445.0,139.0,223.0,274.0
77.0,283.0,85.0,83.0,73.0
58.0,265.0,63.0,62.0,29.0
38.0,265.0,48.0,30.0,16.0
79.0,348.0,93.0,135.0,118.0
49.0,228.0,84.0,41.0,22.0
39.0,217.0,52.0,37.0,21.0
100.0,297.0,151.0,93.0,35.0
20.0,437.0,143.0,214.0,274.0
315.0,312.0,86.0,97.0,41.0
552.0,163.0,225.0,22.0,14.0
45.0,0.0,55.0,0.0,8.0
39.0,167.0,48.0,25.0,17.0
315.0,312.0,352.0,100.0,623.0
37.0,164.0,47.0,23.0,15.0
38.0,284.0,121.0,1.0,8.0
45.0,140.0,71.0,19.0,11.0
91.0,438.0,114.0,213.0,160.0
60.0,301.0,71.0,83.0,36.0
128.0,517.0,155.0,428.0,361.0
79.0,353.0,92.0,148.0,119.0
41.0,178.0,50.0,30.0,19.0
59.0,292.0,69.0,81.0,35.0
206.0,317.0,225.0,102.0,44.0
192.0,314.0,76.0,100.0,47.0
29.0,78.0,30.0,8.0,8.0
71.0,347.0,87.0,133.0,107.0
49.0,301.0,57.0,83.0,24.0
91.0,353.0,120.0,235.0,194.0
186.0,326.0,182.0,80.0,35.0
106.0,517.0,153.0,428.0,361.0
240.0,308.0,71.0,90.0,40.0
40.0,156.0,48.0,22.0,18.0
59.0,330.0,85.0,118.0,78.0
70.0,339.0,84.0,117.0,76.0
96.0,437.0,139.0,213.0,266.0
160.0,335.0,63.0,118.0,78.0
383.0,312.0,74.0,100.0,47.0
165.0,283.0,68.0,76.0,32.0
49.0,247.0,57.0,51.0,24.0
42.0,215.0,52.0,36.0,20.0
46.0,237.0,55.0,45.0,22.0
59.0,301.0,69.0,76.0,11.0
86.0,164.0,50.0,30.0,19.0
41.0,194.0,50.0,30.0,19.0
126.0,517.0,153.0,417.0,344.0
91.0,122.0,43.0,19.0,11.0
67.0,302.0,78.0,70.0,31.0
61.0,221.0,71.0,81.0,35.0
80.0,278.0,65.0,102.0,26.0
61.0,304.0,71.0,88.0,37.0
91.0,278.0,116.0,67.0,148.0
81.0,242.0,89.0,30.0,22.0
34.0,242.0,51.0,30.0,19.0
131.0,347.0,96.0,121.0,128.0
166.0,282.0,59.0,72.0,31.0
21.0,0.0,20.0,2.0,3.0
59.0,273.0,65.0,66.0,30.0
46.0,236.0,55.0,40.0,22.0
96.0,353.0,93.0,143.0,118.0
59.0,282.0,66.0,72.0,31.0
90.0,375.0,107.0,172.0,173.0
190.0,240.0,60.0,47.0,26.0
72.0,353.0,86.0,130.0,101.0
80.0,292.0,100.0,79.0,34.0
165.0,52.0,175.0,558.0,431.0
98.0,156.0,137.0,30.0,19.0
335.0,240.0,60.0,47.0,24.0
59.0,282.0,65.0,77.0,32.0
95.0,222.0,126.0,30.0,19.0
315.0,167.0,291.0,25.0,17.0
41.0,116.0,50.0,30.0,19.0
59.0,296.0,69.0,81.0,35.0
92.0,506.0,149.0,373.0,303.0
205.0,361.0,139.0,366.0,266.0
80.0,354.0,96.0,151.0,123.0
21.0,25.0,20.0,2.0,3.0
91.0,78.0,114.0,2.0,1.0
23.0,228.0,24.0,41.0,22.0
59.0,171.0,48.0,25.0,17.0
80.0,361.0,101.0,130.0,120.0
100.0,999.0,126.0,999.0,64.0
53.0,153.0,78.0,22.0,17.0
315.0,172.0,291.0,131.0,101.0
23.0,76.0,24.0,3.0,7.0
91.0,312.0,76.0,90.0,50.0
35.0,194.0,44.0,36.0,20.0
96.0,296.0,61.0,80.0,34.0
58.0,296.0,67.0,77.0,33.0
65.0,438.0,78.0,861.0,53.0
70.0,339.0,84.0,125.0,76.0
59.0,330.0,66.0,117.0,31.0
206.0,236.0,226.0,44.0,23.0
205.0,330.0,208.0,558.0,431.0
45.0,335.0,24.0,118.0,8.0
285.0,242.0,324.0,47.0,602.0
38.0,252.0,59.0,52.0,25.0
29.0,122.0,34.0,17.0,8.0
96.0,449.0,147.0,226.0,283.0
70.0,301.0,84.0,77.0,32.0
29.0,139.0,49.0,19.0,11.0
74.0,308.0,76.0,102.0,50.0
208.0,226.0,56.0,30.0,19.0
489.0,647.0,728.0,576.0,716.0
71.0,517.0,156.0,417.0,364.0
82.0,319.0,103.0,102.0,148.0
59.0,236.0,65.0,47.0,24.0
61.0,226.0,71.0,52.0,25.0
231.0,517.0,265.0,417.0,344.0
84.0,353.0,83.0,172.0,157.0
82.0,354.0,67.0,151.0,32.0
38.0,167.0,49.0,25.0,19.0
52.0,248.0,59.0,52.0,25.0
0.0,171.0,0.0,25.0,0.0
62.0,302.0,72.0,87.0,36.0
59.0,217.0,69.0,70.0,35.0
54.0,306.0,60.0,88.0,36.0
70.0,330.0,84.0,118.0,78.0
100.0,474.0,149.0,290.0,222.0
71.0,314.0,86.0,100.0,107.0
699.0,445.0,822.0,223.0,999.0
77.0,339.0,88.0,125.0,107.0
91.0,351.0,116.0,211.0,173.0
40.0,116.0,51.0,17.0,8.0
21.0,474.0,151.0,373.0,303.0
133.0,366.0,87.0,153.0,105.0
86.0,312.0,105.0,77.0,151.0
40.0,325.0,48.0,102.0,43.0
23.0,106.0,24.0,2.0,6.0
74.0,302.0,86.0,87.0,109.0
77.0,325.0,87.0,115.0,64.0
93.0,354.0,124.0,151.0,177.0
33.0,25.0,20.0,2.0,3.0
59.0,353.0,66.0,67.0,31.0
71.0,248.0,85.0,52.0,25.0
69.0,226.0,55.0,38.0,22.0
128.0,292.0,155.0,428.0,361.0
65.0,314.0,78.0,100.0,53.0
487.0,284.0,526.0,622.0,722.0
41.0,122.0,101.0,17.0,123.0
65.0,265.0,78.0,102.0,53.0
35.0,153.0,44.0,102.0,43.0
315.0,520.0,226.0,468.0,369.0
33.0,139.0,41.0,19.0,11.0
74.0,164.0,87.0,18.0,110.0
92.0,282.0,66.0,70.0,31.0
63.0,314.0,74.0,100.0,49.0
58.0,236.0,63.0,44.0,23.0
205.0,632.0,155.0,428.0,361.0
43.0,194.0,52.0,36.0,20.0
77.0,138.0,92.0,3.0,7.0
92.0,406.0,120.0,204.0,173.0
100.0,519.0,149.0,497.0,283.0
32.0,140.0,40.0,22.0,13.0
81.0,303.0,71.0,82.0,36.0
206.0,353.0,86.0,131.0,99.0
54.0,306.0,61.0,88.0,37.0
77.0,236.0,90.0,52.0,118.0
73.0,346.0,87.0,131.0,101.0
102.0,517.0,156.0,428.0,364.0
61.0,306.0,71.0,88.0,37.0
206.0,528.0,224.0,353.0,222.0
80.0,217.0,93.0,137.0,115.0
102.0,301.0,126.0,83.0,36.0
106.0,386.0,153.0,386.0,334.0
77.0,353.0,85.0,137.0,115.0
552.0,122.0,30.0,17.0,8.0
43.0,199.0,52.0,36.0,20.0
82.0,111.0,100.0,36.0,20.0
71.0,330.0,85.0,118.0,78.0
58.0,146.0,36.0,20.0,8.0
371.0,337.0,480.0,622.0,567.0
28.0,138.0,27.0,3.0,7.0
294.0,308.0,277.0,93.0,567.0
328.0,353.0,147.0,143.0,274.0
33.0,518.0,44.0,17.0,12.0
766.0,178.0,55.0,30.0,19.0
433.0,153.0,526.0,861.0,716.0
50.0,25.0,58.0,18.0,24.0
71.0,255.0,85.0,59.0,26.0
37.0,406.0,277.0,204.0,579.0
43.0,650.0,52.0,30.0,19.0
33.0,282.0,68.0,70.0,31.0
98.0,226.0,137.0,36.0,20.0
699.0,283.0,24.0,72.0,8.0
33.0,171.0,41.0,30.0,11.0
49.0,236.0,56.0,44.0,24.0
692.0,273.0,61.0,64.0,28.0
41.0,111.0,50.0,30.0,19.0
186.0,589.0,182.0,558.0,417.0
160.0,518.0,157.0,468.0,368.0
70.0,330.0,84.0,118.0,76.0
21.0,0.0,20.0,0.0,0.0
100.0,494.0,151.0,367.0,289.0
98.0,469.0,139.0,286.0,260.0
46.0,171.0,55.0,26.0,22.0
73.0,482.0,87.0,366.0,174.0
92.0,647.0,189.0,585.0,453.0
63.0,222.0,74.0,37.0,23.0
208.0,580.0,182.0,550.0,417.0
93.0,282.0,121.0,72.0,31.0
699.0,650.0,783.0,576.0,963.0
133.0,314.0,157.0,589.0,368.0
48.0,232.0,55.0,47.0,22.0
40.0,178.0,48.0,30.0,18.0
71.0,226.0,87.0,37.0,107.0
39.0,223.0,52.0,37.0,21.0
216.0,260.0,152.0,62.0,32.0
183.0,528.0,181.0,538.0,416.0
555.0,265.0,709.0,62.0,926.0
28.0,165.0,33.0,23.0,8.0
63.0,178.0,72.0,30.0,19.0
53.0,237.0,60.0,50.0,26.0
215.0,518.0,181.0,550.0,417.0
86.0,153.0,105.0,22.0,155.0
24.0,237.0,24.0,36.0,21.0
102.0,510.0,153.0,376.0,303.0
95.0,205.0,124.0,36.0,205.0
215.0,517.0,155.0,428.0,361.0
71.0,348.0,99.0,135.0,128.0
80.0,228.0,93.0,40.0,22.0
29.0,273.0,72.0,90.0,40.0
315.0,273.0,65.0,66.0,30.0
40.0,193.0,49.0,34.0,20.0
82.0,308.0,107.0,93.0,157.0
21.0,313.0,20.0,100.0,49.0
59.0,330.0,69.0,118.0,33.0
45.0,178.0,55.0,30.0,19.0
43.0,173.0,48.0,28.0,18.0
60.0,302.0,71.0,87.0,35.0
61.0,257.0,60.0,57.0,26.0
40.0,148.0,50.0,30.0,19.0
32.0,122.0,40.0,17.0,11.0
215.0,240.0,277.0,497.0,567.0
128.0,404.0,52.0,235.0,222.0
33.0,165.0,41.0,24.0,11.0
371.0,146.0,85.0,22.0,13.0
205.0,347.0,87.0,133.0,107.0
294.0,353.0,324.0,153.0,128.0
192.0,506.0,189.0,558.0,429.0
98.0,116.0,22.0,2.0,4.0
231.0,106.0,277.0,7.0,8.0
206.0,650.0,225.0,585.0,453.0
28.0,172.0,41.0,26.0,12.0
48.0,236.0,56.0,58.0,26.0
71.0,445.0,85.0,223.0,177.0
23.0,438.0,139.0,290.0,260.0
71.0,273.0,86.0,64.0,29.0
186.0,528.0,181.0,538.0,416.0
84.0,205.0,54.0,36.0,20.0
98.0,265.0,143.0,66.0,30.0
131.0,171.0,43.0,26.0,11.0
23.0,163.0,45.0,22.0,14.0
59.0,297.0,69.0,80.0,35.0
99.0,248.0,74.0,50.0,50.0
21.0,193.0,52.0,34.0,20.0
