100.0,518.0,164.0,428.0,173.0
20.0,248.0,58.0,47.0,24.0
74.0,397.0,101.0,172.0,139.0
315.0,347.0,352.0,137.0,115.0
383.0,197.0,480.0,36.0,567.0
73.0,284.0,90.0,77.0,33.0
35.0,330.0,44.0,118.0,115.0
69.0,248.0,84.0,79.0,23.0
106.0,510.0,153.0,386.0,334.0
58.0,303.0,71.0,88.0,37.0
206.0,138.0,30.0,18.0,8.0
93.0,474.0,116.0,226.0,181.0
206.0,171.0,226.0,25.0,481.0
54.0,268.0,61.0,62.0,26.0
240.0,257.0,68.0,79.0,33.0
98.0,506.0,155.0,428.0,361.0
96.0,353.0,126.0,150.0,119.0
38.0,122.0,48.0,22.0,14.0
38.0,164.0,47.0,23.0,15.0
54.0,252.0,59.0,52.0,25.0
35.0,178.0,44.0,36.0,18.0
59.0,284.0,69.0,79.0,35.0
33.0,228.0,55.0,40.0,22.0
206.0,661.0,225.0,589.0,477.0
59.0,296.0,68.0,62.0,26.0
96.0,438.0,123.0,222.0,194.0
74.0,351.0,90.0,138.0,115.0
70.0,228.0,84.0,41.0,22.0
215.0,292.0,367.0,83.0,613.0
92.0,236.0,57.0,44.0,24.0
766.0,199.0,157.0,36.0,368.0
86.0,437.0,105.0,213.0,154.0
190.0,520.0,175.0,538.0,416.0
90.0,406.0,107.0,204.0,155.0
82.0,146.0,57.0,22.0,13.0
45.0,217.0,55.0,37.0,21.0
133.0,510.0,147.0,386.0,334.0
59.0,301.0,68.0,83.0,32.0
71.0,361.0,84.0,117.0,76.0
100.0,312.0,189.0,226.0,417.0
29.0,217.0,54.0,36.0,20.0
48.0,167.0,56.0,36.0,22.0
59.0,296.0,69.0,81.0,35.0
80.0,302.0,96.0,88.0,123.0
65.0,329.0,77.0,118.0,53.0
32.0,173.0,45.0,28.0,18.0
140.0,339.0,93.0,121.0,26.0
41.0,178.0,50.0,30.0,19.0
59.0,273.0,65.0,66.0,30.0
24.0,339.0,22.0,125.0,10.0
59.0,278.0,66.0,70.0,31.0
57.0,284.0,63.0,70.0,31.0
335.0,240.0,57.0,47.0,24.0
40.0,165.0,48.0,25.0,18.0
61.0,353.0,65.0,138.0,22.0
96.0,296.0,123.0,235.0,194.0
60.0,265.0,71.0,52.0,25.0
206.0,519.0,224.0,589.0,477.0
41.0,178.0,50.0,30.0,19.0
24.0,106.0,24.0,2.0,7.0
54.0,171.0,54.0,36.0,20.0
133.0,589.0,157.0,558.0,368.0
41.0,178.0,50.0,30.0,19.0
59.0,284.0,66.0,81.0,32.0
256.0,297.0,71.0,82.0,36.0
100.0,647.0,149.0,373.0,287.0
59.0,325.0,69.0,76.0,32.0
206.0,339.0,225.0,125.0,89.0
91.0,449.0,107.0,226.0,181.0
59.0,301.0,69.0,82.0,35.0
65.0,325.0,78.0,102.0,53.0
128.0,518.0,164.0,468.0,368.0
65.0,319.0,78.0,102.0,53.0
98.0,437.0,153.0,222.0,177.0
37.0,273.0,87.0,66.0,160.0
77.0,217.0,55.0,37.0,21.0
43.0,178.0,52.0,36.0,20.0
427.0,292.0,514.0,125.0,89.0
35.0,140.0,44.0,19.0,14.0
256.0,222.0,291.0,841.0,567.0
71.0,353.0,85.0,143.0,78.0
20.0,661.0,244.0,622.0,509.0
29.0,165.0,34.0,24.0,8.0
215.0,313.0,78.0,110.0,53.0
215.0,215.0,244.0,618.0,509.0
91.0,351.0,101.0,168.0,139.0
73.0,347.0,89.0,152.0,118.0
96.0,194.0,147.0,34.0,274.0
41.0,167.0,50.0,25.0,19.0
53.0,153.0,60.0,62.0,26.0
40.0,14.0,50.0,30.0,19.0
70.0,171.0,84.0,25.0,17.0
0.0,193.0,0.0,34.0,0.0
59.0,314.0,74.0,100.0,49.0
555.0,647.0,709.0,585.0,926.0
54.0,248.0,60.0,52.0,26.0
48.0,247.0,57.0,50.0,24.0
61.0,252.0,72.0,59.0,26.0
40.0,76.0,36.0,2.0,4.0
78.0,111.0,90.0,13.0,118.0
59.0,284.0,68.0,77.0,36.0
427.0,0.0,514.0,0.0,4.0
140.0,519.0,164.0,538.0,386.0
91.0,240.0,147.0,47.0,274.0
427.0,173.0,480.0,618.0,481.0
95.0,366.0,123.0,195.0,154.0
205.0,255.0,152.0,428.0,344.0
91.0,480.0,114.0,286.0,222.0
42.0,517.0,51.0,30.0,19.0
91.0,449.0,120.0,226.0,181.0
160.0,236.0,152.0,44.0,24.0
70.0,337.0,84.0,130.0,76.0
315.0,304.0,71.0,79.0,37.0
71.0,337.0,86.0,118.0,81.0
53.0,240.0,60.0,59.0,26.0
240.0,273.0,60.0,57.0,26.0
23.0,148.0,22.0,22.0,11.0
73.0,347.0,87.0,135.0,107.0
49.0,325.0,107.0,115.0,154.0
166.0,520.0,181.0,538.0,416.0
131.0,506.0,153.0,376.0,334.0
59.0,343.0,65.0,36.0,20.0
70.0,165.0,84.0,23.0,15.0
71.0,248.0,85.0,622.0,60.0
43.0,178.0,52.0,30.0,19.0
52.0,252.0,59.0,57.0,26.0
186.0,312.0,151.0,97.0,303.0
29.0,330.0,85.0,118.0,78.0
50.0,312.0,84.0,100.0,49.0
80.0,386.0,93.0,173.0,141.0
29.0,353.0,90.0,143.0,120.0
71.0,469.0,86.0,138.0,89.0
80.0,240.0,100.0,47.0,24.0
40.0,237.0,48.0,45.0,18.0
61.0,308.0,72.0,90.0,43.0
91.0,228.0,137.0,40.0,23.0
35.0,165.0,44.0,24.0,14.0
57.0,255.0,89.0,59.0,105.0
71.0,346.0,103.0,131.0,105.0
80.0,273.0,100.0,66.0,30.0
285.0,247.0,63.0,51.0,25.0
43.0,223.0,55.0,37.0,20.0
206.0,748.0,224.0,576.0,477.0
100.0,330.0,149.0,117.0,76.0
80.0,406.0,87.0,204.0,107.0
78.0,347.0,87.0,132.0,107.0
683.0,632.0,526.0,558.0,623.0
43.0,248.0,52.0,50.0,24.0
192.0,589.0,208.0,558.0,431.0
71.0,437.0,105.0,222.0,154.0
48.0,241.0,56.0,56.0,24.0
91.0,296.0,182.0,81.0,417.0
59.0,156.0,143.0,211.0,128.0
59.0,292.0,69.0,79.0,34.0
69.0,325.0,85.0,115.0,78.0
80.0,647.0,96.0,22.0,154.0
256.0,433.0,291.0,618.0,481.0
59.0,289.0,68.0,77.0,32.0
35.0,194.0,44.0,22.0,14.0
315.0,242.0,244.0,367.0,509.0
82.0,406.0,101.0,202.0,139.0
133.0,519.0,164.0,468.0,368.0
65.0,301.0,78.0,83.0,53.0
231.0,519.0,324.0,468.0,602.0
160.0,375.0,164.0,172.0,369.0
52.0,237.0,59.0,44.0,23.0
63.0,273.0,73.0,66.0,30.0
38.0,589.0,48.0,18.0,10.0
100.0,308.0,147.0,90.0,40.0
61.0,247.0,60.0,50.0,24.0
78.0,354.0,90.0,138.0,115.0
71.0,445.0,69.0,223.0,35.0
240.0,257.0,298.0,30.0,602.0
63.0,308.0,71.0,88.0,37.0
77.0,335.0,85.0,118.0,78.0
213.0,135.0,237.0,558.0,26.0
49.0,292.0,60.0,102.0,53.0
71.0,347.0,85.0,118.0,78.0
999.0,248.0,999.0,51.0,999.0
59.0,296.0,69.0,79.0,34.0
43.0,257.0,55.0,59.0,26.0
78.0,353.0,90.0,143.0,118.0
29.0,205.0,39.0,36.0,20.0
49.0,247.0,58.0,50.0,24.0
82.0,205.0,103.0,36.0,20.0
285.0,330.0,298.0,117.0,78.0
91.0,313.0,114.0,100.0,47.0
131.0,517.0,155.0,428.0,361.0
38.0,292.0,72.0,79.0,41.0
59.0,292.0,66.0,79.0,33.0
31.0,171.0,40.0,18.0,11.0
285.0,517.0,298.0,417.0,364.0
59.0,25.0,86.0,2.0,3.0
58.0,273.0,65.0,64.0,29.0
43.0,197.0,51.0,36.0,20.0
54.0,347.0,60.0,47.0,26.0
31.0,236.0,39.0,18.0,11.0
131.0,236.0,74.0,44.0,24.0
54.0,273.0,60.0,43.0,26.0
59.0,217.0,69.0,37.0,21.0
45.0,221.0,55.0,37.0,21.0
71.0,308.0,85.0,93.0,41.0
383.0,228.0,56.0,41.0,22.0
33.0,296.0,69.0,81.0,35.0
59.0,308.0,69.0,90.0,40.0
64.0,221.0,76.0,44.0,24.0
999.0,650.0,999.0,585.0,999.0
100.0,240.0,149.0,47.0,6.0
81.0,347.0,100.0,133.0,101.0
60.0,308.0,71.0,90.0,40.0
106.0,510.0,153.0,386.0,334.0
315.0,353.0,367.0,861.0,613.0
92.0,449.0,121.0,226.0,181.0
48.0,506.0,56.0,286.0,23.0
315.0,437.0,96.0,211.0,266.0
49.0,240.0,58.0,47.0,24.0
106.0,248.0,153.0,52.0,26.0
33.0,122.0,41.0,17.0,11.0
62.0,326.0,68.0,100.0,50.0
95.0,273.0,59.0,66.0,26.0
100.0,438.0,149.0,222.0,287.0
213.0,111.0,43.0,18.0,11.0
34.0,164.0,44.0,22.0,14.0
90.0,330.0,84.0,117.0,76.0
427.0,361.0,490.0,152.0,124.0
131.0,0.0,157.0,0.0,36.0
49.0,240.0,57.0,47.0,24.0
126.0,268.0,153.0,66.0,35.0
35.0,217.0,45.0,117.0,99.0
63.0,14.0,20.0,2.0,3.0
43.0,222.0,51.0,36.0,20.0
74.0,375.0,87.0,82.0,35.0
40.0,171.0,48.0,26.0,18.0
20.0,222.0,58.0,0.0,22.0
98.0,222.0,225.0,37.0,386.0
216.0,14.0,93.0,1.0,266.0
64.0,301.0,70.0,83.0,36.0
90.0,265.0,107.0,133.0,155.0
27.0,474.0,139.0,290.0,260.0
35.0,160.0,45.0,22.0,14.0
45.0,217.0,55.0,37.0,21.0
80.0,217.0,68.0,37.0,32.0
77.0,205.0,90.0,36.0,109.0
80.0,353.0,93.0,151.0,128.0
206.0,517.0,224.0,386.0,623.0
51.0,165.0,59.0,24.0,26.0
57.0,474.0,69.0,80.0,35.0
0.0,14.0,0.0,1.0,0.0
100.0,284.0,165.0,77.0,364.0
28.0,257.0,60.0,58.0,26.0
93.0,330.0,93.0,152.0,124.0
62.0,308.0,72.0,90.0,40.0
21.0,386.0,88.0,173.0,128.0
102.0,248.0,152.0,57.0,26.0
63.0,178.0,74.0,26.0,369.0
0.0,138.0,0.0,18.0,0.0
100.0,319.0,147.0,195.0,283.0
20.0,252.0,63.0,50.0,29.0
29.0,248.0,34.0,36.0,8.0
86.0,240.0,93.0,47.0,128.0
59.0,292.0,68.0,76.0,32.0
28.0,308.0,72.0,90.0,40.0
59.0,160.0,69.0,2.0,35.0
82.0,252.0,103.0,52.0,25.0
59.0,284.0,66.0,72.0,31.0
59.0,289.0,69.0,79.0,34.0
70.0,325.0,84.0,115.0,64.0
43.0,146.0,48.0,22.0,15.0
33.0,517.0,44.0,67.0,31.0
54.0,226.0,60.0,38.0,26.0
43.0,313.0,78.0,102.0,53.0
315.0,284.0,24.0,76.0,26.0
37.0,171.0,48.0,22.0,15.0
59.0,138.0,65.0,18.0,11.0
213.0,164.0,165.0,22.0,16.0
131.0,111.0,30.0,8.0,8.0
27.0,167.0,85.0,25.0,17.0
92.0,302.0,92.0,80.0,128.0
20.0,165.0,44.0,24.0,14.0
31.0,89.0,39.0,2.0,6.0
77.0,296.0,90.0,80.0,118.0
52.0,506.0,59.0,50.0,26.0
93.0,172.0,121.0,27.0,20.0
43.0,236.0,51.0,44.0,24.0
166.0,282.0,74.0,90.0,40.0
61.0,319.0,71.0,102.0,50.0
78.0,347.0,89.0,133.0,109.0
328.0,517.0,470.0,417.0,613.0
65.0,257.0,78.0,130.0,89.0
38.0,236.0,57.0,44.0,24.0
91.0,282.0,137.0,80.0,35.0
80.0,353.0,99.0,143.0,128.0
140.0,519.0,164.0,497.0,369.0
766.0,260.0,822.0,62.0,29.0
427.0,222.0,48.0,37.0,17.0
45.0,205.0,54.0,36.0,20.0
98.0,353.0,137.0,150.0,266.0
23.0,171.0,55.0,26.0,20.0
78.0,354.0,90.0,151.0,123.0
28.0,240.0,30.0,137.0,115.0
58.0,517.0,155.0,428.0,361.0
32.0,140.0,40.0,19.0,10.0
71.0,273.0,59.0,64.0,73.0
315.0,163.0,45.0,23.0,15.0
59.0,284.0,65.0,79.0,32.0
126.0,325.0,153.0,97.0,344.0
59.0,348.0,86.0,132.0,105.0
999.0,171.0,999.0,558.0,999.0
54.0,171.0,62.0,26.0,25.0
43.0,217.0,52.0,36.0,20.0
21.0,89.0,22.0,2.0,4.0
65.0,314.0,77.0,100.0,49.0
59.0,308.0,66.0,70.0,31.0
59.0,326.0,66.0,115.0,64.0
43.0,178.0,52.0,36.0,20.0
60.0,296.0,71.0,83.0,36.0
59.0,347.0,66.0,132.0,1.0
205.0,167.0,237.0,806.0,613.0
54.0,296.0,72.0,77.0,35.0
33.0,313.0,47.0,22.0,15.0
77.0,335.0,85.0,118.0,78.0
45.0,217.0,55.0,37.0,21.0
59.0,282.0,66.0,72.0,31.0
29.0,330.0,93.0,117.0,128.0
328.0,252.0,470.0,56.0,613.0
489.0,339.0,85.0,125.0,96.0
208.0,353.0,225.0,373.0,303.0
489.0,240.0,526.0,13.0,716.0
80.0,273.0,99.0,64.0,124.0
33.0,139.0,41.0,19.0,11.0
59.0,178.0,151.0,30.0,303.0
78.0,348.0,90.0,135.0,118.0
192.0,160.0,44.0,22.0,14.0
131.0,252.0,157.0,58.0,368.0
315.0,106.0,33.0,22.0,8.0
294.0,273.0,225.0,66.0,429.0
58.0,265.0,63.0,62.0,29.0
61.0,301.0,70.0,83.0,35.0
213.0,347.0,237.0,133.0,623.0
63.0,306.0,72.0,88.0,37.0
54.0,325.0,57.0,115.0,24.0
46.0,335.0,52.0,118.0,73.0
35.0,163.0,44.0,22.0,14.0
54.0,193.0,52.0,34.0,20.0
206.0,650.0,225.0,585.0,453.0
78.0,304.0,90.0,153.0,123.0
92.0,319.0,114.0,79.0,33.0
65.0,193.0,77.0,34.0,20.0
78.0,313.0,51.0,13.0,8.0
24.0,353.0,59.0,67.0,8.0
91.0,397.0,114.0,192.0,151.0
71.0,191.0,85.0,153.0,96.0
48.0,236.0,56.0,47.0,22.0
50.0,248.0,58.0,51.0,25.0
65.0,449.0,77.0,100.0,47.0
49.0,193.0,58.0,37.0,24.0
21.0,325.0,22.0,2.0,4.0
102.0,517.0,151.0,417.0,344.0
41.0,160.0,50.0,30.0,19.0
59.0,273.0,20.0,64.0,29.0
59.0,296.0,69.0,81.0,35.0
100.0,397.0,149.0,373.0,287.0
38.0,151.0,48.0,25.0,17.0
197.0,361.0,200.0,841.0,623.0
28.0,314.0,20.0,30.0,10.0
421.0,308.0,60.0,30.0,26.0
91.0,165.0,65.0,66.0,30.0
61.0,303.0,71.0,88.0,37.0
208.0,517.0,244.0,806.0,509.0
62.0,282.0,66.0,72.0,31.0
99.0,438.0,143.0,223.0,266.0
42.0,173.0,50.0,30.0,19.0
98.0,278.0,41.0,67.0,11.0
29.0,232.0,34.0,59.0,8.0
96.0,240.0,124.0,558.0,205.0
23.0,236.0,27.0,44.0,24.0
80.0,165.0,99.0,17.0,128.0
208.0,397.0,92.0,57.0,118.0
40.0,228.0,48.0,41.0,22.0
48.0,228.0,56.0,41.0,22.0
183.0,433.0,145.0,211.0,148.0
100.0,482.0,149.0,366.0,283.0
54.0,314.0,58.0,52.0,25.0
99.0,221.0,155.0,37.0,21.0
70.0,325.0,84.0,115.0,53.0
60.0,247.0,71.0,76.0,31.0
45.0,255.0,60.0,58.0,26.0
59.0,282.0,66.0,72.0,31.0
100.0,167.0,151.0,25.0,17.0
279.0,296.0,298.0,45.0,33.0
165.0,353.0,164.0,138.0,369.0
421.0,273.0,69.0,64.0,35.0
99.0,397.0,145.0,192.0,266.0
29.0,167.0,44.0,22.0,14.0
46.0,188.0,48.0,36.0,22.0
59.0,188.0,70.0,50.0,36.0
72.0,353.0,103.0,150.0,148.0
190.0,519.0,224.0,585.0,453.0
70.0,163.0,47.0,23.0,15.0
40.0,236.0,48.0,44.0,23.0
100.0,302.0,151.0,87.0,289.0
34.0,319.0,44.0,102.0,50.0
33.0,191.0,42.0,34.0,11.0
65.0,326.0,73.0,102.0,44.0
52.0,236.0,59.0,44.0,22.0
81.0,353.0,71.0,143.0,36.0
20.0,273.0,69.0,64.0,29.0
59.0,278.0,66.0,67.0,31.0
48.0,308.0,56.0,93.0,41.0
28.0,76.0,30.0,2.0,6.0
54.0,273.0,60.0,64.0,26.0
47.0,193.0,55.0,34.0,20.0
206.0,519.0,225.0,585.0,477.0
57.0,404.0,62.0,202.0,31.0
45.0,354.0,55.0,37.0,21.0
65.0,304.0,78.0,90.0,118.0
45.0,165.0,47.0,23.0,15.0
427.0,999.0,514.0,999.0,657.0
23.0,135.0,24.0,2.0,6.0
70.0,335.0,84.0,118.0,78.0
49.0,236.0,58.0,44.0,24.0
692.0,237.0,27.0,70.0,31.0
71.0,347.0,86.0,132.0,105.0
166.0,404.0,175.0,202.0,160.0
28.0,228.0,27.0,37.0,8.0
61.0,283.0,68.0,72.0,32.0
34.0,265.0,62.0,62.0,28.0
98.0,375.0,126.0,172.0,139.0
190.0,312.0,84.0,97.0,76.0
70.0,171.0,84.0,26.0,76.0
20.0,205.0,61.0,36.0,20.0
58.0,265.0,62.0,62.0,28.0
43.0,165.0,48.0,23.0,15.0
77.0,138.0,89.0,40.0,109.0
64.0,222.0,78.0,36.0,20.0
80.0,273.0,101.0,66.0,109.0
63.0,240.0,57.0,47.0,24.0
77.0,437.0,90.0,213.0,154.0
371.0,228.0,490.0,41.0,22.0
77.0,296.0,85.0,81.0,120.0
61.0,306.0,71.0,88.0,37.0
45.0,226.0,55.0,37.0,21.0
72.0,354.0,86.0,125.0,96.0
294.0,335.0,20.0,2.0,3.0
65.0,317.0,85.0,102.0,81.0
61.0,303.0,71.0,88.0,37.0
84.0,197.0,57.0,36.0,24.0
60.0,312.0,71.0,88.0,37.0
71.0,375.0,85.0,118.0,78.0
683.0,661.0,208.0,558.0,431.0
59.0,314.0,72.0,93.0,41.0
999.0,233.0,999.0,538.0,999.0
98.0,205.0,143.0,36.0,260.0
77.0,343.0,87.0,133.0,107.0
40.0,173.0,48.0,28.0,18.0
59.0,301.0,69.0,83.0,36.0
80.0,353.0,90.0,150.0,119.0
35.0,122.0,44.0,13.0,14.0
100.0,273.0,151.0,47.0,303.0
35.0,163.0,44.0,22.0,14.0
95.0,228.0,123.0,41.0,22.0
215.0,265.0,470.0,30.0,613.0
77.0,375.0,87.0,172.0,110.0
48.0,228.0,56.0,41.0,22.0
692.0,317.0,783.0,102.0,47.0
208.0,520.0,237.0,538.0,416.0
59.0,292.0,67.0,102.0,32.0
63.0,312.0,73.0,97.0,43.0
21.0,146.0,24.0,7.0,7.0
70.0,248.0,84.0,56.0,50.0
37.0,205.0,44.0,36.0,11.0
371.0,232.0,490.0,82.0,623.0
35.0,226.0,44.0,38.0,11.0
43.0,241.0,52.0,34.0,20.0
63.0,354.0,78.0,121.0,81.0
49.0,248.0,58.0,50.0,24.0
45.0,181.0,55.0,25.0,24.0
49.0,241.0,57.0,47.0,24.0
95.0,404.0,123.0,202.0,151.0
49.0,228.0,56.0,41.0,22.0
96.0,237.0,126.0,45.0,24.0
33.0,301.0,44.0,22.0,13.0
43.0,325.0,52.0,22.0,13.0
33.0,153.0,42.0,22.0,12.0
86.0,404.0,105.0,202.0,154.0
93.0,348.0,121.0,153.0,177.0
38.0,171.0,48.0,25.0,16.0
186.0,589.0,182.0,558.0,429.0
21.0,164.0,20.0,23.0,15.0
59.0,273.0,65.0,66.0,30.0
433.0,217.0,157.0,37.0,368.0
80.0,339.0,99.0,152.0,124.0
131.0,449.0,156.0,204.0,364.0
48.0,236.0,56.0,44.0,23.0
28.0,106.0,27.0,7.0,7.0
65.0,237.0,84.0,45.0,32.0
21.0,172.0,20.0,2.0,3.0
77.0,506.0,86.0,130.0,101.0
861.0,248.0,63.0,62.0,29.0
33.0,326.0,44.0,117.0,76.0
33.0,140.0,41.0,19.0,11.0
91.0,313.0,152.0,100.0,303.0
37.0,178.0,27.0,13.0,8.0
59.0,299.0,69.0,82.0,35.0
427.0,308.0,514.0,102.0,53.0
256.0,226.0,71.0,57.0,10.0
70.0,330.0,84.0,117.0,76.0
43.0,165.0,24.0,7.0,7.0
61.0,306.0,71.0,88.0,37.0
45.0,171.0,55.0,37.0,21.0
96.0,273.0,124.0,376.0,303.0
63.0,302.0,71.0,87.0,36.0
59.0,163.0,70.0,62.0,36.0
100.0,337.0,55.0,79.0,34.0
92.0,265.0,116.0,62.0,173.0
126.0,519.0,153.0,428.0,344.0
49.0,240.0,58.0,50.0,24.0
65.0,319.0,78.0,102.0,50.0
29.0,330.0,85.0,118.0,78.0
206.0,353.0,224.0,143.0,107.0
63.0,302.0,72.0,87.0,38.0
33.0,122.0,20.0,2.0,3.0
59.0,268.0,69.0,52.0,36.0
49.0,240.0,58.0,47.0,24.0
80.0,292.0,93.0,152.0,124.0
23.0,215.0,24.0,13.0,7.0
59.0,312.0,68.0,79.0,34.0
166.0,520.0,175.0,538.0,364.0
41.0,181.0,50.0,30.0,19.0
45.0,242.0,78.0,62.0,29.0
71.0,260.0,85.0,62.0,89.0
59.0,292.0,66.0,79.0,33.0
65.0,181.0,62.0,36.0,28.0
54.0,255.0,65.0,62.0,30.0
128.0,314.0,156.0,100.0,266.0
100.0,482.0,151.0,366.0,303.0
84.0,347.0,101.0,133.0,157.0
82.0,339.0,103.0,192.0,151.0
95.0,312.0,123.0,235.0,194.0
28.0,449.0,124.0,226.0,194.0
38.0,217.0,52.0,36.0,20.0
49.0,217.0,55.0,37.0,21.0
32.0,146.0,40.0,22.0,11.0
215.0,283.0,265.0,72.0,32.0
240.0,580.0,182.0,550.0,417.0
487.0,296.0,78.0,80.0,53.0
383.0,146.0,67.0,102.0,32.0
57.0,14.0,66.0,1.0,33.0
82.0,330.0,101.0,173.0,141.0
33.0,140.0,41.0,19.0,11.0
41.0,148.0,50.0,22.0,19.0
28.0,228.0,56.0,41.0,22.0
43.0,233.0,52.0,37.0,20.0
40.0,517.0,62.0,17.0,43.0
35.0,156.0,44.0,22.0,14.0
24.0,265.0,63.0,62.0,29.0
42.0,178.0,50.0,30.0,19.0
43.0,167.0,48.0,25.0,17.0
489.0,517.0,277.0,428.0,361.0
84.0,171.0,103.0,30.0,148.0
43.0,193.0,52.0,34.0,20.0
54.0,236.0,57.0,44.0,24.0
71.0,140.0,86.0,2.0,23.0
59.0,297.0,68.0,79.0,34.0
27.0,146.0,24.0,17.0,8.0
131.0,353.0,143.0,148.0,287.0
40.0,167.0,48.0,25.0,17.0
183.0,312.0,77.0,100.0,49.0
21.0,0.0,20.0,2.0,3.0
70.0,329.0,84.0,117.0,64.0
34.0,205.0,40.0,18.0,11.0
28.0,257.0,22.0,2.0,4.0
91.0,319.0,107.0,115.0,157.0
54.0,248.0,54.0,36.0,20.0
32.0,122.0,34.0,17.0,8.0
77.0,247.0,88.0,30.0,19.0
43.0,163.0,51.0,22.0,14.0
59.0,236.0,57.0,44.0,24.0
45.0,171.0,55.0,37.0,21.0
133.0,353.0,96.0,143.0,118.0
58.0,284.0,63.0,70.0,31.0
128.0,518.0,155.0,428.0,361.0
29.0,146.0,27.0,20.0,15.0
95.0,650.0,123.0,235.0,194.0
45.0,226.0,55.0,38.0,22.0
197.0,346.0,90.0,131.0,107.0
140.0,330.0,164.0,118.0,369.0
64.0,283.0,76.0,115.0,64.0
63.0,284.0,74.0,77.0,43.0
43.0,353.0,56.0,148.0,22.0
82.0,282.0,42.0,72.0,32.0
43.0,308.0,51.0,97.0,20.0
61.0,304.0,71.0,88.0,38.0
99.0,517.0,156.0,417.0,364.0
71.0,188.0,85.0,118.0,78.0
205.0,292.0,86.0,79.0,96.0
102.0,228.0,164.0,41.0,369.0
91.0,353.0,114.0,151.0,123.0
38.0,193.0,52.0,34.0,20.0
32.0,76.0,22.0,2.0,4.0
206.0,661.0,226.0,618.0,481.0
35.0,283.0,86.0,72.0,101.0
133.0,237.0,226.0,97.0,481.0
59.0,247.0,69.0,50.0,24.0
77.0,329.0,86.0,125.0,96.0
62.0,173.0,72.0,30.0,22.0
131.0,517.0,157.0,428.0,364.0
35.0,148.0,44.0,22.0,14.0
58.0,260.0,63.0,62.0,29.0
190.0,482.0,151.0,52.0,303.0
208.0,283.0,224.0,102.0,43.0
65.0,353.0,77.0,143.0,60.0
91.0,437.0,114.0,214.0,157.0
95.0,163.0,123.0,22.0,13.0
165.0,519.0,165.0,538.0,386.0
59.0,236.0,72.0,51.0,25.0
62.0,330.0,72.0,121.0,43.0
487.0,140.0,42.0,19.0,11.0
73.0,223.0,87.0,37.0,78.0
28.0,153.0,33.0,19.0,8.0
59.0,283.0,58.0,72.0,32.0
59.0,160.0,70.0,226.0,181.0
28.0,106.0,27.0,7.0,7.0
240.0,282.0,114.0,153.0,160.0
49.0,240.0,57.0,47.0,24.0
21.0,273.0,22.0,64.0,29.0
28.0,122.0,36.0,18.0,11.0
90.0,375.0,100.0,172.0,128.0
95.0,299.0,123.0,67.0,89.0
100.0,474.0,151.0,309.0,205.0
96.0,173.0,153.0,367.0,331.0
133.0,171.0,153.0,56.0,26.0
999.0,519.0,999.0,468.0,999.0
78.0,240.0,59.0,52.0,25.0
59.0,241.0,65.0,47.0,30.0
208.0,283.0,237.0,72.0,109.0
130.0,469.0,157.0,290.0,266.0
59.0,282.0,74.0,70.0,31.0
82.0,215.0,103.0,192.0,148.0
21.0,236.0,27.0,3.0,8.0
38.0,171.0,48.0,25.0,17.0
128.0,348.0,89.0,135.0,109.0
50.0,228.0,58.0,41.0,31.0
133.0,480.0,151.0,376.0,303.0
21.0,205.0,20.0,36.0,20.0
71.0,337.0,85.0,118.0,78.0
71.0,354.0,85.0,151.0,81.0
43.0,242.0,52.0,36.0,19.0
102.0,282.0,153.0,376.0,331.0
70.0,265.0,84.0,66.0,30.0
766.0,647.0,822.0,806.0,481.0
43.0,273.0,52.0,36.0,20.0
35.0,146.0,44.0,22.0,14.0
95.0,469.0,123.0,235.0,205.0
24.0,248.0,24.0,51.0,26.0
49.0,205.0,58.0,47.0,24.0
93.0,302.0,84.0,117.0,76.0
39.0,160.0,48.0,22.0,15.0
59.0,296.0,66.0,80.0,36.0
166.0,520.0,175.0,538.0,416.0
71.0,221.0,86.0,37.0,22.0
33.0,135.0,41.0,18.0,11.0
82.0,223.0,86.0,37.0,21.0
383.0,221.0,490.0,37.0,21.0
78.0,228.0,90.0,41.0,118.0
315.0,661.0,352.0,861.0,602.0
28.0,223.0,34.0,137.0,8.0
33.0,78.0,24.0,2.0,6.0
34.0,217.0,52.0,36.0,20.0
100.0,517.0,149.0,367.0,283.0
71.0,122.0,86.0,97.0,96.0
131.0,518.0,164.0,428.0,368.0
552.0,517.0,526.0,290.0,716.0
130.0,480.0,156.0,366.0,364.0
84.0,397.0,120.0,202.0,177.0
78.0,375.0,90.0,172.0,118.0
21.0,223.0,55.0,37.0,21.0
80.0,228.0,85.0,50.0,24.0
190.0,632.0,189.0,558.0,431.0
45.0,217.0,55.0,37.0,21.0
59.0,140.0,69.0,18.0,35.0
63.0,248.0,72.0,51.0,25.0
279.0,329.0,298.0,83.0,43.0
78.0,167.0,27.0,25.0,18.0
190.0,215.0,123.0,168.0,128.0
39.0,76.0,24.0,2.0,6.0
49.0,217.0,55.0,37.0,21.0
29.0,138.0,34.0,19.0,11.0
59.0,301.0,69.0,83.0,35.0
20.0,89.0,24.0,3.0,7.0
35.0,226.0,51.0,37.0,4.0
71.0,283.0,86.0,66.0,30.0
38.0,222.0,48.0,22.0,14.0
0.0,89.0,0.0,1.0,0.0
240.0,437.0,277.0,214.0,567.0
93.0,351.0,123.0,132.0,105.0
67.0,354.0,78.0,102.0,53.0
59.0,480.0,69.0,226.0,44.0
72.0,248.0,49.0,37.0,20.0
28.0,160.0,27.0,22.0,14.0
93.0,301.0,121.0,83.0,36.0
78.0,339.0,90.0,143.0,118.0
100.0,438.0,151.0,222.0,174.0
59.0,375.0,69.0,168.0,35.0
54.0,221.0,58.0,57.0,24.0
33.0,449.0,165.0,226.0,181.0
206.0,178.0,224.0,30.0,43.0
90.0,386.0,107.0,173.0,154.0
206.0,580.0,224.0,550.0,477.0
59.0,296.0,69.0,80.0,35.0
40.0,135.0,36.0,18.0,8.0
206.0,347.0,226.0,133.0,477.0
96.0,474.0,137.0,290.0,205.0
421.0,146.0,78.0,117.0,73.0
69.0,265.0,63.0,62.0,28.0
29.0,106.0,20.0,7.0,7.0
84.0,347.0,86.0,131.0,105.0
53.0,299.0,60.0,82.0,26.0
62.0,273.0,71.0,88.0,37.0
102.0,236.0,152.0,44.0,23.0
58.0,106.0,69.0,62.0,33.0
28.0,282.0,33.0,18.0,8.0
71.0,325.0,85.0,118.0,78.0
35.0,135.0,44.0,22.0,14.0
71.0,330.0,85.0,118.0,78.0
206.0,284.0,68.0,77.0,33.0
31.0,148.0,39.0,22.0,18.0
315.0,273.0,367.0,64.0,613.0
43.0,205.0,52.0,36.0,20.0
371.0,940.0,480.0,841.0,613.0
98.0,163.0,69.0,22.0,15.0
59.0,296.0,69.0,81.0,35.0
61.0,312.0,71.0,100.0,47.0
59.0,292.0,69.0,79.0,35.0
28.0,233.0,27.0,43.0,7.0
208.0,317.0,265.0,102.0,53.0
92.0,308.0,72.0,93.0,41.0
32.0,156.0,44.0,22.0,13.0
45.0,222.0,55.0,37.0,21.0
192.0,517.0,189.0,428.0,361.0
106.0,303.0,153.0,373.0,303.0
49.0,236.0,56.0,44.0,23.0
65.0,319.0,78.0,102.0,50.0
58.0,406.0,63.0,110.0,33.0
59.0,313.0,65.0,67.0,31.0
64.0,326.0,76.0,118.0,78.0
98.0,528.0,181.0,538.0,416.0
59.0,167.0,66.0,25.0,17.0
371.0,228.0,55.0,41.0,22.0
45.0,240.0,55.0,47.0,21.0
20.0,164.0,24.0,3.0,7.0
47.0,353.0,44.0,2.0,6.0
49.0,306.0,58.0,88.0,37.0
29.0,205.0,151.0,36.0,303.0
133.0,528.0,181.0,538.0,416.0
59.0,301.0,65.0,80.0,30.0
91.0,354.0,99.0,151.0,123.0
91.0,236.0,43.0,19.0,14.0
37.0,317.0,45.0,100.0,44.0
0.0,0.0,0.0,0.0,0.0
100.0,236.0,149.0,44.0,287.0
67.0,348.0,78.0,226.0,64.0
38.0,160.0,48.0,22.0,15.0
102.0,480.0,151.0,366.0,289.0
421.0,273.0,89.0,64.0,110.0
49.0,236.0,56.0,44.0,24.0
77.0,297.0,70.0,82.0,36.0
71.0,301.0,84.0,83.0,36.0
69.0,248.0,49.0,62.0,28.0
60.0,241.0,71.0,47.0,24.0
31.0,160.0,48.0,23.0,15.0
130.0,517.0,155.0,428.0,361.0
555.0,647.0,709.0,589.0,926.0
82.0,354.0,92.0,137.0,120.0
35.0,140.0,41.0,19.0,11.0
29.0,0.0,0.0,0.0,0.0
215.0,580.0,225.0,550.0,477.0
59.0,386.0,58.0,62.0,29.0
215.0,308.0,352.0,90.0,602.0
78.0,351.0,92.0,137.0,110.0
208.0,314.0,153.0,386.0,334.0
165.0,306.0,65.0,82.0,26.0
216.0,188.0,44.0,30.0,19.0
35.0,194.0,45.0,36.0,20.0
33.0,146.0,41.0,20.0,11.0
29.0,0.0,27.0,2.0,7.0
371.0,284.0,72.0,30.0,43.0
315.0,353.0,352.0,143.0,364.0
34.0,312.0,120.0,100.0,118.0
54.0,228.0,59.0,52.0,25.0
35.0,236.0,44.0,44.0,11.0
335.0,632.0,208.0,558.0,431.0
84.0,437.0,107.0,214.0,160.0
64.0,236.0,69.0,56.0,35.0
59.0,326.0,69.0,117.0,76.0
71.0,351.0,85.0,118.0,89.0
166.0,589.0,175.0,550.0,429.0
71.0,217.0,86.0,36.0,20.0
955.0,217.0,83.0,37.0,41.0
77.0,278.0,71.0,81.0,35.0
28.0,306.0,73.0,88.0,37.0
59.0,353.0,66.0,172.0,33.0
231.0,361.0,99.0,152.0,124.0
433.0,319.0,526.0,102.0,716.0
78.0,191.0,36.0,34.0,20.0
91.0,164.0,47.0,23.0,15.0
96.0,302.0,124.0,226.0,205.0
98.0,282.0,51.0,36.0,20.0
53.0,248.0,59.0,56.0,26.0
133.0,242.0,76.0,50.0,24.0
91.0,354.0,114.0,151.0,120.0
63.0,146.0,0.0,20.0,0.0
49.0,228.0,58.0,41.0,22.0
63.0,178.0,74.0,30.0,19.0
335.0,171.0,44.0,25.0,14.0
54.0,160.0,52.0,37.0,21.0
294.0,528.0,367.0,538.0,386.0
81.0,326.0,101.0,117.0,76.0
99.0,375.0,156.0,172.0,364.0
77.0,240.0,99.0,132.0,128.0
65.0,580.0,78.0,550.0,509.0
59.0,106.0,71.0,8.0,18.0
20.0,299.0,69.0,82.0,35.0
81.0,252.0,100.0,90.0,40.0
80.0,314.0,96.0,66.0,30.0
54.0,299.0,24.0,93.0,7.0
82.0,171.0,84.0,25.0,17.0
192.0,292.0,200.0,79.0,33.0
43.0,172.0,48.0,2.0,7.0
692.0,339.0,604.0,235.0,160.0
99.0,178.0,50.0,30.0,19.0
49.0,302.0,69.0,87.0,36.0
59.0,284.0,69.0,77.0,35.0
31.0,284.0,39.0,62.0,29.0
64.0,346.0,87.0,131.0,109.0
71.0,517.0,86.0,152.0,89.0
328.0,312.0,470.0,93.0,623.0
160.0,215.0,164.0,40.0,369.0
35.0,181.0,44.0,22.0,14.0
20.0,232.0,48.0,52.0,16.0
53.0,222.0,55.0,37.0,21.0
70.0,326.0,84.0,115.0,76.0
183.0,165.0,30.0,26.0,8.0
91.0,353.0,99.0,151.0,124.0
98.0,445.0,147.0,367.0,289.0
96.0,346.0,87.0,135.0,107.0
49.0,226.0,58.0,37.0,25.0
71.0,449.0,86.0,226.0,78.0
96.0,188.0,126.0,36.0,24.0
23.0,25.0,24.0,2.0,3.0
98.0,205.0,152.0,36.0,20.0
315.0,178.0,120.0,30.0,34.0
294.0,438.0,225.0,222.0,364.0
59.0,306.0,66.0,88.0,64.0
71.0,165.0,85.0,23.0,110.0
78.0,255.0,86.0,118.0,99.0
92.0,301.0,99.0,82.0,128.0
71.0,312.0,86.0,100.0,47.0
54.0,301.0,60.0,83.0,99.0
45.0,233.0,55.0,50.0,21.0
70.0,313.0,84.0,97.0,43.0
102.0,199.0,50.0,30.0,19.0
43.0,303.0,57.0,88.0,34.0
32.0,139.0,40.0,18.0,11.0
53.0,278.0,60.0,66.0,26.0
21.0,252.0,22.0,2.0,4.0
128.0,241.0,156.0,47.0,368.0
61.0,284.0,68.0,77.0,33.0
32.0,139.0,40.0,19.0,11.0
81.0,353.0,100.0,143.0,128.0
91.0,296.0,114.0,81.0,32.0
99.0,632.0,208.0,558.0,431.0
294.0,510.0,352.0,386.0,334.0
65.0,273.0,77.0,66.0,31.0
130.0,494.0,156.0,806.0,364.0
77.0,163.0,9.0,22.0,1.0
40.0,240.0,58.0,47.0,24.0
33.0,116.0,24.0,7.0,8.0
59.0,580.0,70.0,2.0,3.0
65.0,325.0,78.0,115.0,64.0
65.0,314.0,78.0,102.0,53.0
100.0,580.0,182.0,550.0,417.0
20.0,449.0,114.0,226.0,181.0
81.0,138.0,84.0,19.0,11.0
20.0,193.0,51.0,34.0,20.0
46.0,217.0,55.0,37.0,21.0
71.0,317.0,86.0,132.0,96.0
90.0,223.0,107.0,37.0,154.0
80.0,347.0,116.0,93.0,42.0
49.0,228.0,56.0,41.0,22.0
160.0,304.0,164.0,558.0,417.0
133.0,589.0,189.0,558.0,429.0
433.0,354.0,526.0,151.0,716.0
34.0,528.0,114.0,861.0,722.0
27.0,228.0,52.0,40.0,20.0
100.0,313.0,152.0,100.0,49.0
28.0,156.0,27.0,10.0,7.0
84.0,433.0,107.0,213.0,160.0
128.0,330.0,87.0,117.0,105.0
692.0,528.0,237.0,538.0,386.0
31.0,122.0,39.0,17.0,10.0
63.0,148.0,72.0,19.0,35.0
59.0,165.0,72.0,23.0,43.0
77.0,335.0,87.0,133.0,105.0
213.0,148.0,244.0,22.0,14.0
59.0,283.0,68.0,76.0,32.0
63.0,178.0,57.0,30.0,19.0
205.0,353.0,490.0,138.0,115.0
23.0,248.0,24.0,51.0,8.0
49.0,240.0,58.0,47.0,25.0
102.0,278.0,152.0,67.0,31.0
683.0,122.0,33.0,17.0,8.0
65.0,283.0,90.0,72.0,31.0
65.0,304.0,71.0,88.0,38.0
40.0,273.0,50.0,30.0,19.0
29.0,164.0,48.0,23.0,15.0
126.0,510.0,153.0,386.0,344.0
39.0,140.0,48.0,19.0,15.0
49.0,236.0,56.0,45.0,24.0
71.0,337.0,86.0,121.0,99.0
99.0,236.0,145.0,132.0,266.0
59.0,278.0,68.0,77.0,33.0
20.0,172.0,48.0,27.0,18.0
79.0,437.0,60.0,59.0,26.0
49.0,260.0,57.0,52.0,25.0
421.0,25.0,20.0,2.0,3.0
42.0,181.0,50.0,28.0,19.0
555.0,650.0,709.0,585.0,926.0
82.0,375.0,101.0,172.0,141.0
197.0,528.0,181.0,538.0,416.0
35.0,52.0,49.0,18.0,11.0
31.0,151.0,39.0,22.0,14.0
50.0,236.0,56.0,44.0,24.0
0.0,308.0,0.0,93.0,0.0
58.0,265.0,62.0,62.0,28.0
21.0,139.0,20.0,19.0,11.0
208.0,449.0,114.0,226.0,181.0
33.0,193.0,41.0,19.0,11.0
205.0,353.0,189.0,841.0,613.0
231.0,197.0,225.0,34.0,20.0
59.0,178.0,66.0,30.0,19.0
91.0,445.0,120.0,226.0,181.0
59.0,164.0,70.0,23.0,7.0
20.0,193.0,55.0,34.0,18.0
33.0,140.0,41.0,19.0,11.0
96.0,519.0,152.0,376.0,303.0
59.0,236.0,63.0,36.0,24.0
133.0,273.0,77.0,64.0,35.0
165.0,589.0,189.0,558.0,429.0
328.0,337.0,470.0,121.0,481.0
48.0,228.0,56.0,41.0,22.0
49.0,237.0,57.0,44.0,24.0
58.0,283.0,63.0,62.0,29.0
126.0,474.0,153.0,290.0,260.0
63.0,139.0,72.0,18.0,11.0
216.0,330.0,87.0,118.0,110.0
35.0,151.0,44.0,22.0,14.0
32.0,205.0,40.0,19.0,11.0
38.0,178.0,48.0,30.0,15.0
552.0,437.0,137.0,211.0,289.0
69.0,78.0,69.0,2.0,4.0
40.0,221.0,55.0,37.0,22.0
58.0,304.0,63.0,88.0,24.0
45.0,228.0,56.0,41.0,22.0
39.0,194.0,48.0,25.0,17.0
140.0,330.0,151.0,376.0,303.0
205.0,647.0,208.0,618.0,509.0
33.0,140.0,40.0,19.0,11.0
80.0,303.0,96.0,153.0,123.0
58.0,297.0,62.0,76.0,30.0
64.0,278.0,34.0,30.0,8.0
28.0,153.0,33.0,17.0,8.0
80.0,354.0,99.0,151.0,128.0
21.0,248.0,20.0,2.0,3.0
130.0,437.0,145.0,286.0,266.0
28.0,283.0,69.0,72.0,32.0
91.0,445.0,116.0,211.0,157.0
20.0,228.0,56.0,41.0,22.0
65.0,255.0,60.0,58.0,26.0
80.0,437.0,99.0,214.0,128.0
131.0,474.0,147.0,226.0,181.0
78.0,273.0,155.0,64.0,29.0
102.0,312.0,152.0,309.0,274.0
40.0,167.0,48.0,25.0,18.0
58.0,217.0,55.0,37.0,21.0
80.0,366.0,93.0,153.0,119.0
61.0,308.0,71.0,88.0,37.0
71.0,353.0,89.0,148.0,107.0
28.0,265.0,33.0,62.0,8.0
215.0,406.0,265.0,204.0,173.0
34.0,163.0,47.0,22.0,15.0
49.0,236.0,56.0,44.0,23.0
31.0,122.0,39.0,17.0,10.0
45.0,171.0,55.0,25.0,17.0
91.0,297.0,85.0,87.0,36.0
72.0,228.0,86.0,41.0,24.0
31.0,165.0,41.0,19.0,11.0
489.0,330.0,78.0,118.0,53.0
42.0,178.0,50.0,30.0,19.0
48.0,236.0,55.0,44.0,24.0
128.0,313.0,155.0,88.0,368.0
91.0,469.0,116.0,286.0,222.0
40.0,153.0,48.0,30.0,18.0
39.0,241.0,48.0,25.0,17.0
53.0,223.0,60.0,37.0,21.0
216.0,0.0,298.0,0.0,0.0
47.0,223.0,56.0,37.0,23.0
41.0,178.0,50.0,30.0,19.0
35.0,153.0,44.0,22.0,14.0
43.0,193.0,52.0,34.0,20.0
208.0,528.0,237.0,538.0,416.0
433.0,273.0,85.0,64.0,29.0
35.0,221.0,44.0,37.0,21.0
96.0,353.0,90.0,138.0,118.0
96.0,353.0,107.0,150.0,160.0
131.0,354.0,156.0,153.0,364.0
99.0,661.0,137.0,576.0,926.0
96.0,518.0,153.0,386.0,334.0
40.0,302.0,48.0,87.0,19.0
65.0,236.0,78.0,50.0,53.0
80.0,325.0,83.0,115.0,64.0
49.0,148.0,40.0,22.0,14.0
54.0,257.0,63.0,62.0,29.0
371.0,52.0,480.0,13.0,613.0
79.0,353.0,92.0,151.0,119.0
34.0,116.0,44.0,17.0,14.0
71.0,319.0,78.0,102.0,53.0
59.0,273.0,65.0,66.0,30.0
206.0,647.0,224.0,585.0,453.0
699.0,647.0,783.0,576.0,963.0
433.0,506.0,526.0,618.0,716.0
861.0,247.0,728.0,585.0,926.0
47.0,197.0,52.0,36.0,20.0
46.0,221.0,55.0,37.0,21.0
34.0,296.0,39.0,18.0,10.0
130.0,151.0,27.0,22.0,13.0
71.0,348.0,87.0,132.0,107.0
45.0,191.0,52.0,36.0,20.0
37.0,240.0,56.0,45.0,24.0
77.0,353.0,99.0,152.0,128.0
28.0,163.0,33.0,22.0,15.0
63.0,140.0,72.0,19.0,11.0
63.0,335.0,85.0,118.0,78.0
33.0,163.0,44.0,22.0,14.0
24.0,289.0,24.0,45.0,7.0
31.0,151.0,39.0,22.0,11.0
335.0,146.0,42.0,20.0,11.0
81.0,122.0,103.0,102.0,155.0
71.0,292.0,85.0,79.0,33.0
45.0,228.0,55.0,41.0,22.0
285.0,278.0,72.0,67.0,42.0
433.0,160.0,526.0,7.0,716.0
34.0,163.0,44.0,22.0,14.0
279.0,296.0,298.0,290.0,260.0
166.0,339.0,100.0,125.0,96.0
21.0,171.0,43.0,25.0,17.0
41.0,197.0,50.0,36.0,20.0
63.0,163.0,74.0,22.0,11.0
28.0,165.0,30.0,23.0,8.0
294.0,273.0,87.0,66.0,30.0
43.0,226.0,39.0,38.0,20.0
489.0,474.0,470.0,290.0,623.0
213.0,482.0,237.0,558.0,431.0
166.0,510.0,164.0,386.0,331.0
63.0,240.0,72.0,93.0,42.0
140.0,518.0,200.0,538.0,429.0
69.0,335.0,85.0,118.0,78.0
45.0,308.0,55.0,2.0,22.0
98.0,146.0,30.0,8.0,7.0
65.0,247.0,59.0,57.0,26.0
52.0,518.0,59.0,56.0,26.0
63.0,330.0,85.0,118.0,53.0
131.0,517.0,156.0,428.0,364.0
63.0,312.0,72.0,93.0,42.0
130.0,518.0,152.0,367.0,287.0
216.0,140.0,43.0,19.0,11.0
20.0,122.0,56.0,17.0,24.0
20.0,302.0,27.0,110.0,7.0
80.0,353.0,87.0,150.0,118.0
183.0,589.0,182.0,558.0,431.0
82.0,347.0,101.0,135.0,115.0
60.0,296.0,71.0,81.0,35.0
166.0,347.0,156.0,137.0,364.0
33.0,296.0,40.0,13.0,11.0
90.0,319.0,107.0,137.0,155.0
54.0,248.0,61.0,51.0,25.0
102.0,273.0,72.0,64.0,29.0
140.0,437.0,200.0,214.0,157.0
43.0,193.0,52.0,34.0,20.0
38.0,167.0,48.0,25.0,17.0
86.0,517.0,101.0,130.0,101.0
77.0,301.0,71.0,83.0,36.0
93.0,292.0,149.0,353.0,289.0
70.0,237.0,84.0,44.0,148.0
955.0,193.0,52.0,34.0,20.0
766.0,353.0,822.0,148.0,119.0
39.0,171.0,48.0,25.0,17.0
166.0,580.0,175.0,550.0,417.0
20.0,296.0,58.0,80.0,35.0
130.0,296.0,69.0,81.0,35.0
38.0,163.0,48.0,23.0,16.0
213.0,146.0,237.0,8.0,716.0
63.0,284.0,69.0,77.0,35.0
82.0,241.0,101.0,47.0,24.0
42.0,165.0,48.0,24.0,15.0
555.0,303.0,709.0,52.0,25.0
40.0,165.0,48.0,24.0,16.0
100.0,173.0,151.0,367.0,289.0
53.0,353.0,60.0,150.0,26.0
28.0,165.0,27.0,30.0,19.0
100.0,223.0,151.0,37.0,287.0
699.0,661.0,783.0,585.0,963.0
28.0,748.0,27.0,17.0,8.0
40.0,173.0,48.0,27.0,18.0
692.0,317.0,783.0,576.0,963.0
98.0,510.0,143.0,373.0,303.0
35.0,160.0,44.0,22.0,12.0
100.0,480.0,153.0,367.0,334.0
65.0,296.0,74.0,79.0,36.0
216.0,329.0,84.0,117.0,73.0
59.0,181.0,66.0,25.0,22.0
35.0,140.0,44.0,19.0,11.0
96.0,632.0,208.0,558.0,431.0
34.0,171.0,48.0,25.0,18.0
206.0,404.0,225.0,202.0,481.0
27.0,232.0,57.0,47.0,24.0
63.0,248.0,72.0,51.0,43.0
59.0,178.0,69.0,77.0,35.0
41.0,191.0,50.0,30.0,19.0
77.0,337.0,86.0,121.0,78.0
82.0,257.0,103.0,70.0,35.0
59.0,314.0,69.0,100.0,44.0
433.0,194.0,526.0,36.0,716.0
256.0,517.0,291.0,417.0,368.0
70.0,312.0,84.0,117.0,76.0
57.0,163.0,47.0,22.0,15.0
29.0,148.0,44.0,22.0,13.0
49.0,284.0,56.0,57.0,22.0
165.0,236.0,164.0,44.0,368.0
999.0,122.0,999.0,18.0,999.0
65.0,354.0,96.0,148.0,107.0
80.0,348.0,99.0,133.0,128.0
999.0,647.0,999.0,585.0,999.0
213.0,178.0,50.0,30.0,19.0
77.0,296.0,88.0,81.0,53.0
59.0,273.0,69.0,66.0,53.0
40.0,222.0,48.0,26.0,18.0
42.0,241.0,77.0,102.0,50.0
29.0,354.0,49.0,151.0,123.0
61.0,252.0,60.0,59.0,26.0
186.0,178.0,50.0,30.0,19.0
71.0,343.0,86.0,125.0,96.0
35.0,146.0,44.0,22.0,12.0
71.0,346.0,86.0,131.0,101.0
128.0,517.0,153.0,376.0,331.0
59.0,255.0,60.0,58.0,26.0
71.0,313.0,85.0,100.0,47.0
64.0,312.0,74.0,100.0,60.0
51.0,343.0,59.0,153.0,26.0
35.0,241.0,44.0,22.0,14.0
49.0,217.0,63.0,52.0,25.0
80.0,404.0,99.0,202.0,128.0
489.0,233.0,490.0,40.0,24.0
96.0,517.0,126.0,417.0,331.0
183.0,329.0,73.0,117.0,73.0
77.0,193.0,87.0,36.0,99.0
28.0,317.0,34.0,102.0,50.0
166.0,319.0,89.0,137.0,110.0
0.0,171.0,0.0,25.0,0.0
61.0,306.0,71.0,88.0,37.0
186.0,326.0,105.0,152.0,154.0
62.0,283.0,71.0,72.0,36.0
80.0,199.0,52.0,36.0,20.0
421.0,506.0,59.0,62.0,28.0
71.0,339.0,86.0,125.0,96.0
100.0,482.0,149.0,366.0,289.0
315.0,297.0,352.0,806.0,613.0
63.0,314.0,77.0,100.0,50.0
29.0,199.0,34.0,36.0,20.0
28.0,76.0,27.0,2.0,7.0
96.0,354.0,92.0,150.0,120.0
99.0,335.0,87.0,133.0,110.0
59.0,296.0,69.0,81.0,35.0
861.0,171.0,48.0,30.0,19.0
256.0,278.0,298.0,62.0,29.0
28.0,353.0,20.0,62.0,22.0
69.0,292.0,137.0,79.0,32.0
427.0,406.0,514.0,204.0,716.0
20.0,589.0,9.0,77.0,33.0
24.0,178.0,24.0,30.0,6.0
63.0,233.0,72.0,43.0,41.0
59.0,178.0,70.0,30.0,23.0
102.0,163.0,152.0,558.0,431.0
131.0,519.0,156.0,468.0,368.0
70.0,347.0,84.0,133.0,76.0
315.0,163.0,45.0,19.0,11.0
91.0,188.0,116.0,226.0,181.0
24.0,289.0,24.0,37.0,25.0
53.0,228.0,58.0,41.0,22.0
65.0,343.0,78.0,102.0,53.0
67.0,312.0,78.0,97.0,53.0
33.0,146.0,45.0,22.0,14.0
70.0,337.0,84.0,117.0,76.0
29.0,163.0,34.0,2.0,6.0
206.0,517.0,226.0,417.0,477.0
43.0,199.0,52.0,36.0,20.0
58.0,326.0,63.0,2.0,3.0
59.0,289.0,69.0,80.0,35.0
53.0,282.0,59.0,72.0,26.0
41.0,237.0,50.0,45.0,22.0
80.0,354.0,99.0,151.0,124.0
58.0,273.0,59.0,66.0,26.0
45.0,252.0,54.0,51.0,25.0
102.0,517.0,156.0,428.0,364.0
35.0,173.0,44.0,28.0,14.0
192.0,191.0,84.0,30.0,76.0
80.0,292.0,93.0,204.0,155.0
47.0,223.0,55.0,37.0,22.0
86.0,404.0,105.0,202.0,154.0
65.0,308.0,78.0,102.0,50.0
91.0,247.0,114.0,50.0,24.0
54.0,199.0,61.0,36.0,20.0
91.0,433.0,107.0,202.0,157.0
82.0,474.0,103.0,223.0,177.0
79.0,330.0,90.0,117.0,118.0
91.0,386.0,107.0,173.0,194.0
53.0,111.0,60.0,57.0,26.0
40.0,167.0,48.0,30.0,18.0
315.0,517.0,352.0,373.0,331.0
99.0,241.0,57.0,47.0,24.0
73.0,319.0,85.0,102.0,53.0
433.0,347.0,526.0,133.0,716.0
86.0,223.0,105.0,202.0,154.0
71.0,247.0,85.0,51.0,148.0
197.0,404.0,200.0,550.0,429.0
216.0,148.0,44.0,22.0,12.0
100.0,312.0,151.0,353.0,303.0
315.0,188.0,34.0,34.0,8.0
90.0,228.0,56.0,41.0,22.0
43.0,164.0,51.0,30.0,16.0
65.0,122.0,78.0,93.0,128.0
683.0,510.0,147.0,558.0,431.0
32.0,221.0,44.0,40.0,11.0
82.0,139.0,44.0,19.0,11.0
206.0,233.0,226.0,618.0,481.0
64.0,292.0,76.0,79.0,33.0
59.0,301.0,70.0,83.0,36.0
197.0,650.0,226.0,585.0,477.0
208.0,146.0,244.0,22.0,24.0
100.0,178.0,147.0,30.0,287.0
48.0,156.0,78.0,30.0,19.0
0.0,178.0,0.0,30.0,0.0
955.0,297.0,33.0,22.0,8.0
96.0,353.0,99.0,168.0,128.0
106.0,165.0,153.0,24.0,266.0
208.0,339.0,514.0,290.0,963.0
240.0,171.0,291.0,25.0,567.0
77.0,353.0,101.0,148.0,151.0
52.0,247.0,59.0,56.0,26.0
72.0,433.0,86.0,213.0,173.0
63.0,302.0,74.0,87.0,36.0
190.0,171.0,175.0,25.0,477.0
60.0,301.0,73.0,87.0,41.0
102.0,517.0,155.0,428.0,361.0
23.0,308.0,24.0,90.0,40.0
71.0,330.0,85.0,118.0,78.0
98.0,480.0,139.0,290.0,260.0
699.0,228.0,55.0,41.0,22.0
80.0,296.0,88.0,80.0,107.0
38.0,78.0,30.0,2.0,4.0
166.0,346.0,181.0,538.0,416.0
33.0,140.0,41.0,19.0,11.0
96.0,348.0,114.0,135.0,109.0
160.0,194.0,164.0,36.0,368.0
71.0,335.0,85.0,118.0,78.0
43.0,226.0,52.0,36.0,20.0
43.0,247.0,57.0,50.0,24.0
315.0,178.0,52.0,30.0,19.0
160.0,240.0,124.0,47.0,205.0
48.0,228.0,56.0,41.0,22.0
48.0,236.0,54.0,44.0,22.0
100.0,517.0,151.0,376.0,303.0
43.0,222.0,55.0,37.0,21.0
38.0,164.0,48.0,23.0,15.0
45.0,248.0,55.0,51.0,24.0
51.0,252.0,59.0,52.0,25.0
61.0,241.0,71.0,47.0,24.0
74.0,519.0,87.0,538.0,416.0
51.0,236.0,59.0,44.0,25.0
489.0,273.0,39.0,66.0,10.0
21.0,0.0,20.0,0.0,1.0
45.0,226.0,55.0,37.0,21.0
489.0,520.0,225.0,538.0,386.0
62.0,302.0,70.0,87.0,36.0
63.0,248.0,83.0,58.0,26.0
315.0,375.0,352.0,538.0,602.0
130.0,228.0,155.0,428.0,361.0
61.0,292.0,71.0,79.0,36.0
70.0,319.0,84.0,102.0,73.0
192.0,252.0,56.0,44.0,24.0
186.0,528.0,181.0,538.0,416.0
0.0,0.0,0.0,0.0,0.0
65.0,148.0,50.0,30.0,19.0
999.0,330.0,999.0,558.0,999.0
33.0,228.0,87.0,115.0,101.0
28.0,76.0,22.0,2.0,4.0
96.0,339.0,87.0,125.0,96.0
90.0,517.0,107.0,211.0,160.0
48.0,228.0,56.0,41.0,22.0
59.0,178.0,66.0,30.0,19.0
205.0,241.0,107.0,52.0,8.0
91.0,319.0,105.0,110.0,154.0
421.0,353.0,105.0,138.0,154.0
40.0,173.0,48.0,28.0,18.0
59.0,236.0,69.0,47.0,35.0
59.0,296.0,69.0,81.0,33.0
92.0,242.0,20.0,2.0,3.0
84.0,308.0,71.0,90.0,40.0
279.0,449.0,298.0,226.0,177.0
59.0,284.0,69.0,77.0,32.0
65.0,335.0,78.0,110.0,53.0
46.0,188.0,52.0,30.0,19.0
47.0,273.0,55.0,66.0,30.0
683.0,528.0,147.0,538.0,416.0
92.0,482.0,120.0,223.0,177.0
160.0,312.0,56.0,36.0,23.0
82.0,406.0,103.0,290.0,151.0
131.0,517.0,156.0,417.0,364.0
84.0,304.0,84.0,88.0,76.0
208.0,647.0,208.0,558.0,431.0
58.0,273.0,63.0,64.0,29.0
40.0,172.0,48.0,27.0,18.0
63.0,296.0,69.0,80.0,35.0
77.0,330.0,85.0,118.0,78.0
59.0,301.0,66.0,66.0,31.0
60.0,339.0,71.0,83.0,36.0
34.0,337.0,41.0,30.0,11.0
82.0,236.0,56.0,44.0,24.0
74.0,283.0,49.0,79.0,34.0
70.0,205.0,84.0,36.0,73.0
40.0,146.0,48.0,30.0,18.0
766.0,474.0,783.0,576.0,963.0
99.0,517.0,145.0,428.0,361.0
65.0,319.0,78.0,102.0,53.0
98.0,299.0,153.0,386.0,334.0
285.0,148.0,277.0,30.0,283.0
98.0,437.0,71.0,67.0,30.0
98.0,313.0,139.0,290.0,260.0
93.0,241.0,103.0,226.0,154.0
35.0,163.0,44.0,22.0,14.0
208.0,223.0,189.0,37.0,21.0
315.0,647.0,352.0,576.0,623.0
315.0,449.0,116.0,226.0,181.0
96.0,469.0,121.0,213.0,170.0
133.0,517.0,156.0,428.0,361.0
552.0,217.0,55.0,37.0,21.0
90.0,438.0,107.0,223.0,174.0
86.0,296.0,107.0,80.0,157.0
71.0,339.0,86.0,125.0,96.0
208.0,89.0,27.0,3.0,7.0
35.0,106.0,44.0,22.0,11.0
43.0,273.0,52.0,62.0,26.0
77.0,348.0,89.0,135.0,109.0
61.0,283.0,68.0,72.0,32.0
86.0,172.0,105.0,27.0,154.0
61.0,265.0,71.0,121.0,36.0
128.0,283.0,157.0,72.0,368.0
71.0,329.0,85.0,117.0,78.0
208.0,205.0,52.0,36.0,20.0
29.0,247.0,34.0,17.0,8.0
45.0,222.0,55.0,37.0,21.0
59.0,296.0,69.0,79.0,33.0
683.0,999.0,514.0,999.0,657.0
43.0,165.0,65.0,22.0,14.0
59.0,494.0,63.0,22.0,14.0
315.0,343.0,85.0,102.0,50.0
21.0,25.0,22.0,2.0,3.0
39.0,163.0,48.0,22.0,14.0
96.0,191.0,124.0,235.0,205.0
699.0,632.0,783.0,589.0,963.0
61.0,240.0,59.0,47.0,24.0
70.0,282.0,84.0,79.0,53.0
37.0,237.0,57.0,45.0,24.0
35.0,140.0,44.0,22.0,13.0
49.0,247.0,58.0,50.0,25.0
92.0,151.0,116.0,235.0,173.0
186.0,528.0,181.0,538.0,416.0
71.0,193.0,86.0,34.0,22.0
28.0,178.0,27.0,7.0,7.0
77.0,140.0,48.0,22.0,14.0
80.0,406.0,103.0,204.0,155.0
63.0,283.0,72.0,70.0,44.0
81.0,437.0,100.0,213.0,170.0
48.0,252.0,57.0,52.0,24.0
63.0,296.0,65.0,81.0,33.0
49.0,236.0,56.0,44.0,24.0
39.0,167.0,48.0,25.0,17.0
41.0,171.0,50.0,30.0,19.0
100.0,273.0,147.0,66.0,30.0
43.0,301.0,71.0,83.0,36.0
54.0,0.0,85.0,226.0,181.0
59.0,265.0,63.0,62.0,29.0
20.0,171.0,20.0,3.0,1.0
71.0,260.0,90.0,36.0,20.0
82.0,191.0,55.0,36.0,20.0
231.0,273.0,116.0,66.0,174.0
47.0,248.0,58.0,51.0,24.0
215.0,650.0,225.0,585.0,481.0
80.0,348.0,86.0,130.0,101.0
92.0,438.0,123.0,222.0,181.0
62.0,226.0,72.0,102.0,43.0
63.0,282.0,72.0,72.0,31.0
100.0,76.0,149.0,2.0,4.0
91.0,519.0,105.0,211.0,155.0
49.0,273.0,52.0,34.0,18.0
80.0,353.0,93.0,138.0,110.0
49.0,236.0,56.0,44.0,24.0
72.0,282.0,72.0,72.0,41.0
47.0,228.0,55.0,41.0,22.0
59.0,248.0,66.0,44.0,24.0
65.0,348.0,78.0,195.0,154.0
100.0,284.0,68.0,76.0,32.0
81.0,153.0,100.0,22.0,7.0
74.0,347.0,87.0,135.0,107.0
78.0,353.0,90.0,150.0,120.0
0.0,0.0,0.0,0.0,0.0
216.0,313.0,237.0,100.0,602.0
33.0,167.0,48.0,25.0,17.0
20.0,248.0,59.0,52.0,25.0
59.0,284.0,69.0,77.0,34.0
99.0,517.0,153.0,376.0,331.0
240.0,319.0,490.0,102.0,623.0
279.0,171.0,298.0,309.0,602.0
216.0,248.0,277.0,36.0,20.0
70.0,351.0,56.0,77.0,24.0
45.0,205.0,55.0,36.0,21.0
192.0,343.0,151.0,130.0,303.0
28.0,232.0,30.0,1.0,8.0
49.0,241.0,57.0,47.0,24.0
71.0,438.0,86.0,222.0,174.0
766.0,353.0,537.0,150.0,722.0
213.0,589.0,237.0,558.0,477.0
98.0,165.0,137.0,23.0,266.0
43.0,197.0,51.0,36.0,20.0
24.0,205.0,24.0,3.0,7.0
71.0,308.0,85.0,118.0,78.0
294.0,314.0,225.0,130.0,509.0
126.0,506.0,153.0,376.0,331.0
58.0,297.0,78.0,82.0,50.0
28.0,205.0,27.0,10.0,8.0
63.0,146.0,72.0,20.0,10.0
98.0,301.0,139.0,83.0,260.0
34.0,139.0,27.0,18.0,7.0
91.0,312.0,137.0,195.0,266.0
47.0,299.0,55.0,88.0,32.0
59.0,282.0,66.0,72.0,31.0
71.0,361.0,86.0,18.0,76.0
80.0,517.0,101.0,386.0,148.0
71.0,236.0,87.0,44.0,8.0
99.0,494.0,157.0,36.0,368.0
59.0,167.0,59.0,25.0,17.0
206.0,510.0,226.0,386.0,334.0
96.0,302.0,226.0,87.0,36.0
32.0,480.0,40.0,18.0,11.0
38.0,222.0,56.0,40.0,22.0
65.0,330.0,78.0,102.0,53.0
59.0,301.0,70.0,83.0,36.0
43.0,223.0,51.0,37.0,21.0
93.0,480.0,87.0,309.0,107.0
79.0,319.0,92.0,102.0,53.0
315.0,171.0,200.0,26.0,16.0
683.0,650.0,709.0,589.0,926.0
39.0,167.0,48.0,25.0,17.0
100.0,506.0,149.0,376.0,303.0
61.0,303.0,71.0,88.0,37.0
32.0,205.0,40.0,36.0,20.0
28.0,304.0,27.0,18.0,8.0
63.0,304.0,71.0,88.0,38.0
256.0,518.0,298.0,376.0,303.0
91.0,650.0,116.0,753.0,173.0
73.0,247.0,86.0,52.0,32.0
35.0,191.0,45.0,34.0,20.0
315.0,354.0,93.0,152.0,123.0
38.0,167.0,48.0,25.0,18.0
95.0,303.0,107.0,88.0,173.0
51.0,248.0,59.0,52.0,25.0
84.0,449.0,107.0,226.0,181.0
49.0,205.0,56.0,36.0,24.0
100.0,317.0,65.0,110.0,31.0
78.0,354.0,90.0,148.0,119.0
28.0,76.0,24.0,2.0,6.0
38.0,237.0,48.0,45.0,24.0
692.0,178.0,50.0,30.0,19.0
102.0,469.0,152.0,386.0,334.0
279.0,474.0,298.0,753.0,579.0
487.0,339.0,87.0,132.0,105.0
100.0,265.0,151.0,57.0,260.0
63.0,346.0,74.0,100.0,49.0
128.0,205.0,48.0,28.0,18.0
80.0,247.0,93.0,72.0,128.0
91.0,306.0,93.0,88.0,38.0
21.0,188.0,22.0,30.0,4.0
71.0,252.0,90.0,36.0,26.0
62.0,302.0,71.0,87.0,38.0
70.0,330.0,84.0,115.0,76.0
96.0,347.0,137.0,133.0,109.0
59.0,296.0,66.0,80.0,32.0
279.0,283.0,298.0,72.0,205.0
183.0,282.0,181.0,72.0,128.0
70.0,181.0,84.0,50.0,0.0
130.0,518.0,155.0,428.0,361.0
77.0,282.0,86.0,72.0,266.0
59.0,160.0,72.0,22.0,14.0
69.0,278.0,78.0,80.0,35.0
100.0,178.0,151.0,30.0,19.0
421.0,248.0,58.0,51.0,25.0
45.0,223.0,55.0,37.0,21.0
24.0,308.0,24.0,3.0,6.0
71.0,160.0,85.0,22.0,15.0
51.0,240.0,59.0,47.0,24.0
45.0,265.0,55.0,62.0,21.0
91.0,296.0,123.0,44.0,194.0
91.0,163.0,47.0,22.0,15.0
65.0,248.0,77.0,37.0,21.0
70.0,325.0,84.0,117.0,76.0
183.0,188.0,58.0,36.0,20.0
190.0,353.0,90.0,143.0,118.0
58.0,265.0,63.0,62.0,29.0
59.0,292.0,70.0,77.0,35.0
78.0,347.0,90.0,133.0,110.0
231.0,506.0,124.0,235.0,205.0
58.0,221.0,60.0,43.0,26.0
205.0,163.0,48.0,22.0,15.0
45.0,228.0,56.0,41.0,22.0
315.0,474.0,226.0,290.0,477.0
335.0,240.0,137.0,47.0,157.0
59.0,282.0,66.0,72.0,31.0
93.0,178.0,123.0,26.0,12.0
98.0,197.0,137.0,36.0,20.0
35.0,163.0,44.0,22.0,14.0
50.0,240.0,60.0,47.0,26.0
160.0,580.0,164.0,550.0,369.0
683.0,236.0,59.0,22.0,24.0
186.0,306.0,84.0,117.0,76.0
190.0,135.0,181.0,22.0,13.0
51.0,233.0,59.0,41.0,22.0
59.0,292.0,69.0,79.0,34.0
35.0,178.0,45.0,36.0,20.0
67.0,319.0,78.0,80.0,35.0
40.0,171.0,48.0,27.0,18.0
49.0,228.0,66.0,40.0,33.0
64.0,317.0,76.0,102.0,50.0
106.0,314.0,153.0,152.0,123.0
23.0,78.0,24.0,3.0,7.0
80.0,296.0,90.0,81.0,119.0
65.0,343.0,78.0,130.0,53.0
78.0,353.0,90.0,137.0,118.0
43.0,278.0,65.0,67.0,31.0
315.0,312.0,71.0,97.0,42.0
31.0,151.0,39.0,17.0,10.0
77.0,248.0,72.0,56.0,26.0
28.0,273.0,57.0,66.0,24.0
71.0,353.0,85.0,125.0,78.0
206.0,284.0,152.0,841.0,613.0
82.0,480.0,103.0,367.0,151.0
35.0,122.0,44.0,22.0,14.0
48.0,236.0,56.0,44.0,22.0
64.0,171.0,86.0,132.0,101.0
21.0,228.0,56.0,41.0,22.0
335.0,330.0,480.0,121.0,602.0
33.0,160.0,41.0,22.0,11.0
766.0,632.0,822.0,622.0,481.0
95.0,265.0,149.0,62.0,287.0
63.0,205.0,74.0,36.0,19.0
98.0,517.0,155.0,428.0,361.0
54.0,178.0,50.0,30.0,19.0
699.0,241.0,57.0,47.0,24.0
99.0,469.0,153.0,286.0,266.0
215.0,353.0,74.0,77.0,35.0
555.0,319.0,709.0,102.0,50.0
90.0,404.0,107.0,286.0,154.0
29.0,106.0,27.0,7.0,7.0
213.0,519.0,181.0,497.0,417.0
28.0,106.0,33.0,17.0,8.0
28.0,139.0,30.0,19.0,8.0
32.0,163.0,45.0,22.0,14.0
421.0,647.0,709.0,576.0,926.0
285.0,301.0,71.0,83.0,36.0
102.0,163.0,152.0,22.0,14.0
213.0,528.0,298.0,538.0,386.0
59.0,296.0,70.0,81.0,35.0
59.0,297.0,69.0,79.0,33.0
197.0,233.0,225.0,44.0,481.0
63.0,165.0,72.0,34.0,20.0
58.0,257.0,60.0,59.0,26.0
80.0,330.0,103.0,152.0,148.0
38.0,228.0,48.0,36.0,16.0
59.0,284.0,66.0,77.0,33.0
766.0,335.0,85.0,118.0,78.0
128.0,140.0,157.0,47.0,369.0
49.0,308.0,58.0,80.0,26.0
73.0,347.0,87.0,133.0,107.0
35.0,151.0,44.0,22.0,13.0
63.0,308.0,74.0,93.0,47.0
28.0,146.0,33.0,22.0,12.0
91.0,519.0,157.0,497.0,368.0
29.0,510.0,126.0,286.0,222.0
294.0,999.0,291.0,999.0,657.0
315.0,173.0,103.0,28.0,18.0
29.0,167.0,34.0,8.0,8.0
72.0,217.0,85.0,37.0,53.0
328.0,748.0,470.0,806.0,613.0
59.0,284.0,69.0,76.0,32.0
294.0,205.0,226.0,585.0,453.0
91.0,221.0,114.0,59.0,154.0
48.0,353.0,56.0,138.0,24.0
371.0,519.0,470.0,497.0,623.0
23.0,193.0,52.0,36.0,20.0
766.0,650.0,728.0,589.0,926.0
78.0,191.0,88.0,34.0,128.0
100.0,273.0,151.0,64.0,29.0
82.0,404.0,103.0,202.0,151.0
294.0,480.0,147.0,290.0,274.0
63.0,284.0,72.0,62.0,43.0
79.0,353.0,93.0,148.0,119.0
90.0,165.0,107.0,23.0,15.0
256.0,252.0,59.0,57.0,26.0
38.0,217.0,48.0,37.0,18.0
487.0,135.0,44.0,19.0,11.0
692.0,164.0,48.0,23.0,15.0
82.0,228.0,77.0,59.0,8.0
70.0,326.0,84.0,117.0,76.0
552.0,237.0,728.0,589.0,963.0
285.0,438.0,352.0,213.0,602.0
71.0,78.0,86.0,2.0,1.0
46.0,317.0,54.0,36.0,20.0
208.0,520.0,208.0,558.0,431.0
20.0,167.0,20.0,25.0,17.0
70.0,265.0,84.0,62.0,76.0
206.0,282.0,226.0,70.0,154.0
43.0,0.0,58.0,0.0,24.0
20.0,242.0,55.0,76.0,22.0
328.0,146.0,470.0,18.0,26.0
53.0,255.0,60.0,58.0,26.0
38.0,236.0,48.0,44.0,18.0
23.0,25.0,20.0,2.0,3.0
999.0,296.0,999.0,353.0,999.0
692.0,171.0,49.0,25.0,17.0
77.0,353.0,85.0,118.0,78.0
692.0,273.0,52.0,64.0,29.0
48.0,178.0,56.0,30.0,19.0
82.0,122.0,101.0,17.0,8.0
35.0,153.0,44.0,22.0,14.0
34.0,164.0,44.0,23.0,11.0
208.0,164.0,226.0,22.0,15.0
206.0,122.0,225.0,3.0,481.0
71.0,339.0,86.0,125.0,96.0
59.0,233.0,67.0,70.0,31.0
96.0,632.0,124.0,195.0,205.0
61.0,273.0,72.0,64.0,29.0
49.0,260.0,58.0,62.0,26.0
240.0,265.0,265.0,62.0,29.0
65.0,205.0,24.0,36.0,21.0
67.0,299.0,78.0,83.0,32.0
59.0,296.0,70.0,81.0,35.0
77.0,296.0,124.0,81.0,81.0
43.0,240.0,52.0,47.0,24.0
555.0,647.0,709.0,618.0,926.0
213.0,632.0,237.0,558.0,481.0
29.0,248.0,33.0,51.0,8.0
128.0,353.0,99.0,152.0,124.0
82.0,302.0,44.0,87.0,38.0
54.0,247.0,62.0,62.0,28.0
59.0,252.0,65.0,52.0,30.0
126.0,284.0,153.0,753.0,344.0
59.0,278.0,69.0,80.0,35.0
71.0,346.0,86.0,125.0,96.0
59.0,296.0,69.0,81.0,35.0
91.0,296.0,72.0,90.0,40.0
60.0,449.0,71.0,83.0,36.0
21.0,0.0,22.0,0.0,4.0
80.0,78.0,96.0,37.0,21.0
71.0,296.0,86.0,83.0,105.0
21.0,301.0,22.0,83.0,0.0
555.0,632.0,709.0,585.0,926.0
62.0,303.0,72.0,90.0,40.0
205.0,273.0,175.0,70.0,31.0
41.0,178.0,50.0,30.0,19.0
166.0,197.0,153.0,36.0,344.0
683.0,406.0,175.0,204.0,53.0
40.0,173.0,48.0,28.0,18.0
552.0,205.0,85.0,8.0,8.0
28.0,171.0,43.0,26.0,11.0
40.0,188.0,48.0,30.0,18.0
31.0,135.0,39.0,18.0,11.0
216.0,518.0,145.0,428.0,361.0
80.0,330.0,101.0,386.0,266.0
231.0,302.0,277.0,841.0,722.0
84.0,330.0,89.0,125.0,109.0
70.0,329.0,84.0,117.0,76.0
80.0,469.0,470.0,235.0,613.0
61.0,317.0,71.0,83.0,36.0
60.0,297.0,71.0,83.0,36.0
131.0,111.0,153.0,8.0,8.0
48.0,236.0,56.0,44.0,23.0
59.0,282.0,66.0,72.0,31.0
84.0,164.0,78.0,13.0,1.0
206.0,353.0,226.0,558.0,477.0
80.0,148.0,100.0,22.0,331.0
45.0,223.0,55.0,37.0,21.0
80.0,330.0,85.0,118.0,78.0
205.0,589.0,224.0,558.0,429.0
53.0,236.0,55.0,44.0,23.0
80.0,354.0,93.0,152.0,124.0
64.0,226.0,86.0,131.0,99.0
70.0,193.0,84.0,34.0,20.0
216.0,353.0,265.0,622.0,579.0
206.0,292.0,71.0,77.0,33.0
240.0,165.0,298.0,24.0,15.0
51.0,240.0,59.0,47.0,25.0
90.0,302.0,107.0,87.0,155.0
487.0,265.0,709.0,62.0,963.0
84.0,226.0,55.0,38.0,22.0
48.0,165.0,56.0,23.0,22.0
294.0,301.0,88.0,83.0,105.0
197.0,233.0,200.0,309.0,331.0
102.0,217.0,153.0,417.0,344.0
58.0,343.0,78.0,36.0,28.0
81.0,228.0,99.0,40.0,128.0
58.0,255.0,55.0,57.0,26.0
54.0,353.0,77.0,117.0,60.0
60.0,268.0,71.0,62.0,29.0
59.0,273.0,65.0,64.0,30.0
96.0,480.0,151.0,366.0,289.0
96.0,353.0,153.0,290.0,222.0
35.0,163.0,45.0,22.0,14.0
130.0,296.0,156.0,81.0,364.0
63.0,221.0,72.0,37.0,21.0
35.0,197.0,44.0,36.0,20.0
98.0,437.0,137.0,214.0,266.0
315.0,273.0,200.0,64.0,429.0
96.0,167.0,121.0,25.0,17.0
59.0,163.0,66.0,88.0,31.0
77.0,354.0,145.0,195.0,151.0
61.0,284.0,69.0,77.0,33.0
100.0,506.0,151.0,386.0,287.0
256.0,494.0,298.0,428.0,361.0
183.0,480.0,181.0,538.0,416.0
57.0,273.0,63.0,64.0,29.0
102.0,519.0,155.0,497.0,369.0
100.0,163.0,149.0,22.0,11.0
335.0,165.0,514.0,23.0,8.0
208.0,314.0,76.0,100.0,49.0
91.0,406.0,105.0,204.0,154.0
48.0,257.0,56.0,57.0,23.0
206.0,292.0,225.0,79.0,35.0
315.0,0.0,126.0,0.0,0.0
70.0,314.0,84.0,117.0,76.0
32.0,138.0,40.0,19.0,11.0
80.0,348.0,99.0,223.0,124.0
27.0,156.0,24.0,3.0,7.0
49.0,273.0,57.0,64.0,24.0
95.0,14.0,123.0,1.0,0.0
133.0,518.0,156.0,468.0,364.0
42.0,165.0,43.0,24.0,11.0
699.0,228.0,56.0,41.0,22.0
206.0,474.0,123.0,87.0,194.0
67.0,233.0,78.0,43.0,23.0
48.0,228.0,56.0,41.0,22.0
48.0,228.0,56.0,41.0,22.0
98.0,347.0,58.0,118.0,24.0
79.0,354.0,92.0,150.0,119.0
29.0,247.0,48.0,50.0,15.0
215.0,163.0,48.0,22.0,18.0
27.0,146.0,24.0,7.0,7.0
59.0,228.0,56.0,41.0,22.0
335.0,165.0,164.0,23.0,369.0
102.0,252.0,153.0,57.0,26.0
57.0,0.0,57.0,0.0,24.0
48.0,247.0,56.0,50.0,24.0
78.0,386.0,90.0,173.0,141.0
45.0,0.0,55.0,0.0,22.0
74.0,76.0,66.0,2.0,0.0
43.0,283.0,66.0,72.0,32.0
29.0,151.0,48.0,22.0,15.0
69.0,146.0,85.0,22.0,13.0
130.0,148.0,157.0,22.0,148.0
160.0,520.0,164.0,538.0,369.0
35.0,226.0,45.0,37.0,14.0
371.0,647.0,490.0,576.0,8.0
71.0,319.0,86.0,121.0,96.0
93.0,303.0,120.0,88.0,37.0
59.0,296.0,69.0,80.0,35.0
35.0,314.0,54.0,37.0,20.0
100.0,580.0,151.0,376.0,303.0
37.0,247.0,58.0,50.0,24.0
62.0,296.0,72.0,81.0,41.0
98.0,433.0,84.0,222.0,177.0
46.0,140.0,55.0,30.0,20.0
91.0,437.0,114.0,214.0,170.0
27.0,252.0,63.0,62.0,29.0
77.0,140.0,87.0,19.0,283.0
20.0,171.0,20.0,36.0,20.0
71.0,122.0,85.0,17.0,8.0
91.0,178.0,83.0,30.0,19.0
78.0,330.0,85.0,118.0,78.0
205.0,445.0,514.0,367.0,283.0
100.0,308.0,151.0,366.0,289.0
285.0,257.0,103.0,2.0,3.0
61.0,296.0,71.0,88.0,37.0
34.0,78.0,24.0,2.0,6.0
74.0,348.0,87.0,131.0,105.0
59.0,296.0,69.0,81.0,35.0
28.0,306.0,90.0,88.0,37.0
54.0,226.0,61.0,38.0,23.0
62.0,308.0,72.0,90.0,40.0
100.0,469.0,143.0,286.0,266.0
67.0,296.0,78.0,81.0,35.0
208.0,437.0,226.0,213.0,157.0
58.0,233.0,58.0,41.0,26.0
58.0,160.0,47.0,22.0,15.0
383.0,242.0,490.0,30.0,24.0
41.0,178.0,50.0,30.0,19.0
294.0,520.0,352.0,428.0,602.0
90.0,404.0,107.0,202.0,155.0
128.0,313.0,116.0,213.0,170.0
133.0,517.0,153.0,417.0,344.0
71.0,273.0,85.0,66.0,30.0
78.0,348.0,90.0,135.0,118.0
49.0,221.0,58.0,41.0,24.0
59.0,165.0,69.0,18.0,33.0
53.0,242.0,60.0,50.0,25.0
50.0,240.0,58.0,47.0,24.0
23.0,221.0,24.0,37.0,8.0
63.0,140.0,74.0,19.0,35.0
33.0,164.0,47.0,23.0,15.0
80.0,326.0,93.0,34.0,60.0
64.0,319.0,71.0,88.0,37.0
73.0,319.0,87.0,125.0,89.0
91.0,347.0,114.0,213.0,177.0
45.0,139.0,57.0,34.0,24.0
59.0,257.0,67.0,57.0,32.0
98.0,171.0,74.0,25.0,18.0
45.0,361.0,55.0,195.0,24.0
71.0,330.0,85.0,118.0,78.0
59.0,273.0,69.0,83.0,35.0
43.0,297.0,52.0,36.0,20.0
999.0,589.0,999.0,558.0,999.0
59.0,297.0,69.0,81.0,32.0
28.0,106.0,27.0,10.0,8.0
28.0,223.0,33.0,37.0,8.0
59.0,302.0,66.0,87.0,31.0
71.0,306.0,83.0,110.0,53.0
80.0,353.0,92.0,150.0,120.0
70.0,197.0,120.0,36.0,20.0
28.0,304.0,33.0,8.0,8.0
24.0,146.0,27.0,7.0,7.0
315.0,999.0,352.0,999.0,657.0
70.0,347.0,87.0,132.0,107.0
80.0,247.0,101.0,50.0,128.0
43.0,241.0,51.0,47.0,24.0
96.0,449.0,126.0,223.0,141.0
71.0,301.0,85.0,52.0,170.0
38.0,167.0,48.0,25.0,17.0
63.0,301.0,72.0,93.0,42.0
82.0,306.0,107.0,137.0,151.0
63.0,284.0,60.0,79.0,26.0
59.0,292.0,69.0,81.0,35.0
82.0,171.0,72.0,25.0,41.0
71.0,330.0,86.0,117.0,96.0
65.0,223.0,78.0,37.0,22.0
45.0,197.0,56.0,36.0,22.0
78.0,241.0,90.0,52.0,118.0
45.0,171.0,48.0,25.0,17.0
43.0,193.0,52.0,34.0,20.0
59.0,248.0,72.0,52.0,43.0
96.0,314.0,74.0,100.0,44.0
70.0,326.0,84.0,117.0,76.0
92.0,329.0,137.0,117.0,64.0
130.0,76.0,143.0,2.0,35.0
38.0,317.0,107.0,110.0,157.0
33.0,140.0,39.0,19.0,11.0
130.0,221.0,157.0,37.0,21.0
328.0,292.0,470.0,80.0,613.0
57.0,247.0,60.0,59.0,26.0
32.0,319.0,40.0,102.0,11.0
33.0,122.0,41.0,17.0,11.0
63.0,319.0,74.0,102.0,50.0
52.0,252.0,59.0,58.0,26.0
186.0,273.0,181.0,558.0,417.0
39.0,366.0,67.0,66.0,32.0
59.0,289.0,69.0,79.0,33.0
91.0,449.0,124.0,235.0,205.0
28.0,146.0,33.0,20.0,8.0
77.0,0.0,0.0,0.0,0.0
59.0,306.0,69.0,72.0,32.0
53.0,191.0,44.0,22.0,14.0
552.0,273.0,84.0,66.0,30.0
59.0,0.0,61.0,0.0,64.0
63.0,375.0,70.0,172.0,36.0
43.0,217.0,52.0,36.0,20.0
29.0,241.0,36.0,47.0,24.0
49.0,273.0,63.0,62.0,29.0
58.0,268.0,63.0,62.0,29.0
100.0,252.0,149.0,56.0,26.0
49.0,247.0,58.0,50.0,24.0
285.0,650.0,116.0,19.0,11.0
692.0,226.0,56.0,37.0,24.0
91.0,354.0,99.0,152.0,124.0
38.0,283.0,48.0,72.0,15.0
32.0,139.0,40.0,19.0,11.0
59.0,282.0,68.0,80.0,34.0
59.0,284.0,69.0,77.0,31.0
92.0,151.0,42.0,22.0,11.0
58.0,273.0,63.0,66.0,30.0
35.0,632.0,44.0,558.0,429.0
70.0,163.0,84.0,22.0,17.0
285.0,194.0,200.0,558.0,429.0
39.0,167.0,48.0,25.0,17.0
78.0,343.0,90.0,138.0,118.0
45.0,314.0,55.0,40.0,22.0
29.0,140.0,42.0,19.0,11.0
59.0,297.0,66.0,80.0,32.0
33.0,148.0,45.0,22.0,14.0
133.0,296.0,165.0,100.0,49.0
33.0,347.0,89.0,132.0,110.0
28.0,247.0,27.0,2.0,7.0
31.0,580.0,39.0,7.0,7.0
190.0,335.0,101.0,121.0,368.0
49.0,247.0,58.0,50.0,24.0
70.0,330.0,84.0,118.0,73.0
38.0,217.0,55.0,36.0,24.0
421.0,140.0,490.0,19.0,11.0
62.0,284.0,71.0,77.0,32.0
29.0,283.0,68.0,76.0,32.0
100.0,139.0,147.0,22.0,13.0
130.0,518.0,157.0,428.0,368.0
80.0,375.0,101.0,172.0,139.0
43.0,164.0,52.0,23.0,15.0
35.0,164.0,44.0,22.0,14.0
80.0,366.0,103.0,168.0,120.0
59.0,301.0,68.0,83.0,33.0
50.0,139.0,58.0,19.0,25.0
49.0,217.0,56.0,36.0,20.0
190.0,474.0,153.0,366.0,334.0
78.0,482.0,90.0,235.0,118.0
37.0,236.0,55.0,44.0,23.0
61.0,297.0,71.0,88.0,37.0
35.0,284.0,52.0,66.0,26.0
28.0,111.0,33.0,17.0,8.0
35.0,296.0,44.0,81.0,15.0
102.0,494.0,153.0,367.0,331.0
61.0,228.0,61.0,41.0,22.0
49.0,248.0,57.0,52.0,24.0
80.0,268.0,93.0,62.0,14.0
128.0,296.0,157.0,57.0,368.0
38.0,173.0,48.0,28.0,18.0
102.0,135.0,151.0,367.0,303.0
29.0,278.0,40.0,22.0,11.0
208.0,589.0,200.0,558.0,431.0
215.0,282.0,66.0,67.0,31.0
861.0,197.0,822.0,36.0,20.0
35.0,265.0,44.0,62.0,26.0
64.0,255.0,60.0,58.0,26.0
77.0,163.0,107.0,23.0,15.0
23.0,292.0,40.0,18.0,11.0
64.0,283.0,69.0,72.0,35.0
49.0,167.0,56.0,25.0,17.0
99.0,337.0,145.0,130.0,274.0
59.0,337.0,66.0,121.0,81.0
72.0,0.0,100.0,0.0,0.0
552.0,215.0,54.0,36.0,20.0
29.0,116.0,34.0,17.0,8.0
29.0,273.0,56.0,45.0,22.0
78.0,330.0,90.0,138.0,118.0
41.0,178.0,50.0,30.0,19.0
91.0,232.0,99.0,153.0,124.0
383.0,999.0,490.0,999.0,623.0
71.0,140.0,85.0,19.0,11.0
100.0,517.0,151.0,376.0,303.0
35.0,160.0,44.0,22.0,14.0
90.0,404.0,107.0,204.0,155.0
77.0,347.0,87.0,133.0,107.0
53.0,265.0,60.0,62.0,26.0
80.0,339.0,93.0,125.0,96.0
206.0,386.0,226.0,173.0,481.0
21.0,111.0,30.0,8.0,8.0
21.0,0.0,20.0,0.0,7.0
205.0,580.0,208.0,558.0,431.0
165.0,519.0,181.0,538.0,416.0
82.0,445.0,103.0,223.0,157.0
24.0,171.0,225.0,25.0,43.0
82.0,278.0,103.0,62.0,29.0
80.0,319.0,84.0,117.0,76.0
73.0,140.0,87.0,19.0,11.0
46.0,313.0,77.0,100.0,49.0
555.0,580.0,709.0,550.0,926.0
53.0,252.0,59.0,56.0,26.0
427.0,160.0,62.0,56.0,28.0
72.0,339.0,86.0,118.0,78.0
57.0,146.0,65.0,22.0,33.0
74.0,353.0,86.0,130.0,101.0
92.0,519.0,126.0,468.0,32.0
71.0,248.0,85.0,62.0,128.0
63.0,273.0,73.0,100.0,44.0
70.0,313.0,84.0,97.0,76.0
53.0,226.0,60.0,37.0,22.0
59.0,304.0,69.0,88.0,38.0
98.0,283.0,157.0,72.0,368.0
80.0,255.0,63.0,58.0,26.0
48.0,236.0,56.0,44.0,23.0
59.0,296.0,69.0,80.0,35.0
59.0,199.0,70.0,36.0,36.0
70.0,330.0,84.0,117.0,76.0
98.0,223.0,143.0,226.0,266.0
699.0,233.0,55.0,36.0,20.0
371.0,156.0,480.0,622.0,481.0
49.0,178.0,58.0,30.0,19.0
28.0,518.0,63.0,25.0,17.0
91.0,292.0,73.0,93.0,44.0
39.0,171.0,48.0,25.0,17.0
40.0,308.0,92.0,93.0,120.0
38.0,171.0,48.0,25.0,17.0
47.0,252.0,55.0,36.0,21.0
102.0,330.0,157.0,118.0,368.0
427.0,292.0,52.0,36.0,20.0
91.0,482.0,116.0,366.0,173.0
37.0,165.0,47.0,23.0,15.0
29.0,89.0,39.0,3.0,0.0
63.0,296.0,73.0,81.0,44.0
489.0,346.0,83.0,131.0,99.0
59.0,165.0,48.0,24.0,16.0
28.0,308.0,73.0,93.0,43.0
91.0,438.0,107.0,226.0,181.0
65.0,469.0,78.0,290.0,53.0
215.0,433.0,101.0,223.0,194.0
49.0,236.0,58.0,44.0,24.0
46.0,228.0,55.0,41.0,22.0
96.0,339.0,121.0,125.0,96.0
80.0,339.0,90.0,125.0,96.0
40.0,167.0,48.0,25.0,18.0
208.0,469.0,200.0,286.0,369.0
77.0,330.0,83.0,118.0,89.0
59.0,330.0,68.0,118.0,32.0
53.0,284.0,60.0,58.0,26.0
315.0,325.0,367.0,110.0,53.0
80.0,146.0,101.0,20.0,128.0
100.0,346.0,153.0,132.0,107.0
213.0,650.0,291.0,622.0,567.0
35.0,76.0,44.0,22.0,14.0
