206.0,343.0,225.0,130.0,99.0
61.0,205.0,71.0,36.0,8.0
59.0,178.0,63.0,62.0,29.0
70.0,223.0,84.0,22.0,76.0
692.0,375.0,822.0,172.0,926.0
23.0,268.0,24.0,62.0,29.0
91.0,122.0,114.0,17.0,260.0
96.0,312.0,85.0,100.0,44.0
133.0,337.0,164.0,121.0,369.0
81.0,312.0,85.0,97.0,43.0
315.0,474.0,352.0,214.0,602.0
32.0,138.0,40.0,18.0,11.0
59.0,296.0,66.0,100.0,47.0
215.0,517.0,155.0,428.0,361.0
38.0,122.0,48.0,3.0,7.0
100.0,437.0,149.0,367.0,283.0
315.0,329.0,367.0,130.0,613.0
100.0,480.0,149.0,353.0,287.0
38.0,163.0,48.0,34.0,20.0
32.0,135.0,40.0,18.0,11.0
99.0,353.0,143.0,143.0,274.0
91.0,438.0,137.0,222.0,177.0
64.0,160.0,45.0,22.0,14.0
48.0,228.0,56.0,41.0,22.0
45.0,223.0,55.0,37.0,21.0
42.0,273.0,69.0,88.0,33.0
77.0,330.0,85.0,118.0,60.0
699.0,78.0,20.0,2.0,3.0
371.0,353.0,470.0,226.0,173.0
205.0,661.0,208.0,558.0,431.0
208.0,474.0,226.0,618.0,481.0
40.0,193.0,48.0,34.0,24.0
28.0,140.0,34.0,19.0,8.0
65.0,165.0,77.0,102.0,50.0
34.0,165.0,43.0,23.0,11.0
699.0,661.0,783.0,618.0,963.0
40.0,273.0,48.0,66.0,18.0
128.0,449.0,153.0,386.0,334.0
279.0,351.0,152.0,150.0,274.0
35.0,167.0,44.0,25.0,17.0
140.0,437.0,151.0,213.0,303.0
90.0,437.0,121.0,213.0,170.0
98.0,353.0,120.0,143.0,105.0
71.0,335.0,89.0,118.0,110.0
33.0,346.0,55.0,152.0,21.0
206.0,589.0,224.0,622.0,509.0
92.0,156.0,44.0,13.0,14.0
47.0,228.0,55.0,41.0,22.0
285.0,302.0,265.0,87.0,36.0
59.0,282.0,68.0,77.0,33.0
100.0,289.0,157.0,589.0,368.0
80.0,221.0,99.0,37.0,128.0
59.0,296.0,69.0,81.0,35.0
35.0,163.0,36.0,10.0,8.0
61.0,308.0,71.0,88.0,35.0
37.0,165.0,47.0,23.0,15.0
65.0,347.0,78.0,133.0,99.0
77.0,205.0,89.0,36.0,110.0
41.0,171.0,50.0,26.0,19.0
53.0,296.0,63.0,62.0,29.0
98.0,178.0,114.0,226.0,181.0
54.0,228.0,60.0,58.0,26.0
40.0,173.0,48.0,27.0,18.0
59.0,297.0,66.0,70.0,32.0
29.0,165.0,47.0,23.0,15.0
160.0,351.0,164.0,168.0,369.0
35.0,167.0,44.0,22.0,14.0
82.0,999.0,101.0,67.0,30.0
53.0,247.0,60.0,50.0,26.0
37.0,163.0,47.0,23.0,15.0
79.0,240.0,92.0,56.0,26.0
99.0,335.0,145.0,97.0,43.0
861.0,247.0,59.0,52.0,25.0
84.0,226.0,68.0,38.0,22.0
49.0,354.0,58.0,45.0,24.0
186.0,314.0,182.0,100.0,417.0
0.0,0.0,0.0,0.0,0.0
50.0,236.0,58.0,44.0,24.0
58.0,308.0,63.0,93.0,42.0
46.0,252.0,55.0,45.0,22.0
315.0,999.0,200.0,999.0,429.0
49.0,233.0,58.0,47.0,24.0
59.0,299.0,71.0,82.0,36.0
43.0,326.0,52.0,36.0,20.0
999.0,257.0,999.0,36.0,999.0
206.0,237.0,224.0,45.0,24.0
82.0,163.0,101.0,22.0,11.0
38.0,226.0,48.0,38.0,15.0
59.0,205.0,72.0,36.0,20.0
39.0,171.0,48.0,25.0,17.0
74.0,353.0,85.0,148.0,119.0
57.0,252.0,61.0,56.0,26.0
58.0,193.0,55.0,34.0,22.0
192.0,528.0,164.0,538.0,369.0
91.0,248.0,101.0,52.0,25.0
90.0,191.0,107.0,34.0,26.0
82.0,347.0,103.0,133.0,105.0
49.0,241.0,58.0,47.0,25.0
315.0,375.0,87.0,172.0,128.0
54.0,265.0,61.0,102.0,50.0
27.0,116.0,24.0,7.0,7.0
59.0,273.0,65.0,64.0,29.0
21.0,151.0,22.0,2.0,4.0
23.0,265.0,137.0,152.0,124.0
21.0,25.0,20.0,2.0,3.0
40.0,197.0,52.0,36.0,20.0
165.0,520.0,164.0,428.0,364.0
49.0,135.0,55.0,13.0,16.0
59.0,232.0,65.0,66.0,31.0
48.0,252.0,56.0,41.0,22.0
59.0,282.0,69.0,72.0,31.0
100.0,480.0,151.0,366.0,289.0
328.0,308.0,470.0,110.0,613.0
82.0,347.0,101.0,110.0,64.0
41.0,178.0,50.0,30.0,19.0
63.0,217.0,72.0,37.0,21.0
80.0,292.0,74.0,66.0,30.0
955.0,255.0,59.0,58.0,26.0
100.0,301.0,151.0,366.0,289.0
53.0,14.0,123.0,2.0,194.0
140.0,494.0,151.0,367.0,303.0
59.0,284.0,68.0,77.0,33.0
61.0,339.0,36.0,125.0,18.0
100.0,353.0,156.0,150.0,364.0
96.0,296.0,120.0,88.0,25.0
35.0,163.0,44.0,18.0,11.0
21.0,255.0,20.0,58.0,3.0
69.0,265.0,69.0,81.0,33.0
21.0,14.0,22.0,2.0,4.0
50.0,240.0,58.0,47.0,24.0
683.0,589.0,709.0,558.0,926.0
34.0,480.0,43.0,7.0,11.0
43.0,205.0,52.0,36.0,20.0
69.0,240.0,83.0,47.0,64.0
59.0,283.0,66.0,72.0,31.0
48.0,252.0,56.0,41.0,23.0
59.0,335.0,85.0,118.0,78.0
81.0,301.0,99.0,88.0,128.0
63.0,193.0,51.0,34.0,20.0
38.0,167.0,48.0,25.0,18.0
63.0,171.0,72.0,25.0,17.0
487.0,999.0,470.0,999.0,613.0
99.0,469.0,151.0,353.0,283.0
65.0,193.0,51.0,34.0,20.0
285.0,178.0,50.0,30.0,19.0
34.0,156.0,43.0,22.0,13.0
91.0,518.0,114.0,428.0,160.0
59.0,178.0,44.0,30.0,4.0
59.0,343.0,83.0,130.0,101.0
65.0,308.0,72.0,93.0,42.0
46.0,173.0,55.0,28.0,18.0
82.0,347.0,107.0,133.0,107.0
100.0,528.0,151.0,373.0,303.0
81.0,0.0,0.0,0.0,0.0
487.0,252.0,62.0,56.0,28.0
46.0,589.0,55.0,36.0,20.0
84.0,326.0,105.0,131.0,101.0
39.0,167.0,48.0,25.0,17.0
65.0,304.0,78.0,88.0,37.0
43.0,164.0,52.0,36.0,20.0
33.0,236.0,49.0,44.0,18.0
213.0,517.0,225.0,618.0,481.0
59.0,312.0,69.0,97.0,35.0
59.0,237.0,68.0,77.0,33.0
58.0,215.0,65.0,36.0,22.0
45.0,217.0,55.0,37.0,21.0
81.0,252.0,100.0,51.0,24.0
126.0,518.0,153.0,428.0,344.0
28.0,226.0,27.0,3.0,7.0
100.0,661.0,147.0,589.0,369.0
59.0,282.0,66.0,72.0,31.0
45.0,222.0,55.0,37.0,21.0
45.0,222.0,55.0,37.0,21.0
45.0,215.0,52.0,36.0,20.0
61.0,312.0,72.0,100.0,42.0
54.0,301.0,47.0,23.0,15.0
86.0,306.0,225.0,82.0,35.0
78.0,353.0,90.0,143.0,118.0
20.0,354.0,65.0,150.0,30.0
40.0,0.0,61.0,0.0,8.0
100.0,193.0,149.0,22.0,14.0
62.0,330.0,72.0,118.0,60.0
81.0,308.0,87.0,90.0,40.0
64.0,237.0,73.0,45.0,41.0
38.0,116.0,48.0,2.0,4.0
80.0,164.0,99.0,213.0,170.0
328.0,353.0,470.0,132.0,99.0
99.0,151.0,145.0,22.0,12.0
35.0,160.0,44.0,22.0,14.0
59.0,302.0,68.0,87.0,32.0
80.0,354.0,96.0,151.0,123.0
78.0,353.0,90.0,143.0,118.0
70.0,940.0,84.0,841.0,53.0
28.0,163.0,48.0,25.0,17.0
71.0,335.0,85.0,118.0,78.0
43.0,205.0,51.0,36.0,20.0
231.0,329.0,277.0,110.0,567.0
102.0,278.0,152.0,67.0,32.0
96.0,301.0,124.0,83.0,205.0
47.0,228.0,55.0,40.0,22.0
130.0,347.0,63.0,213.0,50.0
61.0,306.0,71.0,87.0,36.0
23.0,165.0,57.0,23.0,24.0
35.0,122.0,44.0,27.0,1.0
692.0,292.0,783.0,100.0,623.0
96.0,283.0,124.0,56.0,205.0
50.0,480.0,61.0,66.0,26.0
61.0,308.0,71.0,93.0,41.0
166.0,397.0,175.0,538.0,386.0
49.0,301.0,70.0,83.0,36.0
102.0,510.0,151.0,376.0,303.0
140.0,312.0,68.0,97.0,33.0
205.0,268.0,225.0,150.0,120.0
45.0,240.0,56.0,47.0,23.0
63.0,139.0,71.0,62.0,76.0
59.0,353.0,93.0,148.0,109.0
206.0,301.0,226.0,83.0,36.0
35.0,312.0,78.0,97.0,53.0
91.0,351.0,99.0,152.0,123.0
371.0,314.0,490.0,558.0,368.0
23.0,296.0,24.0,81.0,8.0
99.0,650.0,152.0,585.0,453.0
133.0,268.0,67.0,70.0,32.0
91.0,482.0,114.0,366.0,287.0
315.0,519.0,85.0,497.0,369.0
80.0,354.0,92.0,153.0,120.0
240.0,469.0,143.0,286.0,222.0
206.0,517.0,226.0,550.0,481.0
215.0,510.0,265.0,376.0,331.0
79.0,335.0,92.0,376.0,364.0
133.0,252.0,93.0,56.0,26.0
38.0,148.0,48.0,28.0,18.0
67.0,308.0,78.0,93.0,42.0
28.0,292.0,48.0,79.0,34.0
62.0,248.0,72.0,58.0,26.0
71.0,589.0,92.0,589.0,109.0
130.0,520.0,153.0,376.0,331.0
80.0,353.0,99.0,152.0,124.0
90.0,308.0,78.0,93.0,53.0
80.0,347.0,87.0,132.0,110.0
45.0,217.0,54.0,37.0,20.0
99.0,366.0,145.0,367.0,303.0
216.0,228.0,56.0,41.0,22.0
70.0,347.0,84.0,132.0,96.0
40.0,193.0,52.0,34.0,20.0
59.0,52.0,65.0,2.0,3.0
98.0,517.0,153.0,417.0,344.0
487.0,171.0,537.0,25.0,18.0
21.0,135.0,27.0,18.0,10.0
34.0,146.0,43.0,20.0,11.0
20.0,228.0,60.0,40.0,26.0
59.0,273.0,66.0,52.0,24.0
49.0,240.0,57.0,47.0,24.0
38.0,228.0,48.0,30.0,19.0
133.0,520.0,157.0,538.0,364.0
54.0,296.0,27.0,79.0,34.0
43.0,178.0,51.0,37.0,20.0
98.0,386.0,139.0,173.0,141.0
59.0,164.0,66.0,25.0,17.0
43.0,284.0,50.0,77.0,19.0
41.0,140.0,50.0,30.0,19.0
70.0,353.0,84.0,143.0,76.0
64.0,273.0,74.0,66.0,30.0
692.0,297.0,68.0,81.0,33.0
29.0,122.0,93.0,589.0,289.0
37.0,236.0,45.0,44.0,23.0
35.0,178.0,44.0,30.0,14.0
40.0,172.0,48.0,27.0,18.0
279.0,273.0,298.0,64.0,579.0
71.0,326.0,86.0,132.0,101.0
72.0,325.0,86.0,115.0,60.0
61.0,301.0,71.0,88.0,37.0
90.0,404.0,107.0,202.0,155.0
33.0,188.0,40.0,22.0,11.0
38.0,282.0,48.0,70.0,31.0
35.0,156.0,59.0,59.0,26.0
206.0,343.0,89.0,130.0,110.0
213.0,650.0,237.0,585.0,477.0
98.0,375.0,147.0,172.0,141.0
766.0,517.0,822.0,468.0,926.0
58.0,248.0,63.0,62.0,29.0
427.0,247.0,27.0,50.0,8.0
102.0,236.0,151.0,66.0,289.0
43.0,304.0,51.0,34.0,20.0
487.0,160.0,42.0,22.0,11.0
999.0,240.0,999.0,47.0,999.0
49.0,265.0,59.0,62.0,28.0
421.0,301.0,22.0,88.0,4.0
82.0,449.0,101.0,137.0,174.0
90.0,353.0,105.0,143.0,157.0
63.0,317.0,72.0,77.0,44.0
61.0,302.0,71.0,83.0,34.0
78.0,353.0,90.0,143.0,118.0
23.0,146.0,34.0,19.0,8.0
315.0,517.0,298.0,428.0,361.0
96.0,437.0,147.0,286.0,154.0
32.0,160.0,40.0,23.0,15.0
33.0,308.0,41.0,90.0,40.0
51.0,335.0,59.0,59.0,25.0
692.0,304.0,537.0,841.0,722.0
78.0,366.0,90.0,153.0,118.0
33.0,140.0,43.0,19.0,11.0
683.0,217.0,139.0,37.0,21.0
24.0,326.0,24.0,58.0,29.0
205.0,165.0,48.0,23.0,18.0
20.0,282.0,74.0,100.0,49.0
21.0,335.0,85.0,118.0,78.0
208.0,632.0,182.0,558.0,417.0
999.0,354.0,999.0,558.0,999.0
91.0,437.0,101.0,214.0,283.0
216.0,194.0,52.0,36.0,20.0
98.0,273.0,149.0,62.0,331.0
433.0,940.0,526.0,841.0,722.0
29.0,273.0,147.0,64.0,283.0
42.0,296.0,50.0,82.0,19.0
80.0,518.0,99.0,468.0,368.0
427.0,199.0,60.0,58.0,26.0
40.0,178.0,48.0,22.0,18.0
59.0,165.0,65.0,23.0,30.0
77.0,205.0,88.0,45.0,24.0
40.0,299.0,48.0,22.0,18.0
96.0,375.0,93.0,172.0,139.0
28.0,138.0,27.0,17.0,8.0
46.0,257.0,60.0,58.0,26.0
98.0,171.0,51.0,25.0,17.0
106.0,237.0,153.0,40.0,0.0
256.0,449.0,537.0,841.0,722.0
58.0,260.0,65.0,62.0,31.0
80.0,297.0,65.0,22.0,12.0
80.0,319.0,92.0,102.0,53.0
205.0,240.0,84.0,47.0,24.0
231.0,506.0,153.0,376.0,344.0
102.0,520.0,153.0,417.0,344.0
33.0,494.0,105.0,192.0,154.0
95.0,406.0,123.0,204.0,154.0
82.0,445.0,101.0,192.0,148.0
240.0,528.0,165.0,538.0,386.0
77.0,353.0,85.0,143.0,115.0
100.0,325.0,147.0,115.0,194.0
213.0,353.0,244.0,622.0,509.0
96.0,325.0,121.0,226.0,181.0
100.0,520.0,149.0,538.0,368.0
59.0,140.0,72.0,18.0,11.0
216.0,308.0,67.0,93.0,41.0
63.0,193.0,48.0,23.0,15.0
32.0,153.0,40.0,19.0,11.0
20.0,240.0,120.0,47.0,177.0
80.0,347.0,103.0,135.0,109.0
555.0,335.0,709.0,118.0,78.0
99.0,335.0,145.0,152.0,274.0
48.0,228.0,56.0,41.0,22.0
208.0,228.0,69.0,41.0,35.0
140.0,517.0,164.0,468.0,368.0
41.0,178.0,50.0,30.0,19.0
190.0,528.0,189.0,585.0,477.0
183.0,191.0,121.0,66.0,30.0
63.0,302.0,72.0,87.0,36.0
49.0,191.0,51.0,30.0,19.0
100.0,337.0,151.0,367.0,289.0
64.0,265.0,74.0,59.0,26.0
80.0,268.0,92.0,77.0,119.0
96.0,517.0,105.0,428.0,361.0
80.0,353.0,96.0,152.0,124.0
59.0,278.0,66.0,67.0,31.0
57.0,138.0,63.0,19.0,11.0
77.0,330.0,87.0,118.0,105.0
99.0,303.0,70.0,82.0,36.0
29.0,163.0,49.0,22.0,14.0
62.0,273.0,63.0,64.0,29.0
72.0,111.0,86.0,8.0,7.0
80.0,313.0,87.0,100.0,105.0
29.0,181.0,41.0,17.0,11.0
45.0,178.0,55.0,30.0,19.0
35.0,163.0,44.0,22.0,14.0
28.0,163.0,33.0,22.0,8.0
59.0,265.0,66.0,62.0,33.0
38.0,226.0,48.0,38.0,22.0
51.0,247.0,59.0,52.0,25.0
91.0,146.0,153.0,558.0,926.0
215.0,351.0,120.0,76.0,24.0
421.0,197.0,225.0,36.0,266.0
35.0,160.0,45.0,22.0,14.0
38.0,165.0,43.0,19.0,11.0
21.0,181.0,20.0,2.0,3.0
77.0,122.0,49.0,17.0,21.0
61.0,292.0,71.0,83.0,36.0
67.0,248.0,78.0,62.0,29.0
80.0,353.0,92.0,148.0,119.0
45.0,222.0,55.0,37.0,21.0
692.0,353.0,105.0,150.0,120.0
74.0,351.0,90.0,138.0,115.0
74.0,217.0,86.0,36.0,35.0
78.0,222.0,90.0,37.0,118.0
20.0,351.0,77.0,102.0,50.0
48.0,226.0,56.0,41.0,22.0
206.0,506.0,226.0,83.0,36.0
77.0,347.0,90.0,138.0,118.0
96.0,351.0,114.0,138.0,118.0
59.0,223.0,69.0,36.0,21.0
35.0,228.0,44.0,41.0,22.0
100.0,241.0,57.0,47.0,24.0
59.0,296.0,66.0,81.0,35.0
65.0,347.0,78.0,132.0,50.0
91.0,437.0,107.0,214.0,157.0
28.0,178.0,84.0,30.0,19.0
489.0,314.0,59.0,52.0,25.0
71.0,339.0,86.0,125.0,96.0
86.0,433.0,105.0,195.0,151.0
80.0,173.0,116.0,10.0,173.0
95.0,346.0,121.0,213.0,170.0
84.0,306.0,59.0,52.0,25.0
165.0,226.0,145.0,37.0,266.0
59.0,313.0,68.0,90.0,40.0
294.0,52.0,324.0,806.0,602.0
29.0,178.0,107.0,81.0,151.0
215.0,326.0,367.0,861.0,613.0
45.0,237.0,55.0,44.0,23.0
96.0,330.0,124.0,102.0,283.0
43.0,181.0,52.0,30.0,19.0
130.0,518.0,155.0,428.0,361.0
421.0,191.0,85.0,88.0,44.0
27.0,191.0,52.0,34.0,19.0
49.0,437.0,57.0,47.0,24.0
91.0,313.0,107.0,226.0,157.0
59.0,282.0,69.0,72.0,31.0
59.0,178.0,50.0,30.0,19.0
216.0,330.0,265.0,118.0,53.0
48.0,353.0,56.0,151.0,22.0
98.0,197.0,137.0,34.0,110.0
205.0,632.0,208.0,558.0,431.0
38.0,163.0,47.0,23.0,15.0
91.0,353.0,116.0,148.0,174.0
96.0,329.0,126.0,117.0,26.0
100.0,0.0,149.0,172.0,139.0
61.0,241.0,71.0,10.0,15.0
20.0,138.0,22.0,2.0,4.0
59.0,265.0,69.0,62.0,28.0
35.0,139.0,43.0,19.0,11.0
77.0,217.0,54.0,36.0,20.0
206.0,252.0,224.0,62.0,38.0
59.0,252.0,61.0,62.0,26.0
72.0,347.0,86.0,153.0,128.0
35.0,146.0,44.0,22.0,14.0
197.0,647.0,208.0,558.0,431.0
206.0,153.0,224.0,22.0,12.0
54.0,273.0,59.0,34.0,24.0
206.0,520.0,225.0,538.0,386.0
42.0,178.0,50.0,30.0,19.0
206.0,650.0,225.0,585.0,477.0
102.0,510.0,153.0,386.0,334.0
77.0,146.0,44.0,22.0,11.0
74.0,140.0,63.0,62.0,29.0
190.0,353.0,200.0,373.0,429.0
231.0,632.0,226.0,558.0,429.0
91.0,292.0,116.0,213.0,173.0
42.0,247.0,225.0,589.0,477.0
61.0,303.0,71.0,88.0,37.0
49.0,248.0,58.0,45.0,24.0
72.0,406.0,86.0,204.0,154.0
45.0,248.0,52.0,51.0,25.0
206.0,510.0,208.0,558.0,431.0
54.0,146.0,52.0,22.0,14.0
80.0,347.0,87.0,135.0,110.0
206.0,480.0,224.0,353.0,289.0
28.0,406.0,34.0,235.0,10.0
64.0,273.0,72.0,64.0,43.0
43.0,163.0,48.0,30.0,18.0
48.0,228.0,56.0,41.0,22.0
49.0,292.0,57.0,79.0,24.0
192.0,335.0,85.0,121.0,89.0
955.0,520.0,226.0,468.0,481.0
78.0,519.0,90.0,618.0,148.0
38.0,171.0,59.0,52.0,25.0
80.0,353.0,99.0,148.0,128.0
77.0,292.0,89.0,79.0,110.0
63.0,330.0,101.0,118.0,78.0
65.0,292.0,78.0,77.0,53.0
42.0,197.0,52.0,36.0,20.0
0.0,0.0,0.0,0.0,0.0
130.0,474.0,156.0,290.0,364.0
86.0,301.0,105.0,93.0,42.0
100.0,241.0,147.0,290.0,453.0
166.0,240.0,175.0,45.0,24.0
45.0,226.0,55.0,37.0,21.0
65.0,306.0,77.0,88.0,43.0
64.0,346.0,74.0,100.0,44.0
63.0,317.0,74.0,102.0,50.0
46.0,301.0,69.0,82.0,35.0
28.0,312.0,33.0,100.0,22.0
61.0,303.0,71.0,90.0,40.0
27.0,156.0,42.0,22.0,8.0
215.0,178.0,50.0,30.0,19.0
683.0,650.0,728.0,576.0,963.0
63.0,304.0,71.0,88.0,37.0
77.0,278.0,66.0,70.0,31.0
100.0,482.0,149.0,366.0,289.0
52.0,164.0,47.0,23.0,15.0
78.0,351.0,90.0,137.0,110.0
20.0,223.0,54.0,36.0,20.0
433.0,302.0,526.0,618.0,481.0
49.0,308.0,57.0,45.0,26.0
81.0,273.0,103.0,66.0,283.0
91.0,438.0,114.0,222.0,174.0
63.0,173.0,73.0,28.0,18.0
256.0,255.0,61.0,58.0,31.0
52.0,301.0,59.0,40.0,26.0
71.0,284.0,103.0,13.0,123.0
91.0,138.0,116.0,223.0,177.0
64.0,301.0,72.0,83.0,38.0
133.0,437.0,107.0,214.0,155.0
683.0,282.0,124.0,77.0,33.0
861.0,661.0,783.0,589.0,963.0
328.0,236.0,56.0,44.0,23.0
0.0,0.0,0.0,0.0,0.0
100.0,138.0,149.0,19.0,287.0
45.0,193.0,55.0,34.0,20.0
63.0,330.0,85.0,117.0,260.0
371.0,240.0,61.0,47.0,22.0
35.0,146.0,44.0,22.0,14.0
71.0,167.0,86.0,30.0,19.0
59.0,296.0,69.0,81.0,35.0
74.0,347.0,87.0,133.0,107.0
98.0,236.0,57.0,44.0,24.0
90.0,404.0,107.0,202.0,155.0
96.0,226.0,152.0,36.0,20.0
82.0,226.0,100.0,37.0,157.0
59.0,330.0,85.0,110.0,89.0
47.0,226.0,55.0,40.0,22.0
91.0,171.0,49.0,27.0,18.0
205.0,661.0,244.0,618.0,509.0
63.0,301.0,74.0,102.0,50.0
80.0,346.0,93.0,143.0,118.0
59.0,278.0,66.0,72.0,31.0
59.0,140.0,67.0,19.0,11.0
38.0,248.0,59.0,52.0,25.0
489.0,240.0,728.0,47.0,25.0
82.0,518.0,101.0,428.0,344.0
421.0,242.0,526.0,59.0,716.0
91.0,226.0,114.0,30.0,19.0
41.0,178.0,50.0,30.0,19.0
59.0,283.0,67.0,72.0,32.0
93.0,314.0,123.0,100.0,49.0
65.0,265.0,78.0,62.0,29.0
91.0,517.0,107.0,428.0,361.0
96.0,226.0,137.0,38.0,21.0
45.0,221.0,55.0,37.0,21.0
692.0,89.0,93.0,2.0,6.0
208.0,205.0,225.0,36.0,160.0
82.0,164.0,56.0,23.0,10.0
231.0,397.0,120.0,192.0,160.0
69.0,335.0,85.0,118.0,78.0
0.0,0.0,0.0,0.0,0.0
433.0,165.0,90.0,24.0,10.0
328.0,353.0,470.0,2.0,4.0
100.0,520.0,151.0,373.0,289.0
421.0,122.0,59.0,17.0,8.0
54.0,236.0,73.0,44.0,23.0
51.0,404.0,59.0,202.0,25.0
78.0,353.0,90.0,143.0,118.0
29.0,148.0,36.0,22.0,13.0
38.0,156.0,44.0,22.0,14.0
335.0,517.0,514.0,417.0,602.0
0.0,335.0,0.0,18.0,0.0
128.0,257.0,151.0,367.0,303.0
21.0,78.0,22.0,2.0,4.0
421.0,181.0,96.0,152.0,123.0
165.0,330.0,181.0,118.0,76.0
71.0,330.0,85.0,118.0,78.0
206.0,354.0,226.0,618.0,481.0
59.0,302.0,69.0,87.0,36.0
91.0,650.0,116.0,223.0,174.0
65.0,438.0,78.0,102.0,53.0
102.0,397.0,152.0,286.0,222.0
28.0,106.0,33.0,8.0,8.0
79.0,330.0,85.0,117.0,76.0
98.0,366.0,143.0,286.0,266.0
43.0,247.0,59.0,50.0,24.0
99.0,337.0,103.0,102.0,53.0
57.0,237.0,62.0,59.0,28.0
71.0,346.0,85.0,131.0,105.0
421.0,480.0,490.0,366.0,289.0
24.0,296.0,24.0,28.0,18.0
59.0,181.0,69.0,30.0,34.0
49.0,237.0,57.0,45.0,24.0
186.0,580.0,182.0,806.0,417.0
421.0,999.0,514.0,999.0,657.0
63.0,181.0,72.0,28.0,18.0
33.0,301.0,52.0,34.0,20.0
100.0,347.0,151.0,133.0,107.0
64.0,236.0,83.0,45.0,53.0
33.0,140.0,41.0,19.0,11.0
80.0,438.0,123.0,226.0,181.0
96.0,301.0,105.0,83.0,154.0
58.0,268.0,63.0,62.0,29.0
96.0,386.0,137.0,173.0,128.0
42.0,353.0,85.0,137.0,99.0
29.0,138.0,39.0,18.0,10.0
82.0,240.0,103.0,45.0,266.0
279.0,297.0,298.0,70.0,31.0
165.0,494.0,164.0,367.0,369.0
328.0,139.0,470.0,52.0,613.0
80.0,306.0,88.0,90.0,109.0
64.0,292.0,85.0,90.0,40.0
51.0,247.0,59.0,52.0,25.0
82.0,194.0,99.0,152.0,124.0
92.0,494.0,124.0,286.0,222.0
59.0,308.0,74.0,90.0,40.0
315.0,520.0,143.0,428.0,266.0
41.0,273.0,50.0,64.0,29.0
102.0,163.0,151.0,373.0,303.0
433.0,226.0,526.0,37.0,21.0
65.0,289.0,78.0,100.0,49.0
192.0,226.0,90.0,37.0,24.0
861.0,353.0,728.0,152.0,155.0
32.0,172.0,42.0,27.0,11.0
62.0,241.0,165.0,43.0,386.0
48.0,228.0,56.0,41.0,22.0
335.0,351.0,470.0,132.0,613.0
28.0,122.0,34.0,17.0,8.0
70.0,78.0,84.0,2.0,8.0
31.0,236.0,56.0,44.0,24.0
91.0,469.0,145.0,286.0,260.0
33.0,319.0,47.0,22.0,15.0
186.0,273.0,63.0,62.0,28.0
53.0,197.0,40.0,19.0,11.0
45.0,217.0,55.0,37.0,21.0
91.0,314.0,114.0,110.0,109.0
62.0,312.0,72.0,100.0,42.0
160.0,232.0,165.0,589.0,477.0
91.0,437.0,103.0,214.0,148.0
165.0,301.0,151.0,83.0,303.0
186.0,647.0,182.0,576.0,417.0
279.0,343.0,298.0,130.0,623.0
63.0,194.0,33.0,34.0,8.0
489.0,223.0,55.0,59.0,18.0
91.0,215.0,51.0,30.0,19.0
38.0,236.0,48.0,37.0,21.0
45.0,205.0,54.0,36.0,20.0
43.0,193.0,52.0,34.0,20.0
328.0,999.0,470.0,999.0,623.0
40.0,178.0,49.0,30.0,19.0
190.0,160.0,181.0,22.0,417.0
279.0,223.0,298.0,18.0,579.0
126.0,237.0,153.0,353.0,344.0
58.0,217.0,55.0,36.0,22.0
63.0,312.0,72.0,93.0,42.0
130.0,474.0,139.0,290.0,260.0
487.0,494.0,537.0,841.0,722.0
955.0,173.0,39.0,28.0,10.0
95.0,330.0,84.0,118.0,78.0
80.0,437.0,116.0,214.0,174.0
32.0,140.0,40.0,19.0,11.0
45.0,217.0,55.0,37.0,21.0
61.0,301.0,72.0,88.0,37.0
59.0,122.0,66.0,17.0,31.0
41.0,178.0,50.0,30.0,19.0
86.0,433.0,107.0,213.0,157.0
71.0,347.0,85.0,118.0,78.0
165.0,237.0,60.0,47.0,24.0
27.0,296.0,24.0,2.0,6.0
59.0,282.0,68.0,72.0,33.0
77.0,301.0,78.0,83.0,36.0
100.0,940.0,151.0,841.0,303.0
28.0,171.0,27.0,25.0,8.0
35.0,164.0,44.0,23.0,15.0
96.0,330.0,84.0,117.0,76.0
45.0,226.0,55.0,37.0,21.0
61.0,296.0,70.0,81.0,36.0
53.0,167.0,63.0,25.0,17.0
28.0,353.0,33.0,3.0,7.0
279.0,236.0,298.0,44.0,24.0
27.0,25.0,24.0,2.0,1.0
45.0,228.0,55.0,40.0,22.0
206.0,580.0,224.0,550.0,477.0
61.0,445.0,59.0,223.0,76.0
692.0,296.0,126.0,82.0,105.0
35.0,375.0,45.0,806.0,613.0
999.0,661.0,999.0,576.0,999.0
40.0,178.0,50.0,30.0,19.0
98.0,506.0,153.0,376.0,334.0
35.0,153.0,44.0,22.0,14.0
50.0,248.0,58.0,51.0,25.0
77.0,156.0,86.0,22.0,12.0
77.0,343.0,88.0,130.0,109.0
371.0,178.0,470.0,30.0,722.0
43.0,193.0,51.0,34.0,20.0
93.0,449.0,121.0,226.0,181.0
69.0,241.0,83.0,56.0,26.0
102.0,517.0,151.0,367.0,303.0
699.0,438.0,728.0,222.0,154.0
99.0,139.0,145.0,309.0,274.0
186.0,347.0,182.0,135.0,417.0
81.0,223.0,83.0,34.0,21.0
206.0,632.0,226.0,558.0,481.0
59.0,404.0,69.0,36.0,26.0
955.0,217.0,50.0,30.0,19.0
427.0,273.0,537.0,841.0,722.0
70.0,329.0,87.0,110.0,99.0
40.0,163.0,74.0,25.0,18.0
98.0,437.0,157.0,211.0,368.0
73.0,346.0,86.0,131.0,96.0
65.0,278.0,78.0,102.0,53.0
53.0,228.0,56.0,41.0,22.0
45.0,106.0,54.0,7.0,20.0
80.0,404.0,99.0,202.0,128.0
433.0,517.0,526.0,753.0,716.0
37.0,313.0,74.0,100.0,49.0
197.0,273.0,63.0,67.0,31.0
90.0,273.0,63.0,62.0,29.0
21.0,519.0,20.0,2.0,3.0
205.0,172.0,200.0,28.0,429.0
59.0,297.0,69.0,81.0,33.0
130.0,661.0,157.0,618.0,368.0
46.0,223.0,55.0,37.0,22.0
82.0,347.0,107.0,132.0,101.0
166.0,433.0,107.0,211.0,155.0
43.0,226.0,55.0,38.0,22.0
186.0,146.0,40.0,18.0,11.0
59.0,361.0,69.0,138.0,35.0
91.0,335.0,103.0,121.0,99.0
427.0,122.0,514.0,17.0,53.0
49.0,241.0,56.0,47.0,24.0
71.0,335.0,85.0,118.0,78.0
33.0,140.0,41.0,19.0,11.0
371.0,517.0,480.0,417.0,623.0
130.0,197.0,155.0,428.0,361.0
335.0,999.0,480.0,999.0,623.0
24.0,329.0,24.0,36.0,20.0
81.0,302.0,100.0,87.0,36.0
315.0,528.0,147.0,585.0,274.0
71.0,347.0,86.0,133.0,96.0
80.0,354.0,96.0,151.0,123.0
58.0,240.0,63.0,62.0,29.0
59.0,122.0,66.0,17.0,32.0
256.0,223.0,291.0,37.0,11.0
82.0,194.0,85.0,30.0,101.0
49.0,226.0,55.0,37.0,20.0
62.0,297.0,70.0,82.0,36.0
98.0,319.0,78.0,102.0,53.0
955.0,240.0,57.0,47.0,24.0
64.0,255.0,76.0,88.0,38.0
45.0,146.0,44.0,22.0,14.0
692.0,153.0,514.0,22.0,11.0
21.0,151.0,20.0,2.0,3.0
80.0,519.0,99.0,226.0,128.0
100.0,308.0,151.0,373.0,303.0
69.0,346.0,86.0,131.0,99.0
23.0,228.0,24.0,3.0,7.0
80.0,353.0,93.0,151.0,123.0
183.0,589.0,189.0,558.0,429.0
47.0,301.0,55.0,83.0,35.0
100.0,172.0,145.0,27.0,222.0
59.0,273.0,69.0,66.0,32.0
70.0,330.0,84.0,117.0,76.0
39.0,116.0,48.0,25.0,17.0
48.0,228.0,56.0,41.0,22.0
90.0,297.0,107.0,82.0,35.0
82.0,517.0,103.0,428.0,567.0
52.0,140.0,59.0,19.0,11.0
100.0,319.0,149.0,102.0,283.0
61.0,232.0,71.0,88.0,37.0
59.0,252.0,70.0,131.0,36.0
63.0,165.0,99.0,152.0,124.0
80.0,297.0,96.0,168.0,139.0
45.0,308.0,69.0,93.0,35.0
96.0,299.0,59.0,52.0,25.0
65.0,326.0,77.0,115.0,60.0
999.0,748.0,999.0,589.0,999.0
53.0,343.0,55.0,37.0,21.0
96.0,247.0,124.0,50.0,81.0
692.0,228.0,44.0,37.0,21.0
91.0,223.0,69.0,66.0,30.0
74.0,319.0,87.0,102.0,53.0
27.0,265.0,65.0,62.0,30.0
51.0,236.0,59.0,52.0,25.0
71.0,148.0,85.0,19.0,11.0
74.0,346.0,87.0,121.0,105.0
699.0,308.0,526.0,36.0,716.0
49.0,304.0,58.0,93.0,24.0
41.0,178.0,50.0,30.0,19.0
206.0,647.0,225.0,576.0,429.0
28.0,140.0,33.0,2.0,8.0
92.0,510.0,120.0,213.0,170.0
190.0,437.0,87.0,130.0,105.0
91.0,433.0,114.0,213.0,170.0
91.0,437.0,114.0,214.0,170.0
78.0,347.0,87.0,132.0,107.0
49.0,232.0,56.0,41.0,24.0
71.0,347.0,86.0,137.0,105.0
140.0,366.0,164.0,386.0,334.0
96.0,580.0,189.0,558.0,429.0
999.0,580.0,999.0,558.0,999.0
166.0,519.0,181.0,538.0,416.0
90.0,156.0,107.0,204.0,155.0
59.0,223.0,70.0,37.0,21.0
29.0,25.0,36.0,2.0,3.0
31.0,140.0,39.0,18.0,11.0
335.0,520.0,490.0,417.0,344.0
166.0,160.0,175.0,22.0,11.0
48.0,205.0,56.0,36.0,23.0
57.0,265.0,60.0,62.0,26.0
58.0,474.0,85.0,118.0,78.0
100.0,517.0,149.0,428.0,283.0
130.0,347.0,96.0,131.0,123.0
999.0,347.0,999.0,132.0,999.0
45.0,330.0,67.0,118.0,32.0
32.0,160.0,40.0,3.0,6.0
240.0,89.0,30.0,3.0,8.0
49.0,138.0,58.0,18.0,11.0
40.0,289.0,52.0,77.0,36.0
205.0,282.0,225.0,88.0,43.0
61.0,308.0,72.0,93.0,41.0
106.0,510.0,153.0,386.0,334.0
71.0,438.0,85.0,132.0,78.0
40.0,354.0,101.0,151.0,128.0
77.0,330.0,88.0,118.0,64.0
37.0,153.0,36.0,22.0,8.0
59.0,163.0,58.0,22.0,25.0
43.0,308.0,67.0,93.0,41.0
285.0,292.0,175.0,79.0,151.0
100.0,580.0,149.0,550.0,289.0
215.0,330.0,85.0,118.0,78.0
90.0,404.0,72.0,204.0,43.0
70.0,330.0,84.0,118.0,76.0
91.0,173.0,56.0,28.0,22.0
80.0,223.0,93.0,37.0,119.0
59.0,337.0,67.0,77.0,33.0
91.0,199.0,116.0,195.0,173.0
73.0,354.0,100.0,151.0,123.0
91.0,252.0,59.0,56.0,26.0
91.0,437.0,114.0,214.0,173.0
50.0,252.0,58.0,30.0,19.0
53.0,273.0,58.0,66.0,24.0
213.0,325.0,244.0,618.0,509.0
383.0,284.0,480.0,97.0,623.0
91.0,146.0,88.0,7.0,118.0
43.0,193.0,52.0,34.0,20.0
45.0,236.0,55.0,37.0,21.0
555.0,78.0,709.0,589.0,926.0
47.0,283.0,55.0,57.0,22.0
70.0,386.0,84.0,173.0,141.0
91.0,474.0,103.0,290.0,148.0
49.0,223.0,56.0,36.0,24.0
183.0,482.0,126.0,367.0,303.0
59.0,273.0,69.0,64.0,33.0
59.0,236.0,69.0,77.0,33.0
59.0,302.0,69.0,87.0,34.0
371.0,260.0,33.0,23.0,8.0
59.0,278.0,65.0,67.0,31.0
67.0,510.0,78.0,366.0,283.0
328.0,347.0,470.0,138.0,613.0
48.0,122.0,56.0,17.0,11.0
23.0,257.0,55.0,47.0,24.0
285.0,519.0,324.0,538.0,602.0
21.0,289.0,65.0,77.0,32.0
98.0,375.0,137.0,172.0,160.0
208.0,517.0,164.0,428.0,364.0
28.0,111.0,33.0,17.0,8.0
70.0,325.0,84.0,117.0,76.0
427.0,317.0,84.0,118.0,78.0
39.0,282.0,48.0,62.0,29.0
60.0,242.0,71.0,47.0,21.0
315.0,273.0,71.0,64.0,29.0
96.0,353.0,123.0,153.0,24.0
43.0,257.0,52.0,57.0,20.0
59.0,319.0,65.0,102.0,32.0
70.0,347.0,84.0,102.0,53.0
999.0,351.0,999.0,558.0,999.0
955.0,165.0,74.0,25.0,16.0
27.0,146.0,24.0,22.0,7.0
98.0,140.0,137.0,36.0,20.0
955.0,296.0,69.0,81.0,35.0
100.0,482.0,151.0,366.0,287.0
40.0,228.0,49.0,41.0,19.0
100.0,353.0,149.0,150.0,119.0
65.0,353.0,78.0,151.0,118.0
63.0,193.0,49.0,34.0,8.0
48.0,223.0,56.0,37.0,21.0
82.0,437.0,103.0,213.0,170.0
81.0,304.0,93.0,152.0,124.0
64.0,163.0,76.0,22.0,266.0
91.0,178.0,114.0,30.0,19.0
78.0,330.0,90.0,118.0,118.0
84.0,330.0,87.0,117.0,76.0
166.0,517.0,147.0,211.0,173.0
23.0,25.0,24.0,7.0,7.0
61.0,233.0,55.0,37.0,21.0
59.0,296.0,69.0,81.0,35.0
35.0,226.0,44.0,38.0,19.0
58.0,312.0,76.0,100.0,49.0
80.0,0.0,99.0,0.0,128.0
48.0,252.0,63.0,62.0,29.0
130.0,299.0,156.0,576.0,963.0
45.0,242.0,56.0,47.0,23.0
192.0,248.0,72.0,56.0,26.0
77.0,283.0,90.0,66.0,30.0
861.0,482.0,151.0,373.0,303.0
21.0,122.0,27.0,17.0,8.0
131.0,517.0,156.0,428.0,364.0
61.0,304.0,71.0,88.0,37.0
699.0,650.0,709.0,585.0,926.0
71.0,237.0,85.0,44.0,23.0
61.0,284.0,71.0,76.0,34.0
421.0,163.0,537.0,841.0,722.0
80.0,296.0,83.0,37.0,21.0
100.0,329.0,149.0,130.0,369.0
35.0,153.0,44.0,22.0,14.0
206.0,148.0,139.0,22.0,15.0
35.0,171.0,34.0,7.0,8.0
213.0,353.0,153.0,138.0,331.0
98.0,138.0,137.0,67.0,118.0
205.0,528.0,182.0,538.0,416.0
43.0,228.0,55.0,41.0,22.0
71.0,252.0,93.0,83.0,120.0
206.0,292.0,153.0,211.0,173.0
231.0,240.0,156.0,45.0,364.0
165.0,510.0,165.0,386.0,334.0
48.0,273.0,55.0,37.0,21.0
48.0,296.0,56.0,67.0,31.0
82.0,314.0,99.0,153.0,124.0
61.0,302.0,71.0,88.0,37.0
487.0,138.0,537.0,589.0,722.0
77.0,178.0,87.0,137.0,105.0
29.0,301.0,71.0,83.0,174.0
62.0,343.0,84.0,115.0,76.0
40.0,165.0,48.0,28.0,18.0
29.0,228.0,30.0,41.0,8.0
59.0,278.0,71.0,37.0,21.0
53.0,299.0,60.0,40.0,22.0
62.0,312.0,72.0,100.0,47.0
33.0,205.0,41.0,30.0,11.0
62.0,221.0,56.0,37.0,24.0
52.0,296.0,59.0,82.0,26.0
100.0,265.0,151.0,62.0,266.0
20.0,252.0,9.0,2.0,1.0
205.0,252.0,208.0,558.0,431.0
59.0,312.0,66.0,67.0,31.0
59.0,314.0,76.0,223.0,177.0
100.0,312.0,147.0,152.0,99.0
766.0,146.0,41.0,20.0,11.0
59.0,273.0,45.0,62.0,28.0
186.0,528.0,181.0,538.0,416.0
80.0,278.0,74.0,168.0,96.0
999.0,589.0,999.0,550.0,999.0
294.0,197.0,291.0,753.0,579.0
69.0,247.0,86.0,50.0,155.0
42.0,193.0,50.0,34.0,19.0
91.0,330.0,120.0,118.0,44.0
315.0,248.0,165.0,59.0,274.0
315.0,339.0,88.0,133.0,107.0
39.0,171.0,48.0,25.0,17.0
692.0,14.0,156.0,367.0,364.0
54.0,284.0,60.0,59.0,26.0
90.0,438.0,107.0,213.0,157.0
21.0,354.0,20.0,2.0,3.0
197.0,589.0,200.0,558.0,429.0
82.0,223.0,103.0,37.0,148.0
190.0,437.0,189.0,213.0,429.0
130.0,517.0,153.0,417.0,344.0
49.0,247.0,58.0,50.0,24.0
489.0,223.0,54.0,37.0,20.0
80.0,308.0,93.0,93.0,41.0
31.0,146.0,39.0,20.0,11.0
91.0,437.0,116.0,223.0,174.0
43.0,194.0,51.0,36.0,20.0
53.0,273.0,59.0,66.0,30.0
98.0,172.0,48.0,27.0,18.0
35.0,661.0,226.0,618.0,481.0
100.0,474.0,147.0,226.0,283.0
285.0,273.0,324.0,64.0,602.0
86.0,283.0,105.0,192.0,154.0
54.0,252.0,60.0,56.0,26.0
205.0,348.0,87.0,133.0,107.0
71.0,335.0,85.0,118.0,78.0
59.0,339.0,66.0,125.0,96.0
63.0,406.0,74.0,204.0,148.0
69.0,237.0,85.0,47.0,24.0
82.0,348.0,101.0,135.0,148.0
71.0,278.0,83.0,151.0,60.0
999.0,650.0,999.0,585.0,999.0
192.0,361.0,265.0,618.0,602.0
59.0,302.0,55.0,87.0,22.0
93.0,236.0,116.0,44.0,157.0
45.0,193.0,52.0,34.0,20.0
43.0,406.0,277.0,204.0,155.0
98.0,520.0,137.0,538.0,416.0
73.0,351.0,86.0,130.0,99.0
31.0,292.0,105.0,79.0,151.0
43.0,247.0,60.0,59.0,26.0
206.0,647.0,226.0,558.0,431.0
489.0,301.0,24.0,2.0,6.0
29.0,111.0,36.0,8.0,8.0
93.0,404.0,121.0,202.0,151.0
91.0,406.0,107.0,204.0,155.0
59.0,292.0,69.0,80.0,35.0
82.0,353.0,101.0,143.0,105.0
43.0,226.0,55.0,37.0,22.0
294.0,240.0,57.0,47.0,24.0
59.0,237.0,67.0,41.0,22.0
59.0,226.0,67.0,38.0,23.0
33.0,165.0,42.0,24.0,11.0
72.0,353.0,86.0,148.0,105.0
46.0,171.0,55.0,26.0,22.0
766.0,165.0,822.0,24.0,24.0
59.0,296.0,69.0,81.0,32.0
57.0,167.0,72.0,25.0,17.0
91.0,228.0,66.0,66.0,31.0
106.0,156.0,153.0,367.0,303.0
27.0,178.0,62.0,59.0,24.0
54.0,228.0,69.0,47.0,24.0
71.0,330.0,85.0,118.0,78.0
43.0,282.0,51.0,72.0,22.0
65.0,313.0,72.0,90.0,40.0
32.0,178.0,40.0,30.0,19.0
49.0,228.0,56.0,43.0,24.0
100.0,284.0,149.0,76.0,283.0
95.0,181.0,57.0,36.0,24.0
49.0,237.0,58.0,45.0,22.0
35.0,122.0,44.0,19.0,11.0
69.0,247.0,43.0,50.0,24.0
555.0,480.0,709.0,622.0,926.0
130.0,518.0,156.0,468.0,364.0
43.0,228.0,52.0,36.0,20.0
21.0,241.0,39.0,57.0,10.0
82.0,301.0,101.0,90.0,40.0
552.0,354.0,298.0,211.0,160.0
49.0,354.0,92.0,150.0,120.0
63.0,325.0,83.0,115.0,60.0
215.0,199.0,85.0,121.0,89.0
71.0,173.0,86.0,28.0,18.0
46.0,205.0,55.0,36.0,21.0
82.0,153.0,44.0,22.0,14.0
315.0,296.0,20.0,81.0,35.0
205.0,589.0,208.0,558.0,431.0
133.0,248.0,89.0,52.0,110.0
186.0,165.0,182.0,550.0,417.0
315.0,528.0,181.0,550.0,417.0
59.0,282.0,65.0,72.0,31.0
43.0,353.0,52.0,40.0,22.0
166.0,474.0,175.0,290.0,260.0
91.0,438.0,116.0,211.0,173.0
80.0,353.0,93.0,143.0,105.0
37.0,173.0,48.0,28.0,16.0
58.0,268.0,63.0,62.0,29.0
186.0,999.0,181.0,999.0,417.0
48.0,228.0,56.0,41.0,22.0
279.0,520.0,298.0,538.0,579.0
100.0,248.0,151.0,51.0,110.0
96.0,520.0,175.0,428.0,364.0
205.0,517.0,224.0,428.0,361.0
65.0,146.0,77.0,20.0,11.0
41.0,178.0,50.0,30.0,19.0
80.0,353.0,92.0,148.0,119.0
64.0,164.0,74.0,28.0,18.0
39.0,273.0,63.0,66.0,31.0
24.0,76.0,22.0,2.0,4.0
64.0,312.0,73.0,93.0,43.0
231.0,135.0,265.0,22.0,623.0
58.0,199.0,52.0,36.0,20.0
77.0,312.0,87.0,93.0,109.0
555.0,260.0,709.0,585.0,926.0
49.0,247.0,57.0,50.0,23.0
58.0,193.0,44.0,34.0,20.0
50.0,228.0,58.0,41.0,25.0
166.0,518.0,147.0,428.0,274.0
59.0,301.0,69.0,83.0,36.0
82.0,437.0,89.0,138.0,105.0
84.0,346.0,103.0,130.0,105.0
45.0,237.0,56.0,44.0,23.0
328.0,0.0,470.0,0.0,1.0
33.0,160.0,49.0,22.0,14.0
63.0,308.0,74.0,100.0,47.0
315.0,240.0,59.0,45.0,24.0
43.0,178.0,52.0,30.0,19.0
96.0,193.0,57.0,34.0,25.0
427.0,278.0,514.0,153.0,123.0
315.0,302.0,352.0,87.0,602.0
43.0,292.0,76.0,79.0,109.0
65.0,301.0,77.0,100.0,49.0
215.0,632.0,244.0,558.0,431.0
42.0,268.0,50.0,30.0,19.0
206.0,520.0,224.0,538.0,417.0
692.0,221.0,57.0,37.0,24.0
43.0,171.0,41.0,26.0,17.0
166.0,223.0,60.0,59.0,26.0
766.0,193.0,27.0,34.0,7.0
71.0,268.0,66.0,62.0,31.0
29.0,406.0,36.0,22.0,12.0
58.0,273.0,63.0,66.0,28.0
383.0,348.0,90.0,137.0,115.0
315.0,242.0,367.0,47.0,24.0
91.0,226.0,116.0,38.0,173.0
91.0,193.0,120.0,211.0,173.0
43.0,205.0,52.0,36.0,22.0
92.0,236.0,55.0,44.0,22.0
98.0,386.0,156.0,173.0,364.0
552.0,312.0,822.0,97.0,154.0
78.0,339.0,86.0,125.0,96.0
81.0,337.0,100.0,121.0,368.0
279.0,301.0,298.0,100.0,613.0
78.0,304.0,90.0,130.0,118.0
133.0,518.0,155.0,428.0,361.0
208.0,163.0,78.0,30.0,19.0
63.0,312.0,74.0,100.0,47.0
71.0,343.0,86.0,131.0,101.0
43.0,236.0,55.0,41.0,21.0
52.0,325.0,59.0,115.0,25.0
59.0,273.0,65.0,66.0,30.0
77.0,78.0,101.0,36.0,21.0
20.0,165.0,48.0,23.0,15.0
133.0,520.0,181.0,538.0,416.0
91.0,354.0,96.0,152.0,124.0
47.0,326.0,57.0,67.0,32.0
29.0,240.0,34.0,66.0,8.0
285.0,438.0,90.0,222.0,194.0
69.0,330.0,85.0,118.0,78.0
45.0,228.0,55.0,41.0,22.0
39.0,222.0,50.0,37.0,19.0
58.0,306.0,68.0,66.0,30.0
38.0,167.0,48.0,25.0,16.0
77.0,148.0,87.0,22.0,105.0
59.0,233.0,62.0,62.0,29.0
183.0,347.0,175.0,133.0,32.0
315.0,193.0,139.0,618.0,368.0
21.0,122.0,24.0,2.0,6.0
131.0,517.0,156.0,428.0,364.0
165.0,517.0,155.0,428.0,361.0
215.0,165.0,47.0,23.0,15.0
92.0,197.0,121.0,36.0,20.0
35.0,632.0,44.0,22.0,14.0
256.0,284.0,66.0,77.0,30.0
100.0,375.0,149.0,366.0,266.0
315.0,386.0,149.0,173.0,274.0
91.0,437.0,116.0,222.0,174.0
82.0,217.0,101.0,36.0,128.0
955.0,650.0,999.0,558.0,999.0
91.0,308.0,124.0,150.0,120.0
383.0,339.0,490.0,125.0,109.0
59.0,165.0,48.0,23.0,15.0
206.0,282.0,226.0,77.0,481.0
427.0,351.0,88.0,138.0,115.0
80.0,314.0,101.0,100.0,49.0
91.0,252.0,103.0,52.0,151.0
32.0,138.0,40.0,19.0,11.0
42.0,650.0,50.0,30.0,19.0
50.0,301.0,58.0,83.0,36.0
59.0,292.0,69.0,79.0,35.0
80.0,343.0,100.0,235.0,194.0
78.0,193.0,90.0,34.0,118.0
61.0,330.0,70.0,115.0,36.0
28.0,116.0,27.0,8.0,8.0
45.0,217.0,55.0,37.0,21.0
315.0,346.0,22.0,2.0,4.0
213.0,233.0,244.0,622.0,509.0
100.0,519.0,709.0,373.0,331.0
23.0,257.0,20.0,3.0,0.0
29.0,122.0,33.0,17.0,8.0
692.0,303.0,71.0,88.0,37.0
61.0,257.0,89.0,76.0,32.0
315.0,140.0,514.0,861.0,602.0
70.0,347.0,84.0,110.0,76.0
59.0,268.0,63.0,62.0,29.0
100.0,25.0,151.0,2.0,303.0
48.0,228.0,56.0,41.0,22.0
62.0,303.0,72.0,88.0,37.0
62.0,302.0,86.0,87.0,99.0
186.0,528.0,181.0,538.0,416.0
45.0,236.0,55.0,44.0,23.0
35.0,282.0,66.0,67.0,31.0
96.0,223.0,164.0,37.0,369.0
766.0,647.0,783.0,576.0,963.0
28.0,122.0,33.0,17.0,8.0
71.0,171.0,33.0,25.0,8.0
328.0,52.0,470.0,576.0,613.0
96.0,314.0,123.0,100.0,49.0
183.0,506.0,181.0,538.0,416.0
48.0,228.0,56.0,41.0,22.0
91.0,146.0,114.0,20.0,11.0
64.0,226.0,87.0,38.0,303.0
43.0,217.0,54.0,36.0,20.0
81.0,173.0,291.0,28.0,18.0
294.0,226.0,367.0,37.0,623.0
130.0,517.0,155.0,428.0,361.0
692.0,650.0,277.0,585.0,453.0
79.0,406.0,103.0,202.0,154.0
41.0,178.0,50.0,30.0,19.0
71.0,339.0,85.0,125.0,81.0
190.0,449.0,123.0,226.0,194.0
53.0,257.0,59.0,52.0,25.0
60.0,236.0,71.0,44.0,24.0
126.0,517.0,153.0,497.0,344.0
42.0,240.0,57.0,47.0,24.0
54.0,282.0,60.0,66.0,26.0
106.0,517.0,153.0,373.0,331.0
99.0,366.0,143.0,79.0,53.0
98.0,226.0,123.0,2.0,3.0
96.0,308.0,72.0,93.0,41.0
35.0,164.0,45.0,22.0,14.0
65.0,273.0,77.0,66.0,49.0
100.0,406.0,147.0,195.0,283.0
33.0,308.0,40.0,18.0,11.0
74.0,343.0,87.0,130.0,105.0
37.0,236.0,45.0,44.0,23.0
96.0,347.0,124.0,202.0,170.0
98.0,301.0,67.0,83.0,36.0
84.0,172.0,105.0,26.0,154.0
74.0,302.0,71.0,87.0,36.0
78.0,329.0,84.0,117.0,76.0
63.0,226.0,74.0,102.0,60.0
59.0,236.0,71.0,44.0,24.0
98.0,163.0,83.0,22.0,14.0
240.0,353.0,99.0,143.0,128.0
166.0,232.0,175.0,585.0,368.0
279.0,346.0,298.0,131.0,101.0
328.0,632.0,470.0,618.0,481.0
28.0,111.0,30.0,10.0,8.0
60.0,292.0,71.0,79.0,34.0
35.0,172.0,44.0,27.0,1.0
59.0,273.0,65.0,67.0,31.0
63.0,106.0,74.0,7.0,7.0
20.0,347.0,87.0,132.0,107.0
80.0,312.0,93.0,150.0,123.0
54.0,296.0,63.0,81.0,35.0
45.0,217.0,55.0,37.0,21.0
100.0,284.0,147.0,77.0,32.0
33.0,282.0,66.0,72.0,31.0
206.0,242.0,225.0,47.0,76.0
71.0,335.0,86.0,130.0,118.0
78.0,353.0,90.0,150.0,118.0
33.0,146.0,44.0,22.0,12.0
91.0,301.0,114.0,83.0,24.0
65.0,304.0,78.0,83.0,36.0
215.0,165.0,48.0,23.0,15.0
335.0,661.0,480.0,589.0,477.0
100.0,449.0,151.0,235.0,289.0
32.0,165.0,36.0,24.0,15.0
27.0,140.0,41.0,19.0,11.0
206.0,319.0,225.0,100.0,602.0
69.0,343.0,87.0,130.0,105.0
31.0,518.0,155.0,428.0,361.0
67.0,314.0,78.0,100.0,49.0
65.0,319.0,78.0,102.0,53.0
197.0,474.0,124.0,235.0,194.0
100.0,326.0,151.0,367.0,289.0
29.0,146.0,43.0,20.0,11.0
69.0,347.0,87.0,132.0,107.0
90.0,406.0,107.0,204.0,155.0
63.0,292.0,72.0,79.0,34.0
80.0,404.0,99.0,153.0,128.0
59.0,191.0,72.0,34.0,110.0
40.0,146.0,57.0,22.0,20.0
59.0,237.0,65.0,45.0,32.0
49.0,237.0,57.0,45.0,24.0
51.0,167.0,59.0,52.0,25.0
39.0,151.0,48.0,22.0,14.0
48.0,228.0,56.0,41.0,22.0
59.0,278.0,68.0,79.0,33.0
683.0,313.0,709.0,806.0,722.0
79.0,199.0,92.0,36.0,12.0
23.0,292.0,24.0,81.0,35.0
58.0,292.0,68.0,77.0,33.0
999.0,301.0,999.0,558.0,999.0
71.0,335.0,114.0,118.0,78.0
31.0,194.0,33.0,18.0,8.0
58.0,273.0,65.0,66.0,30.0
140.0,236.0,78.0,44.0,60.0
61.0,397.0,71.0,202.0,155.0
61.0,353.0,69.0,148.0,119.0
91.0,480.0,107.0,204.0,154.0
63.0,240.0,71.0,47.0,38.0
215.0,199.0,52.0,36.0,20.0
80.0,228.0,93.0,41.0,22.0
77.0,339.0,85.0,125.0,96.0
21.0,89.0,24.0,3.0,6.0
69.0,284.0,84.0,117.0,76.0
62.0,312.0,72.0,90.0,40.0
552.0,306.0,59.0,52.0,25.0
294.0,226.0,324.0,37.0,602.0
489.0,301.0,604.0,83.0,36.0
31.0,301.0,48.0,30.0,15.0
71.0,348.0,86.0,121.0,89.0
45.0,221.0,55.0,37.0,21.0
285.0,474.0,208.0,309.0,431.0
59.0,494.0,65.0,67.0,31.0
21.0,215.0,20.0,2.0,3.0
59.0,306.0,71.0,90.0,40.0
131.0,520.0,156.0,468.0,364.0
71.0,339.0,86.0,125.0,96.0
59.0,296.0,69.0,81.0,35.0
21.0,292.0,20.0,2.0,3.0
64.0,194.0,74.0,36.0,11.0
34.0,226.0,43.0,40.0,22.0
63.0,273.0,72.0,62.0,29.0
20.0,589.0,105.0,118.0,154.0
49.0,111.0,34.0,8.0,8.0
45.0,325.0,55.0,115.0,64.0
183.0,404.0,151.0,376.0,289.0
49.0,282.0,63.0,66.0,30.0
21.0,151.0,44.0,22.0,12.0
28.0,205.0,33.0,36.0,8.0
90.0,257.0,107.0,195.0,154.0
215.0,528.0,175.0,538.0,386.0
48.0,228.0,56.0,41.0,22.0
53.0,228.0,60.0,43.0,26.0
59.0,199.0,65.0,30.0,19.0
70.0,146.0,73.0,22.0,14.0
84.0,397.0,103.0,195.0,151.0
81.0,330.0,101.0,118.0,139.0
45.0,354.0,48.0,137.0,22.0
43.0,171.0,45.0,18.0,11.0
315.0,273.0,65.0,66.0,30.0
315.0,240.0,514.0,1.0,1.0
64.0,326.0,72.0,88.0,37.0
71.0,335.0,85.0,118.0,78.0
91.0,140.0,30.0,19.0,8.0
34.0,164.0,43.0,23.0,11.0
77.0,247.0,116.0,56.0,173.0
51.0,247.0,59.0,52.0,25.0
683.0,284.0,728.0,93.0,25.0
315.0,165.0,48.0,24.0,15.0
23.0,437.0,27.0,3.0,7.0
49.0,247.0,58.0,50.0,24.0
49.0,241.0,56.0,47.0,24.0
59.0,299.0,69.0,83.0,35.0
165.0,335.0,165.0,589.0,477.0
80.0,347.0,100.0,135.0,107.0
24.0,122.0,24.0,17.0,8.0
71.0,354.0,86.0,150.0,120.0
62.0,236.0,72.0,93.0,41.0
35.0,221.0,44.0,17.0,8.0
35.0,146.0,44.0,23.0,15.0
206.0,661.0,208.0,558.0,431.0
489.0,999.0,480.0,999.0,623.0
256.0,303.0,298.0,550.0,602.0
206.0,650.0,225.0,589.0,453.0
29.0,122.0,27.0,17.0,8.0
279.0,302.0,298.0,87.0,36.0
80.0,437.0,99.0,214.0,128.0
315.0,178.0,291.0,841.0,722.0
80.0,193.0,72.0,30.0,33.0
51.0,240.0,59.0,52.0,25.0
35.0,226.0,44.0,40.0,15.0
206.0,632.0,225.0,589.0,477.0
59.0,283.0,66.0,72.0,32.0
240.0,303.0,83.0,88.0,37.0
63.0,330.0,72.0,77.0,33.0
59.0,375.0,90.0,195.0,118.0
31.0,135.0,39.0,19.0,10.0
71.0,337.0,86.0,125.0,96.0
80.0,397.0,99.0,152.0,124.0
49.0,148.0,58.0,22.0,25.0
692.0,240.0,71.0,47.0,24.0
31.0,135.0,40.0,18.0,11.0
21.0,78.0,20.0,2.0,4.0
192.0,518.0,208.0,558.0,431.0
59.0,339.0,155.0,125.0,361.0
33.0,296.0,41.0,81.0,25.0
100.0,406.0,149.0,204.0,155.0
51.0,296.0,59.0,81.0,38.0
186.0,580.0,182.0,550.0,417.0
216.0,296.0,84.0,81.0,35.0
54.0,165.0,61.0,24.0,16.0
38.0,306.0,47.0,88.0,38.0
100.0,228.0,147.0,41.0,22.0
28.0,148.0,33.0,22.0,8.0
20.0,111.0,66.0,67.0,31.0
45.0,217.0,55.0,37.0,21.0
59.0,301.0,70.0,82.0,36.0
433.0,156.0,526.0,18.0,8.0
74.0,173.0,87.0,28.0,107.0
31.0,273.0,72.0,62.0,41.0
43.0,302.0,51.0,88.0,37.0
28.0,78.0,33.0,7.0,8.0
48.0,236.0,56.0,44.0,23.0
213.0,165.0,226.0,622.0,509.0
59.0,248.0,67.0,77.0,33.0
955.0,325.0,83.0,117.0,64.0
81.0,236.0,100.0,44.0,128.0
315.0,517.0,90.0,373.0,115.0
64.0,313.0,76.0,100.0,49.0
34.0,140.0,44.0,13.0,11.0
35.0,140.0,42.0,19.0,11.0
208.0,312.0,225.0,589.0,477.0
279.0,303.0,92.0,153.0,120.0
231.0,116.0,24.0,19.0,11.0
59.0,197.0,69.0,36.0,20.0
70.0,205.0,24.0,36.0,20.0
59.0,278.0,57.0,72.0,24.0
82.0,146.0,514.0,19.0,11.0
102.0,519.0,153.0,468.0,344.0
37.0,163.0,47.0,23.0,15.0
49.0,197.0,55.0,36.0,21.0
86.0,437.0,107.0,204.0,155.0
59.0,240.0,58.0,50.0,24.0
140.0,506.0,151.0,373.0,303.0
206.0,580.0,224.0,558.0,431.0
41.0,156.0,50.0,30.0,19.0
96.0,353.0,120.0,143.0,173.0
95.0,474.0,123.0,235.0,194.0
80.0,236.0,96.0,44.0,123.0
51.0,386.0,59.0,173.0,118.0
285.0,226.0,200.0,558.0,429.0
80.0,165.0,48.0,27.0,18.0
20.0,257.0,60.0,59.0,26.0
91.0,233.0,120.0,44.0,177.0
240.0,221.0,244.0,52.0,25.0
58.0,303.0,71.0,88.0,37.0
59.0,303.0,69.0,88.0,36.0
79.0,519.0,92.0,428.0,120.0
58.0,268.0,63.0,62.0,29.0
100.0,314.0,149.0,538.0,287.0
54.0,292.0,68.0,77.0,32.0
59.0,273.0,65.0,66.0,30.0
40.0,236.0,55.0,36.0,20.0
63.0,165.0,74.0,80.0,35.0
27.0,252.0,60.0,50.0,25.0
49.0,164.0,58.0,23.0,25.0
80.0,314.0,93.0,100.0,49.0
69.0,282.0,83.0,72.0,31.0
80.0,438.0,99.0,309.0,128.0
131.0,308.0,143.0,90.0,43.0
59.0,255.0,69.0,81.0,35.0
0.0,52.0,0.0,2.0,0.0
96.0,437.0,120.0,213.0,173.0
0.0,632.0,0.0,3.0,0.0
79.0,354.0,92.0,150.0,119.0
33.0,240.0,57.0,47.0,24.0
78.0,375.0,77.0,172.0,141.0
93.0,148.0,63.0,62.0,29.0
487.0,348.0,537.0,47.0,722.0
59.0,661.0,96.0,152.0,124.0
383.0,171.0,490.0,222.0,623.0
240.0,171.0,67.0,79.0,32.0
487.0,265.0,90.0,62.0,28.0
28.0,296.0,33.0,150.0,120.0
50.0,237.0,58.0,44.0,23.0
100.0,445.0,149.0,309.0,283.0
40.0,173.0,48.0,28.0,18.0
51.0,247.0,59.0,47.0,25.0
52.0,406.0,59.0,102.0,53.0
100.0,0.0,149.0,0.0,0.0
41.0,482.0,50.0,36.0,19.0
100.0,317.0,149.0,90.0,35.0
0.0,228.0,0.0,41.0,0.0
99.0,469.0,92.0,192.0,123.0
240.0,518.0,298.0,376.0,579.0
433.0,528.0,526.0,538.0,716.0
35.0,146.0,44.0,22.0,14.0
80.0,215.0,93.0,36.0,20.0
58.0,351.0,96.0,152.0,124.0
96.0,289.0,126.0,861.0,716.0
27.0,160.0,33.0,22.0,8.0
216.0,205.0,147.0,36.0,283.0
77.0,215.0,90.0,143.0,119.0
100.0,330.0,149.0,118.0,78.0
65.0,375.0,78.0,153.0,60.0
98.0,116.0,139.0,22.0,13.0
34.0,163.0,59.0,22.0,14.0
215.0,482.0,143.0,290.0,260.0
69.0,348.0,86.0,131.0,101.0
955.0,255.0,56.0,41.0,22.0
766.0,317.0,78.0,102.0,50.0
58.0,273.0,83.0,59.0,26.0
82.0,404.0,103.0,202.0,154.0
33.0,122.0,42.0,19.0,11.0
63.0,303.0,72.0,93.0,42.0
90.0,354.0,105.0,211.0,154.0
58.0,236.0,63.0,44.0,10.0
64.0,237.0,73.0,3.0,7.0
61.0,308.0,74.0,93.0,41.0
35.0,223.0,44.0,37.0,21.0
48.0,236.0,56.0,44.0,23.0
47.0,236.0,55.0,45.0,22.0
38.0,165.0,48.0,23.0,15.0
29.0,171.0,298.0,18.0,613.0
54.0,348.0,60.0,152.0,26.0
74.0,347.0,87.0,132.0,107.0
78.0,353.0,88.0,150.0,120.0
81.0,138.0,100.0,22.0,14.0
999.0,248.0,999.0,51.0,999.0
91.0,330.0,103.0,214.0,170.0
20.0,236.0,59.0,44.0,25.0
65.0,386.0,78.0,173.0,128.0
78.0,278.0,90.0,70.0,105.0
24.0,650.0,24.0,2.0,3.0
433.0,437.0,526.0,214.0,716.0
82.0,510.0,103.0,376.0,151.0
71.0,339.0,86.0,125.0,96.0
100.0,480.0,149.0,366.0,287.0
29.0,347.0,121.0,132.0,64.0
67.0,289.0,78.0,62.0,29.0
231.0,519.0,155.0,428.0,361.0
54.0,255.0,59.0,58.0,26.0
49.0,241.0,57.0,50.0,24.0
37.0,165.0,49.0,24.0,16.0
38.0,178.0,50.0,30.0,19.0
192.0,353.0,85.0,143.0,118.0
256.0,296.0,291.0,30.0,567.0
427.0,248.0,526.0,51.0,716.0
133.0,406.0,107.0,204.0,155.0
43.0,226.0,52.0,34.0,20.0
100.0,167.0,101.0,30.0,19.0
21.0,647.0,101.0,214.0,139.0
28.0,406.0,89.0,195.0,99.0
61.0,650.0,71.0,3.0,22.0
49.0,171.0,65.0,28.0,24.0
50.0,193.0,58.0,34.0,20.0
59.0,226.0,55.0,38.0,22.0
133.0,171.0,165.0,34.0,53.0
45.0,205.0,54.0,36.0,20.0
20.0,312.0,71.0,100.0,49.0
71.0,348.0,86.0,125.0,96.0
43.0,191.0,52.0,36.0,20.0
131.0,237.0,155.0,45.0,369.0
71.0,330.0,85.0,118.0,78.0
49.0,240.0,58.0,47.0,24.0
206.0,354.0,225.0,1.0,579.0
71.0,406.0,85.0,137.0,118.0
555.0,647.0,709.0,589.0,926.0
40.0,165.0,48.0,23.0,18.0
555.0,346.0,709.0,131.0,101.0
49.0,242.0,58.0,50.0,24.0
766.0,319.0,78.0,102.0,53.0
213.0,299.0,85.0,83.0,81.0
77.0,339.0,92.0,125.0,119.0
28.0,76.0,36.0,2.0,6.0
67.0,257.0,78.0,77.0,32.0
80.0,222.0,103.0,172.0,139.0
71.0,335.0,85.0,118.0,78.0
79.0,353.0,92.0,135.0,109.0
77.0,197.0,62.0,36.0,24.0
552.0,347.0,87.0,117.0,89.0
41.0,304.0,50.0,79.0,19.0
52.0,247.0,59.0,50.0,25.0
160.0,480.0,151.0,353.0,303.0
955.0,228.0,55.0,41.0,22.0
69.0,156.0,44.0,22.0,13.0
69.0,273.0,69.0,66.0,35.0
29.0,163.0,45.0,22.0,14.0
74.0,354.0,87.0,138.0,107.0
71.0,199.0,89.0,36.0,109.0
48.0,228.0,56.0,41.0,22.0
215.0,517.0,181.0,538.0,416.0
100.0,260.0,151.0,93.0,303.0
28.0,122.0,33.0,17.0,8.0
100.0,301.0,149.0,81.0,34.0
38.0,292.0,48.0,79.0,34.0
29.0,153.0,45.0,22.0,14.0
59.0,237.0,69.0,43.0,35.0
23.0,167.0,27.0,3.0,7.0
279.0,589.0,298.0,558.0,579.0
80.0,122.0,96.0,17.0,12.0
59.0,228.0,65.0,40.0,31.0
160.0,517.0,157.0,417.0,368.0
59.0,283.0,68.0,77.0,33.0
279.0,292.0,298.0,806.0,623.0
256.0,205.0,291.0,36.0,205.0
699.0,520.0,822.0,497.0,999.0
28.0,173.0,48.0,28.0,18.0
48.0,167.0,56.0,25.0,17.0
861.0,282.0,42.0,72.0,12.0
40.0,278.0,48.0,25.0,16.0
50.0,248.0,58.0,51.0,24.0
35.0,165.0,44.0,22.0,14.0
216.0,353.0,90.0,143.0,118.0
92.0,445.0,120.0,223.0,177.0
64.0,308.0,76.0,77.0,43.0
80.0,278.0,99.0,70.0,128.0
23.0,135.0,24.0,2.0,6.0
50.0,326.0,58.0,47.0,20.0
33.0,260.0,49.0,59.0,20.0
59.0,178.0,66.0,62.0,31.0
102.0,404.0,153.0,202.0,344.0
42.0,278.0,88.0,81.0,38.0
100.0,517.0,155.0,428.0,361.0
100.0,308.0,151.0,93.0,303.0
38.0,163.0,30.0,22.0,8.0
130.0,205.0,155.0,36.0,20.0
59.0,296.0,66.0,81.0,35.0
96.0,304.0,69.0,88.0,37.0
106.0,354.0,153.0,558.0,429.0
0.0,232.0,0.0,62.0,0.0
62.0,273.0,66.0,72.0,31.0
59.0,273.0,65.0,66.0,30.0
78.0,335.0,85.0,118.0,78.0
59.0,138.0,24.0,3.0,7.0
38.0,302.0,114.0,87.0,43.0
59.0,292.0,70.0,79.0,34.0
86.0,354.0,92.0,151.0,123.0
70.0,153.0,84.0,22.0,14.0
71.0,52.0,86.0,2.0,1.0
69.0,346.0,83.0,131.0,64.0
28.0,52.0,22.0,2.0,4.0
91.0,480.0,116.0,290.0,173.0
43.0,282.0,68.0,77.0,33.0
70.0,330.0,84.0,118.0,76.0
91.0,438.0,85.0,214.0,283.0
35.0,178.0,44.0,22.0,13.0
231.0,404.0,116.0,202.0,173.0
71.0,375.0,83.0,79.0,34.0
63.0,265.0,72.0,62.0,31.0
40.0,228.0,49.0,41.0,22.0
90.0,361.0,107.0,195.0,154.0
74.0,171.0,78.0,25.0,17.0
40.0,165.0,48.0,23.0,18.0
59.0,273.0,65.0,66.0,30.0
160.0,518.0,155.0,428.0,361.0
37.0,171.0,47.0,22.0,15.0
21.0,0.0,20.0,0.0,0.0
106.0,632.0,153.0,386.0,334.0
65.0,330.0,60.0,118.0,26.0
106.0,375.0,152.0,173.0,331.0
57.0,255.0,61.0,59.0,26.0
315.0,122.0,40.0,18.0,11.0
49.0,241.0,58.0,50.0,24.0
71.0,330.0,85.0,118.0,78.0
43.0,197.0,52.0,36.0,20.0
65.0,292.0,77.0,79.0,73.0
126.0,517.0,153.0,417.0,344.0
91.0,167.0,114.0,25.0,17.0
91.0,122.0,59.0,2.0,26.0
98.0,0.0,139.0,0.0,260.0
133.0,506.0,165.0,376.0,369.0
206.0,284.0,225.0,753.0,716.0
42.0,171.0,52.0,25.0,18.0
335.0,339.0,480.0,125.0,81.0
48.0,140.0,42.0,19.0,11.0
64.0,314.0,76.0,100.0,49.0
102.0,346.0,93.0,148.0,119.0
28.0,160.0,27.0,22.0,10.0
54.0,160.0,61.0,22.0,26.0
861.0,240.0,57.0,47.0,24.0
91.0,223.0,58.0,37.0,24.0
29.0,205.0,51.0,36.0,20.0
96.0,353.0,120.0,143.0,177.0
999.0,580.0,999.0,550.0,999.0
28.0,76.0,27.0,7.0,7.0
128.0,528.0,152.0,538.0,386.0
91.0,517.0,107.0,417.0,155.0
383.0,438.0,114.0,214.0,170.0
35.0,163.0,44.0,22.0,10.0
240.0,329.0,324.0,117.0,602.0
48.0,232.0,56.0,41.0,22.0
43.0,319.0,52.0,36.0,20.0
487.0,172.0,514.0,28.0,18.0
555.0,337.0,709.0,192.0,139.0
96.0,347.0,124.0,133.0,107.0
53.0,302.0,60.0,87.0,26.0
133.0,438.0,116.0,222.0,174.0
92.0,296.0,121.0,172.0,139.0
65.0,191.0,78.0,34.0,19.0
71.0,140.0,100.0,37.0,8.0
40.0,314.0,48.0,100.0,18.0
96.0,354.0,120.0,117.0,96.0
63.0,257.0,59.0,58.0,26.0
96.0,510.0,156.0,417.0,364.0
70.0,283.0,84.0,115.0,76.0
45.0,222.0,55.0,41.0,22.0
285.0,283.0,72.0,76.0,32.0
48.0,236.0,56.0,44.0,23.0
95.0,437.0,123.0,222.0,194.0
166.0,173.0,165.0,28.0,18.0
81.0,347.0,88.0,132.0,107.0
100.0,273.0,147.0,66.0,274.0
49.0,181.0,50.0,30.0,19.0
165.0,528.0,164.0,223.0,369.0
999.0,520.0,999.0,538.0,999.0
28.0,354.0,27.0,22.0,14.0
71.0,330.0,88.0,102.0,109.0
57.0,319.0,59.0,102.0,25.0
100.0,106.0,86.0,125.0,89.0
28.0,163.0,48.0,22.0,14.0
80.0,386.0,103.0,173.0,141.0
692.0,330.0,27.0,118.0,81.0
206.0,248.0,56.0,59.0,24.0
73.0,347.0,87.0,132.0,107.0
78.0,306.0,90.0,88.0,38.0
82.0,255.0,105.0,59.0,154.0
61.0,228.0,71.0,41.0,22.0
39.0,167.0,48.0,23.0,15.0
383.0,999.0,490.0,999.0,657.0
40.0,171.0,48.0,26.0,18.0
37.0,163.0,44.0,22.0,16.0
133.0,217.0,55.0,37.0,21.0
24.0,164.0,24.0,22.0,12.0
78.0,353.0,92.0,148.0,119.0
100.0,353.0,152.0,138.0,331.0
71.0,330.0,85.0,118.0,78.0
315.0,228.0,56.0,41.0,22.0
63.0,301.0,72.0,36.0,20.0
49.0,236.0,56.0,44.0,24.0
91.0,335.0,85.0,118.0,78.0
82.0,284.0,103.0,195.0,148.0
81.0,437.0,101.0,226.0,181.0
21.0,205.0,22.0,2.0,4.0
41.0,178.0,50.0,30.0,19.0
128.0,241.0,60.0,44.0,26.0
80.0,319.0,63.0,102.0,50.0
65.0,319.0,78.0,102.0,53.0
81.0,347.0,100.0,132.0,128.0
71.0,165.0,85.0,23.0,15.0
79.0,348.0,237.0,135.0,417.0
42.0,236.0,50.0,44.0,19.0
59.0,273.0,65.0,66.0,30.0
59.0,313.0,70.0,100.0,36.0
90.0,348.0,105.0,195.0,154.0
43.0,178.0,52.0,30.0,19.0
70.0,312.0,84.0,118.0,78.0
315.0,171.0,352.0,25.0,602.0
69.0,122.0,48.0,17.0,8.0
71.0,335.0,85.0,118.0,78.0
63.0,247.0,58.0,51.0,24.0
42.0,173.0,48.0,18.0,8.0
80.0,397.0,101.0,192.0,151.0
213.0,236.0,55.0,44.0,24.0
77.0,348.0,85.0,152.0,120.0
427.0,314.0,480.0,100.0,613.0
63.0,205.0,73.0,37.0,20.0
216.0,278.0,99.0,100.0,128.0
683.0,650.0,604.0,585.0,481.0
21.0,78.0,22.0,2.0,4.0
43.0,193.0,51.0,34.0,20.0
421.0,292.0,514.0,79.0,36.0
93.0,353.0,99.0,153.0,128.0
38.0,165.0,47.0,23.0,15.0
160.0,517.0,165.0,428.0,369.0
98.0,248.0,143.0,59.0,260.0
43.0,240.0,59.0,47.0,24.0
35.0,146.0,44.0,22.0,12.0
20.0,236.0,58.0,44.0,25.0
205.0,302.0,114.0,87.0,36.0
59.0,273.0,65.0,66.0,30.0
58.0,268.0,63.0,62.0,29.0
699.0,193.0,52.0,34.0,20.0
98.0,252.0,114.0,57.0,177.0
60.0,308.0,71.0,90.0,40.0
215.0,650.0,225.0,618.0,481.0
48.0,278.0,56.0,67.0,31.0
100.0,519.0,149.0,309.0,283.0
29.0,329.0,88.0,110.0,36.0
0.0,188.0,0.0,22.0,0.0
61.0,284.0,71.0,77.0,34.0
54.0,273.0,60.0,66.0,26.0
63.0,317.0,74.0,102.0,50.0
69.0,217.0,55.0,37.0,21.0
98.0,312.0,143.0,97.0,266.0
70.0,335.0,84.0,118.0,76.0
59.0,296.0,71.0,81.0,35.0
43.0,205.0,52.0,36.0,19.0
130.0,482.0,156.0,366.0,364.0
96.0,236.0,165.0,45.0,722.0
133.0,301.0,153.0,83.0,344.0
63.0,296.0,68.0,81.0,34.0
23.0,296.0,68.0,76.0,32.0
433.0,999.0,526.0,861.0,722.0
487.0,228.0,96.0,41.0,22.0
50.0,302.0,58.0,47.0,26.0
90.0,404.0,107.0,202.0,157.0
39.0,164.0,48.0,23.0,17.0
33.0,138.0,41.0,19.0,11.0
33.0,140.0,42.0,19.0,11.0
35.0,140.0,9.0,19.0,1.0
552.0,650.0,728.0,589.0,963.0
74.0,252.0,87.0,222.0,174.0
33.0,140.0,39.0,19.0,11.0
71.0,339.0,86.0,125.0,96.0
78.0,330.0,90.0,118.0,118.0
43.0,199.0,52.0,36.0,20.0
91.0,437.0,107.0,214.0,155.0
93.0,506.0,126.0,376.0,205.0
80.0,111.0,116.0,18.0,173.0
206.0,437.0,149.0,376.0,274.0
67.0,353.0,78.0,148.0,119.0
102.0,518.0,151.0,376.0,303.0
71.0,335.0,85.0,118.0,96.0
91.0,148.0,114.0,22.0,14.0
555.0,296.0,709.0,538.0,963.0
23.0,163.0,24.0,22.0,12.0
59.0,172.0,69.0,77.0,32.0
206.0,353.0,224.0,150.0,120.0
65.0,301.0,78.0,83.0,36.0
100.0,306.0,72.0,83.0,35.0
35.0,138.0,44.0,22.0,11.0
39.0,205.0,36.0,18.0,10.0
58.0,248.0,63.0,62.0,28.0
21.0,164.0,22.0,2.0,4.0
128.0,339.0,156.0,125.0,364.0
421.0,221.0,514.0,37.0,173.0
81.0,268.0,99.0,79.0,128.0
93.0,289.0,121.0,77.0,33.0
53.0,240.0,60.0,58.0,26.0
59.0,296.0,69.0,81.0,35.0
29.0,228.0,55.0,41.0,22.0
91.0,330.0,116.0,118.0,78.0
78.0,326.0,78.0,115.0,53.0
98.0,226.0,114.0,37.0,21.0
59.0,265.0,65.0,62.0,28.0
90.0,397.0,107.0,202.0,155.0
999.0,647.0,999.0,576.0,999.0
216.0,222.0,99.0,152.0,124.0
197.0,406.0,124.0,202.0,205.0
37.0,163.0,47.0,22.0,15.0
71.0,335.0,85.0,118.0,78.0
487.0,304.0,103.0,115.0,64.0
371.0,337.0,480.0,118.0,128.0
45.0,217.0,55.0,37.0,21.0
80.0,314.0,89.0,100.0,50.0
80.0,304.0,71.0,88.0,37.0
433.0,171.0,526.0,26.0,613.0
49.0,303.0,69.0,82.0,35.0
91.0,445.0,114.0,213.0,170.0
80.0,329.0,93.0,118.0,60.0
80.0,191.0,51.0,36.0,19.0
72.0,347.0,86.0,132.0,101.0
43.0,153.0,52.0,36.0,20.0
38.0,167.0,52.0,25.0,17.0
77.0,148.0,85.0,30.0,18.0
65.0,163.0,78.0,23.0,53.0
213.0,482.0,226.0,373.0,303.0
208.0,632.0,208.0,558.0,431.0
64.0,308.0,76.0,88.0,49.0
35.0,165.0,44.0,22.0,14.0
53.0,233.0,59.0,41.0,25.0
197.0,140.0,208.0,558.0,431.0
38.0,173.0,49.0,28.0,18.0
59.0,273.0,66.0,64.0,32.0
95.0,292.0,87.0,80.0,107.0
70.0,354.0,84.0,118.0,76.0
49.0,178.0,43.0,22.0,14.0
20.0,163.0,27.0,7.0,7.0
71.0,223.0,86.0,37.0,24.0
43.0,171.0,52.0,25.0,17.0
80.0,354.0,99.0,152.0,124.0
48.0,252.0,56.0,41.0,22.0
208.0,494.0,126.0,841.0,361.0
81.0,173.0,100.0,26.0,73.0
39.0,319.0,73.0,102.0,43.0
71.0,308.0,85.0,97.0,37.0
49.0,302.0,58.0,87.0,38.0
64.0,326.0,78.0,110.0,60.0
95.0,354.0,105.0,168.0,154.0
54.0,205.0,61.0,57.0,26.0
100.0,482.0,149.0,309.0,274.0
77.0,226.0,89.0,77.0,33.0
82.0,347.0,88.0,132.0,105.0
73.0,354.0,87.0,148.0,128.0
43.0,165.0,55.0,36.0,22.0
197.0,647.0,200.0,558.0,429.0
42.0,205.0,50.0,30.0,19.0
54.0,252.0,57.0,56.0,24.0
57.0,353.0,61.0,143.0,42.0
59.0,301.0,69.0,81.0,35.0
21.0,228.0,22.0,18.0,4.0
33.0,167.0,42.0,25.0,11.0
70.0,330.0,84.0,117.0,76.0
78.0,335.0,90.0,168.0,118.0
256.0,353.0,153.0,138.0,115.0
100.0,173.0,145.0,28.0,53.0
231.0,265.0,277.0,62.0,29.0
35.0,138.0,44.0,19.0,11.0
43.0,178.0,49.0,30.0,19.0
42.0,282.0,50.0,77.0,19.0
699.0,282.0,59.0,72.0,31.0
59.0,302.0,69.0,79.0,33.0
45.0,146.0,57.0,22.0,24.0
43.0,242.0,55.0,36.0,21.0
59.0,247.0,69.0,50.0,60.0
35.0,226.0,44.0,37.0,22.0
82.0,236.0,103.0,43.0,148.0
64.0,135.0,76.0,19.0,8.0
51.0,252.0,59.0,52.0,25.0
489.0,236.0,225.0,43.0,477.0
80.0,122.0,87.0,131.0,105.0
91.0,255.0,123.0,62.0,28.0
39.0,171.0,48.0,25.0,17.0
28.0,252.0,27.0,3.0,7.0
52.0,191.0,59.0,34.0,26.0
90.0,404.0,107.0,202.0,154.0
197.0,519.0,189.0,558.0,429.0
65.0,319.0,77.0,102.0,53.0
71.0,312.0,86.0,93.0,96.0
100.0,404.0,151.0,367.0,303.0
489.0,940.0,537.0,841.0,722.0
48.0,236.0,56.0,44.0,23.0
60.0,301.0,71.0,83.0,36.0
128.0,151.0,153.0,22.0,14.0
71.0,313.0,76.0,100.0,49.0
49.0,228.0,56.0,50.0,24.0
59.0,223.0,60.0,37.0,21.0
955.0,386.0,324.0,173.0,141.0
59.0,197.0,52.0,36.0,20.0
93.0,366.0,137.0,153.0,128.0
59.0,89.0,68.0,80.0,32.0
47.0,217.0,54.0,36.0,20.0
32.0,226.0,39.0,37.0,10.0
81.0,528.0,100.0,286.0,222.0
487.0,226.0,537.0,40.0,722.0
197.0,580.0,182.0,550.0,417.0
215.0,0.0,265.0,0.0,8.0
43.0,445.0,52.0,36.0,20.0
683.0,445.0,604.0,286.0,222.0
955.0,306.0,69.0,88.0,35.0
29.0,138.0,34.0,19.0,8.0
86.0,433.0,105.0,213.0,151.0
39.0,167.0,48.0,25.0,17.0
42.0,252.0,50.0,30.0,19.0
33.0,178.0,85.0,43.0,23.0
63.0,406.0,74.0,204.0,60.0
197.0,138.0,200.0,18.0,429.0
71.0,326.0,85.0,117.0,78.0
23.0,163.0,48.0,22.0,14.0
74.0,325.0,85.0,118.0,78.0
71.0,335.0,85.0,118.0,78.0
61.0,240.0,72.0,47.0,24.0
131.0,517.0,153.0,417.0,344.0
59.0,237.0,69.0,47.0,35.0
106.0,449.0,153.0,386.0,334.0
213.0,257.0,244.0,58.0,331.0
45.0,237.0,55.0,45.0,22.0
27.0,528.0,182.0,538.0,416.0
100.0,247.0,149.0,50.0,623.0
59.0,236.0,69.0,44.0,33.0
206.0,138.0,226.0,290.0,260.0
59.0,284.0,66.0,72.0,31.0
43.0,237.0,50.0,30.0,19.0
24.0,248.0,24.0,51.0,24.0
80.0,312.0,93.0,235.0,177.0
192.0,273.0,208.0,558.0,431.0
100.0,302.0,149.0,87.0,283.0
215.0,122.0,367.0,17.0,613.0
91.0,330.0,99.0,117.0,119.0
45.0,217.0,55.0,37.0,21.0
427.0,284.0,68.0,77.0,33.0
48.0,138.0,56.0,19.0,26.0
31.0,122.0,40.0,18.0,11.0
62.0,339.0,70.0,125.0,35.0
64.0,197.0,48.0,36.0,20.0
48.0,228.0,56.0,41.0,22.0
699.0,650.0,604.0,589.0,926.0
35.0,164.0,44.0,23.0,14.0
93.0,296.0,156.0,83.0,364.0
64.0,273.0,76.0,62.0,29.0
33.0,308.0,62.0,93.0,28.0
208.0,165.0,226.0,24.0,15.0
133.0,632.0,200.0,558.0,429.0
57.0,146.0,24.0,20.0,8.0
35.0,146.0,44.0,22.0,14.0
92.0,354.0,99.0,137.0,128.0
73.0,312.0,90.0,97.0,118.0
130.0,366.0,153.0,213.0,155.0
72.0,25.0,86.0,2.0,3.0
91.0,437.0,116.0,214.0,173.0
100.0,284.0,137.0,76.0,32.0
60.0,301.0,71.0,83.0,36.0
100.0,163.0,151.0,22.0,274.0
20.0,226.0,51.0,36.0,20.0
35.0,151.0,44.0,22.0,14.0
64.0,314.0,74.0,100.0,49.0
74.0,313.0,87.0,100.0,47.0
80.0,257.0,59.0,52.0,25.0
100.0,301.0,189.0,558.0,431.0
215.0,647.0,226.0,618.0,481.0
63.0,438.0,72.0,222.0,42.0
133.0,510.0,152.0,376.0,266.0
51.0,252.0,59.0,56.0,26.0
82.0,308.0,103.0,93.0,151.0
102.0,510.0,153.0,386.0,334.0
29.0,302.0,71.0,87.0,26.0
63.0,188.0,74.0,66.0,26.0
86.0,661.0,107.0,202.0,157.0
71.0,330.0,85.0,118.0,76.0
59.0,252.0,72.0,56.0,26.0
33.0,330.0,41.0,118.0,11.0
315.0,241.0,60.0,47.0,26.0
45.0,215.0,55.0,37.0,21.0
28.0,122.0,33.0,17.0,8.0
328.0,240.0,470.0,47.0,613.0
96.0,437.0,126.0,286.0,222.0
102.0,445.0,156.0,226.0,368.0
131.0,469.0,157.0,286.0,368.0
65.0,308.0,78.0,102.0,53.0
77.0,347.0,89.0,132.0,109.0
71.0,335.0,85.0,118.0,78.0
59.0,302.0,68.0,87.0,32.0
59.0,178.0,66.0,30.0,19.0
41.0,347.0,50.0,30.0,19.0
100.0,193.0,149.0,34.0,289.0
71.0,122.0,85.0,17.0,8.0
29.0,122.0,34.0,17.0,8.0
61.0,308.0,71.0,90.0,40.0
383.0,480.0,526.0,550.0,716.0
63.0,296.0,74.0,81.0,35.0
285.0,303.0,71.0,82.0,36.0
130.0,302.0,151.0,87.0,303.0
63.0,520.0,157.0,538.0,369.0
92.0,199.0,57.0,37.0,22.0
65.0,319.0,78.0,102.0,53.0
70.0,247.0,83.0,50.0,24.0
28.0,146.0,68.0,20.0,32.0
69.0,347.0,89.0,133.0,107.0
86.0,194.0,105.0,26.0,155.0
552.0,240.0,55.0,43.0,22.0
160.0,163.0,116.0,22.0,174.0
59.0,193.0,52.0,34.0,20.0
106.0,78.0,153.0,2.0,16.0
54.0,163.0,61.0,22.0,14.0
78.0,205.0,90.0,153.0,118.0
28.0,233.0,24.0,43.0,7.0
58.0,273.0,63.0,64.0,29.0
82.0,437.0,105.0,211.0,157.0
20.0,111.0,20.0,2.0,1.0
49.0,228.0,56.0,41.0,22.0
208.0,386.0,121.0,173.0,141.0
80.0,221.0,93.0,37.0,119.0
555.0,437.0,709.0,589.0,926.0
63.0,268.0,67.0,77.0,32.0
63.0,199.0,74.0,558.0,44.0
328.0,160.0,470.0,22.0,14.0
77.0,148.0,96.0,22.0,14.0
91.0,353.0,116.0,143.0,177.0
49.0,283.0,58.0,72.0,32.0
35.0,160.0,44.0,22.0,14.0
33.0,146.0,42.0,22.0,11.0
421.0,319.0,126.0,102.0,107.0
100.0,518.0,151.0,376.0,303.0
59.0,319.0,85.0,102.0,78.0
35.0,164.0,44.0,23.0,15.0
71.0,375.0,86.0,172.0,110.0
71.0,217.0,54.0,37.0,20.0
21.0,0.0,22.0,2.0,4.0
100.0,474.0,151.0,290.0,260.0
48.0,228.0,56.0,41.0,22.0
192.0,517.0,153.0,428.0,344.0
699.0,520.0,783.0,538.0,963.0
59.0,296.0,69.0,81.0,35.0
205.0,164.0,48.0,23.0,15.0
42.0,252.0,50.0,30.0,19.0
555.0,647.0,709.0,558.0,431.0
29.0,314.0,76.0,100.0,47.0
91.0,437.0,116.0,214.0,177.0
82.0,506.0,103.0,589.0,148.0
427.0,301.0,139.0,558.0,260.0
63.0,308.0,72.0,93.0,41.0
54.0,296.0,69.0,81.0,35.0
165.0,181.0,164.0,57.0,369.0
49.0,304.0,56.0,72.0,31.0
285.0,632.0,208.0,558.0,431.0
131.0,519.0,156.0,428.0,364.0
99.0,296.0,121.0,133.0,177.0
54.0,205.0,72.0,36.0,20.0
