77.0,329.0,85.0,117.0,81.0
683.0,0.0,709.0,0.0,0.0
80.0,354.0,93.0,148.0,119.0
98.0,519.0,164.0,497.0,368.0
28.0,122.0,27.0,22.0,7.0
100.0,397.0,151.0,309.0,266.0
63.0,296.0,74.0,81.0,35.0
59.0,248.0,60.0,56.0,26.0
72.0,347.0,86.0,133.0,109.0
100.0,519.0,149.0,367.0,289.0
82.0,330.0,103.0,117.0,76.0
51.0,302.0,59.0,52.0,25.0
21.0,172.0,22.0,2.0,4.0
20.0,296.0,69.0,81.0,34.0
59.0,301.0,70.0,83.0,36.0
59.0,282.0,66.0,67.0,31.0
78.0,181.0,90.0,172.0,139.0
100.0,330.0,151.0,118.0,78.0
206.0,650.0,226.0,589.0,477.0
20.0,517.0,291.0,417.0,579.0
77.0,404.0,90.0,192.0,118.0
47.0,226.0,55.0,38.0,22.0
45.0,194.0,55.0,37.0,21.0
99.0,494.0,145.0,353.0,123.0
80.0,343.0,86.0,130.0,99.0
208.0,301.0,237.0,618.0,509.0
74.0,228.0,87.0,38.0,22.0
20.0,232.0,68.0,77.0,33.0
71.0,335.0,85.0,118.0,78.0
43.0,222.0,56.0,37.0,24.0
35.0,273.0,44.0,22.0,14.0
80.0,301.0,72.0,83.0,36.0
0.0,0.0,0.0,0.0,0.0
861.0,228.0,61.0,41.0,22.0
92.0,172.0,120.0,213.0,177.0
28.0,221.0,59.0,52.0,25.0
33.0,151.0,41.0,22.0,13.0
489.0,437.0,200.0,214.0,160.0
99.0,404.0,145.0,367.0,283.0
70.0,326.0,84.0,115.0,76.0
20.0,165.0,59.0,24.0,25.0
53.0,302.0,60.0,87.0,36.0
205.0,632.0,200.0,558.0,429.0
59.0,240.0,57.0,47.0,24.0
59.0,160.0,69.0,22.0,35.0
35.0,153.0,44.0,22.0,14.0
487.0,247.0,58.0,50.0,24.0
861.0,518.0,291.0,753.0,579.0
80.0,205.0,93.0,36.0,8.0
63.0,303.0,71.0,88.0,37.0
285.0,171.0,48.0,26.0,17.0
999.0,632.0,999.0,558.0,999.0
102.0,469.0,153.0,286.0,274.0
23.0,76.0,24.0,2.0,6.0
38.0,308.0,72.0,93.0,41.0
71.0,240.0,85.0,47.0,24.0
766.0,650.0,822.0,576.0,999.0
35.0,404.0,105.0,195.0,154.0
102.0,173.0,153.0,28.0,344.0
65.0,106.0,27.0,8.0,7.0
61.0,278.0,71.0,70.0,31.0
49.0,52.0,55.0,36.0,22.0
100.0,353.0,83.0,151.0,64.0
999.0,580.0,999.0,550.0,999.0
102.0,194.0,149.0,36.0,20.0
59.0,282.0,65.0,62.0,29.0
42.0,273.0,60.0,66.0,26.0
41.0,199.0,50.0,30.0,19.0
80.0,366.0,291.0,168.0,623.0
77.0,354.0,90.0,151.0,123.0
82.0,160.0,103.0,22.0,14.0
160.0,632.0,165.0,558.0,431.0
100.0,178.0,149.0,28.0,154.0
72.0,255.0,86.0,58.0,101.0
39.0,165.0,48.0,23.0,11.0
67.0,449.0,84.0,110.0,78.0
49.0,248.0,58.0,51.0,24.0
28.0,248.0,33.0,51.0,8.0
37.0,260.0,48.0,62.0,22.0
64.0,252.0,72.0,56.0,26.0
955.0,283.0,96.0,76.0,32.0
46.0,308.0,71.0,88.0,37.0
58.0,312.0,63.0,97.0,44.0
28.0,314.0,24.0,2.0,6.0
63.0,255.0,72.0,52.0,50.0
0.0,273.0,59.0,58.0,26.0
49.0,226.0,56.0,38.0,24.0
59.0,296.0,69.0,43.0,23.0
106.0,506.0,153.0,373.0,331.0
279.0,510.0,298.0,538.0,477.0
133.0,247.0,33.0,50.0,24.0
0.0,0.0,0.0,0.0,0.0
28.0,165.0,27.0,23.0,11.0
489.0,482.0,537.0,367.0,722.0
42.0,146.0,44.0,22.0,12.0
371.0,999.0,490.0,999.0,657.0
23.0,156.0,20.0,22.0,14.0
279.0,122.0,298.0,17.0,567.0
24.0,348.0,84.0,131.0,81.0
38.0,240.0,43.0,47.0,24.0
77.0,386.0,99.0,173.0,128.0
999.0,283.0,59.0,72.0,26.0
215.0,247.0,93.0,50.0,25.0
23.0,325.0,44.0,110.0,60.0
54.0,199.0,61.0,36.0,14.0
315.0,236.0,56.0,44.0,24.0
133.0,284.0,156.0,76.0,364.0
49.0,255.0,57.0,58.0,24.0
67.0,326.0,78.0,115.0,78.0
699.0,589.0,783.0,558.0,963.0
80.0,194.0,151.0,373.0,303.0
35.0,217.0,41.0,18.0,11.0
52.0,193.0,59.0,59.0,26.0
100.0,517.0,155.0,841.0,602.0
35.0,940.0,44.0,22.0,12.0
59.0,301.0,69.0,83.0,35.0
48.0,283.0,56.0,57.0,22.0
91.0,222.0,114.0,36.0,20.0
40.0,217.0,49.0,37.0,21.0
58.0,240.0,63.0,47.0,29.0
59.0,289.0,68.0,77.0,33.0
70.0,326.0,84.0,115.0,76.0
166.0,518.0,181.0,428.0,361.0
70.0,302.0,84.0,87.0,76.0
51.0,437.0,59.0,214.0,26.0
78.0,165.0,90.0,376.0,118.0
98.0,222.0,145.0,37.0,21.0
62.0,282.0,72.0,76.0,42.0
40.0,146.0,48.0,22.0,18.0
102.0,520.0,156.0,558.0,364.0
335.0,148.0,367.0,22.0,613.0
59.0,296.0,71.0,81.0,36.0
59.0,308.0,85.0,93.0,42.0
77.0,361.0,85.0,131.0,105.0
315.0,308.0,9.0,90.0,38.0
43.0,247.0,52.0,52.0,25.0
81.0,122.0,100.0,17.0,11.0
59.0,335.0,85.0,118.0,78.0
285.0,292.0,101.0,36.0,155.0
315.0,260.0,324.0,62.0,602.0
78.0,353.0,87.0,148.0,119.0
31.0,116.0,40.0,18.0,11.0
190.0,140.0,40.0,19.0,11.0
77.0,273.0,74.0,102.0,43.0
71.0,248.0,85.0,117.0,613.0
100.0,519.0,151.0,386.0,303.0
102.0,313.0,151.0,100.0,289.0
48.0,228.0,56.0,41.0,22.0
54.0,89.0,0.0,2.0,0.0
61.0,273.0,71.0,66.0,30.0
20.0,52.0,20.0,2.0,3.0
92.0,302.0,155.0,428.0,361.0
71.0,335.0,85.0,118.0,78.0
43.0,337.0,84.0,121.0,81.0
80.0,386.0,99.0,204.0,128.0
71.0,346.0,86.0,131.0,105.0
82.0,438.0,103.0,367.0,28.0
48.0,257.0,56.0,36.0,22.0
205.0,217.0,175.0,37.0,21.0
28.0,116.0,33.0,17.0,8.0
206.0,146.0,48.0,22.0,18.0
699.0,237.0,83.0,45.0,24.0
49.0,252.0,60.0,59.0,26.0
183.0,517.0,153.0,417.0,344.0
34.0,146.0,33.0,20.0,8.0
489.0,25.0,783.0,2.0,1.0
80.0,282.0,71.0,88.0,37.0
100.0,248.0,149.0,51.0,283.0
130.0,76.0,9.0,2.0,1.0
186.0,301.0,182.0,83.0,417.0
427.0,308.0,514.0,286.0,623.0
91.0,312.0,114.0,93.0,157.0
24.0,329.0,24.0,118.0,78.0
96.0,148.0,124.0,22.0,205.0
63.0,273.0,71.0,66.0,36.0
183.0,284.0,40.0,18.0,11.0
165.0,240.0,153.0,22.0,14.0
71.0,339.0,86.0,125.0,96.0
28.0,273.0,27.0,2.0,4.0
80.0,325.0,99.0,131.0,128.0
29.0,240.0,56.0,47.0,23.0
49.0,247.0,57.0,50.0,24.0
92.0,163.0,120.0,22.0,194.0
38.0,228.0,50.0,47.0,19.0
61.0,223.0,71.0,100.0,49.0
35.0,148.0,44.0,22.0,14.0
28.0,140.0,24.0,13.0,7.0
78.0,353.0,90.0,150.0,120.0
999.0,647.0,999.0,585.0,999.0
47.0,236.0,47.0,23.0,15.0
58.0,273.0,63.0,66.0,31.0
41.0,178.0,50.0,30.0,19.0
59.0,301.0,70.0,83.0,36.0
35.0,222.0,55.0,37.0,21.0
39.0,171.0,48.0,25.0,17.0
61.0,303.0,71.0,88.0,37.0
45.0,308.0,60.0,62.0,26.0
92.0,437.0,114.0,213.0,170.0
197.0,139.0,27.0,19.0,10.0
70.0,296.0,69.0,81.0,35.0
186.0,528.0,181.0,538.0,416.0
38.0,339.0,77.0,102.0,42.0
46.0,178.0,55.0,30.0,19.0
102.0,284.0,84.0,77.0,81.0
60.0,273.0,71.0,83.0,36.0
489.0,273.0,367.0,841.0,613.0
45.0,240.0,30.0,17.0,8.0
33.0,278.0,41.0,17.0,11.0
49.0,232.0,58.0,41.0,22.0
213.0,265.0,68.0,62.0,29.0
59.0,228.0,34.0,37.0,8.0
100.0,197.0,151.0,19.0,11.0
20.0,197.0,20.0,36.0,20.0
206.0,647.0,224.0,576.0,453.0
21.0,265.0,20.0,62.0,3.0
371.0,353.0,490.0,618.0,481.0
35.0,160.0,44.0,22.0,14.0
371.0,172.0,52.0,36.0,20.0
100.0,518.0,151.0,386.0,303.0
59.0,242.0,62.0,62.0,28.0
206.0,240.0,107.0,47.0,22.0
59.0,296.0,69.0,88.0,37.0
766.0,138.0,822.0,18.0,11.0
165.0,173.0,87.0,22.0,89.0
206.0,632.0,224.0,558.0,431.0
59.0,299.0,68.0,93.0,36.0
35.0,319.0,78.0,115.0,53.0
24.0,313.0,93.0,152.0,124.0
80.0,217.0,93.0,30.0,128.0
96.0,139.0,153.0,8.0,344.0
28.0,116.0,33.0,13.0,8.0
43.0,248.0,58.0,51.0,25.0
99.0,347.0,86.0,133.0,105.0
59.0,343.0,70.0,82.0,36.0
82.0,386.0,101.0,173.0,141.0
60.0,265.0,71.0,62.0,35.0
47.0,76.0,55.0,3.0,22.0
49.0,347.0,72.0,132.0,42.0
46.0,222.0,55.0,37.0,15.0
32.0,228.0,41.0,41.0,22.0
29.0,354.0,27.0,151.0,7.0
29.0,188.0,39.0,18.0,11.0
91.0,273.0,65.0,64.0,29.0
37.0,188.0,55.0,34.0,22.0
91.0,236.0,114.0,213.0,160.0
91.0,296.0,114.0,82.0,170.0
82.0,528.0,189.0,538.0,416.0
59.0,178.0,52.0,30.0,19.0
59.0,165.0,68.0,22.0,32.0
35.0,156.0,44.0,22.0,14.0
197.0,296.0,200.0,81.0,1.0
72.0,404.0,86.0,202.0,99.0
43.0,164.0,48.0,23.0,15.0
38.0,191.0,48.0,22.0,14.0
240.0,518.0,298.0,861.0,716.0
91.0,78.0,107.0,2.0,96.0
49.0,188.0,58.0,62.0,24.0
67.0,165.0,78.0,27.0,64.0
279.0,312.0,298.0,538.0,579.0
80.0,14.0,92.0,138.0,118.0
91.0,397.0,116.0,222.0,174.0
279.0,153.0,298.0,22.0,602.0
131.0,517.0,155.0,428.0,361.0
45.0,247.0,55.0,50.0,21.0
35.0,330.0,124.0,235.0,194.0
35.0,188.0,49.0,30.0,19.0
73.0,164.0,84.0,36.0,20.0
100.0,519.0,151.0,373.0,303.0
43.0,205.0,52.0,36.0,20.0
91.0,437.0,121.0,214.0,181.0
77.0,325.0,90.0,115.0,73.0
96.0,319.0,126.0,151.0,331.0
166.0,302.0,175.0,550.0,417.0
98.0,528.0,139.0,286.0,260.0
80.0,528.0,93.0,538.0,417.0
21.0,165.0,47.0,23.0,15.0
28.0,52.0,22.0,2.0,4.0
433.0,354.0,526.0,77.0,716.0
86.0,437.0,105.0,213.0,154.0
58.0,146.0,48.0,20.0,18.0
61.0,171.0,48.0,25.0,18.0
59.0,317.0,69.0,102.0,50.0
38.0,148.0,48.0,22.0,14.0
35.0,284.0,44.0,77.0,16.0
33.0,146.0,41.0,19.0,11.0
49.0,296.0,56.0,50.0,22.0
552.0,228.0,56.0,41.0,22.0
86.0,255.0,24.0,58.0,6.0
91.0,482.0,151.0,192.0,151.0
63.0,312.0,72.0,93.0,42.0
20.0,353.0,114.0,150.0,119.0
84.0,308.0,78.0,93.0,41.0
45.0,301.0,50.0,121.0,105.0
50.0,304.0,58.0,93.0,38.0
71.0,329.0,85.0,117.0,89.0
206.0,308.0,225.0,622.0,509.0
79.0,404.0,87.0,202.0,107.0
23.0,236.0,55.0,44.0,24.0
80.0,351.0,92.0,151.0,123.0
126.0,339.0,153.0,125.0,344.0
21.0,135.0,20.0,2.0,3.0
82.0,165.0,101.0,24.0,16.0
28.0,0.0,20.0,0.0,7.0
38.0,140.0,41.0,2.0,11.0
48.0,228.0,56.0,41.0,22.0
39.0,171.0,48.0,25.0,17.0
42.0,282.0,59.0,72.0,26.0
42.0,151.0,50.0,30.0,19.0
35.0,164.0,48.0,23.0,15.0
59.0,302.0,70.0,87.0,36.0
59.0,282.0,66.0,72.0,31.0
206.0,347.0,47.0,23.0,15.0
100.0,282.0,116.0,72.0,32.0
45.0,228.0,55.0,37.0,21.0
42.0,197.0,52.0,36.0,20.0
45.0,217.0,55.0,37.0,22.0
70.0,347.0,84.0,132.0,64.0
165.0,146.0,157.0,22.0,368.0
82.0,308.0,99.0,152.0,124.0
100.0,480.0,149.0,353.0,283.0
102.0,510.0,151.0,376.0,303.0
32.0,135.0,40.0,18.0,11.0
32.0,146.0,40.0,20.0,11.0
96.0,265.0,60.0,62.0,26.0
82.0,386.0,101.0,173.0,141.0
59.0,278.0,67.0,70.0,32.0
215.0,480.0,200.0,558.0,431.0
72.0,347.0,86.0,133.0,101.0
64.0,337.0,78.0,118.0,78.0
73.0,178.0,87.0,30.0,19.0
28.0,14.0,30.0,2.0,6.0
205.0,156.0,44.0,22.0,14.0
100.0,242.0,151.0,47.0,287.0
43.0,217.0,52.0,37.0,19.0
383.0,438.0,526.0,806.0,722.0
58.0,282.0,68.0,77.0,33.0
84.0,297.0,71.0,82.0,36.0
37.0,330.0,84.0,117.0,76.0
100.0,480.0,151.0,353.0,303.0
96.0,273.0,88.0,90.0,109.0
130.0,233.0,153.0,806.0,344.0
59.0,278.0,69.0,67.0,31.0
82.0,312.0,103.0,97.0,148.0
190.0,89.0,9.0,3.0,0.0
51.0,236.0,59.0,44.0,24.0
48.0,228.0,56.0,41.0,22.0
72.0,299.0,86.0,83.0,33.0
54.0,260.0,60.0,59.0,26.0
28.0,302.0,33.0,87.0,8.0
71.0,335.0,85.0,118.0,78.0
84.0,339.0,123.0,125.0,194.0
47.0,240.0,57.0,47.0,24.0
315.0,518.0,244.0,622.0,509.0
58.0,296.0,66.0,67.0,31.0
57.0,308.0,63.0,62.0,29.0
38.0,226.0,51.0,37.0,21.0
64.0,353.0,87.0,148.0,105.0
206.0,404.0,226.0,622.0,477.0
427.0,153.0,45.0,22.0,14.0
78.0,265.0,74.0,57.0,24.0
256.0,940.0,298.0,841.0,567.0
33.0,139.0,42.0,19.0,11.0
96.0,296.0,116.0,81.0,174.0
487.0,283.0,537.0,76.0,722.0
93.0,296.0,123.0,373.0,205.0
128.0,299.0,149.0,367.0,289.0
0.0,146.0,0.0,3.0,0.0
21.0,163.0,44.0,22.0,14.0
102.0,347.0,151.0,135.0,303.0
72.0,335.0,86.0,41.0,22.0
192.0,589.0,200.0,558.0,429.0
69.0,330.0,84.0,117.0,76.0
64.0,353.0,74.0,148.0,35.0
59.0,301.0,69.0,83.0,35.0
45.0,222.0,55.0,37.0,21.0
78.0,353.0,90.0,143.0,118.0
27.0,76.0,27.0,2.0,7.0
131.0,506.0,157.0,376.0,368.0
39.0,312.0,48.0,22.0,10.0
48.0,237.0,56.0,44.0,23.0
213.0,306.0,237.0,192.0,477.0
205.0,354.0,265.0,618.0,509.0
79.0,228.0,92.0,41.0,120.0
32.0,122.0,39.0,13.0,8.0
63.0,228.0,73.0,52.0,25.0
33.0,146.0,42.0,19.0,11.0
43.0,193.0,52.0,34.0,20.0
59.0,282.0,66.0,72.0,31.0
33.0,138.0,41.0,19.0,11.0
59.0,329.0,65.0,117.0,76.0
59.0,217.0,69.0,36.0,20.0
128.0,437.0,157.0,195.0,368.0
98.0,226.0,139.0,40.0,266.0
206.0,433.0,224.0,373.0,303.0
72.0,302.0,86.0,87.0,81.0
49.0,237.0,63.0,62.0,29.0
59.0,299.0,72.0,90.0,40.0
35.0,163.0,44.0,22.0,14.0
80.0,445.0,107.0,222.0,157.0
40.0,240.0,57.0,47.0,24.0
28.0,226.0,52.0,34.0,20.0
80.0,265.0,87.0,62.0,107.0
50.0,386.0,114.0,202.0,155.0
315.0,317.0,291.0,90.0,567.0
140.0,146.0,164.0,17.0,369.0
65.0,140.0,76.0,100.0,49.0
91.0,437.0,116.0,214.0,177.0
62.0,306.0,72.0,88.0,38.0
59.0,353.0,90.0,143.0,118.0
216.0,312.0,277.0,618.0,567.0
42.0,240.0,71.0,36.0,20.0
33.0,160.0,42.0,17.0,11.0
65.0,122.0,78.0,17.0,53.0
39.0,167.0,48.0,25.0,17.0
59.0,148.0,50.0,30.0,19.0
692.0,650.0,709.0,589.0,926.0
79.0,354.0,92.0,150.0,120.0
77.0,354.0,87.0,132.0,107.0
65.0,330.0,84.0,117.0,76.0
70.0,308.0,84.0,117.0,76.0
29.0,247.0,27.0,50.0,7.0
45.0,160.0,50.0,30.0,19.0
80.0,25.0,149.0,2.0,4.0
77.0,353.0,89.0,138.0,110.0
77.0,348.0,89.0,135.0,99.0
65.0,319.0,77.0,102.0,50.0
39.0,167.0,47.0,23.0,15.0
96.0,273.0,78.0,66.0,30.0
133.0,242.0,151.0,50.0,287.0
92.0,437.0,123.0,214.0,194.0
49.0,228.0,57.0,558.0,24.0
38.0,171.0,48.0,26.0,105.0
41.0,178.0,50.0,30.0,19.0
82.0,330.0,99.0,168.0,128.0
328.0,165.0,164.0,24.0,344.0
91.0,156.0,147.0,22.0,11.0
45.0,233.0,55.0,37.0,21.0
205.0,647.0,208.0,558.0,431.0
552.0,510.0,352.0,376.0,602.0
54.0,260.0,61.0,59.0,26.0
90.0,240.0,107.0,47.0,24.0
91.0,138.0,116.0,19.0,11.0
91.0,135.0,116.0,37.0,21.0
206.0,278.0,225.0,44.0,26.0
61.0,292.0,71.0,88.0,37.0
40.0,188.0,48.0,66.0,15.0
371.0,284.0,72.0,59.0,28.0
35.0,171.0,44.0,25.0,16.0
63.0,296.0,74.0,97.0,32.0
71.0,325.0,85.0,118.0,78.0
45.0,217.0,55.0,37.0,21.0
128.0,518.0,153.0,417.0,344.0
61.0,301.0,71.0,83.0,36.0
73.0,301.0,66.0,83.0,36.0
45.0,178.0,50.0,30.0,19.0
82.0,163.0,96.0,36.0,148.0
555.0,650.0,709.0,585.0,926.0
63.0,308.0,72.0,93.0,42.0
43.0,222.0,56.0,62.0,28.0
82.0,520.0,103.0,538.0,416.0
72.0,375.0,86.0,172.0,139.0
61.0,302.0,71.0,88.0,37.0
861.0,437.0,783.0,214.0,303.0
861.0,647.0,783.0,576.0,963.0
197.0,330.0,103.0,152.0,128.0
39.0,205.0,48.0,22.0,18.0
43.0,193.0,52.0,34.0,20.0
197.0,482.0,153.0,353.0,331.0
37.0,165.0,47.0,23.0,15.0
699.0,589.0,189.0,558.0,429.0
96.0,153.0,123.0,235.0,194.0
41.0,178.0,50.0,30.0,19.0
78.0,347.0,90.0,132.0,118.0
31.0,148.0,40.0,22.0,13.0
86.0,302.0,107.0,87.0,154.0
91.0,520.0,116.0,538.0,173.0
38.0,437.0,47.0,22.0,15.0
21.0,236.0,22.0,57.0,26.0
955.0,241.0,480.0,47.0,623.0
216.0,528.0,123.0,538.0,369.0
40.0,255.0,51.0,62.0,19.0
427.0,148.0,514.0,22.0,11.0
64.0,217.0,76.0,102.0,50.0
61.0,304.0,71.0,88.0,37.0
102.0,449.0,149.0,226.0,266.0
955.0,519.0,143.0,428.0,331.0
50.0,194.0,58.0,36.0,24.0
64.0,205.0,78.0,36.0,20.0
33.0,146.0,44.0,22.0,14.0
63.0,178.0,74.0,30.0,19.0
48.0,228.0,56.0,41.0,22.0
62.0,282.0,69.0,72.0,33.0
59.0,237.0,69.0,45.0,41.0
59.0,165.0,65.0,59.0,30.0
487.0,302.0,71.0,87.0,36.0
59.0,306.0,70.0,79.0,36.0
100.0,308.0,86.0,93.0,105.0
49.0,240.0,57.0,47.0,24.0
33.0,140.0,41.0,19.0,11.0
63.0,273.0,74.0,64.0,43.0
32.0,140.0,40.0,19.0,11.0
69.0,353.0,87.0,130.0,107.0
91.0,445.0,114.0,213.0,160.0
34.0,140.0,43.0,19.0,11.0
315.0,347.0,352.0,861.0,716.0
43.0,518.0,153.0,428.0,344.0
93.0,354.0,124.0,137.0,205.0
98.0,445.0,151.0,376.0,303.0
64.0,283.0,73.0,58.0,26.0
29.0,347.0,59.0,213.0,170.0
61.0,252.0,72.0,56.0,26.0
90.0,353.0,116.0,148.0,119.0
128.0,510.0,153.0,353.0,344.0
53.0,255.0,60.0,59.0,26.0
84.0,163.0,103.0,25.0,154.0
62.0,308.0,72.0,90.0,40.0
43.0,171.0,52.0,25.0,17.0
84.0,330.0,105.0,117.0,96.0
78.0,353.0,90.0,148.0,119.0
42.0,178.0,50.0,30.0,19.0
383.0,319.0,490.0,376.0,331.0
92.0,226.0,120.0,36.0,157.0
39.0,173.0,49.0,28.0,18.0
96.0,317.0,126.0,77.0,33.0
60.0,199.0,52.0,36.0,20.0
49.0,197.0,58.0,36.0,24.0
328.0,237.0,470.0,45.0,623.0
71.0,303.0,86.0,88.0,37.0
98.0,171.0,123.0,30.0,38.0
49.0,217.0,56.0,37.0,24.0
208.0,163.0,44.0,22.0,14.0
82.0,366.0,99.0,138.0,128.0
63.0,335.0,73.0,118.0,78.0
43.0,173.0,52.0,36.0,20.0
59.0,289.0,66.0,70.0,31.0
33.0,140.0,41.0,19.0,11.0
38.0,302.0,60.0,62.0,26.0
130.0,317.0,69.0,93.0,33.0
91.0,140.0,116.0,19.0,173.0
91.0,404.0,103.0,202.0,151.0
80.0,319.0,93.0,102.0,53.0
82.0,302.0,107.0,100.0,155.0
77.0,122.0,85.0,43.0,24.0
59.0,89.0,69.0,3.0,7.0
213.0,312.0,74.0,100.0,47.0
80.0,330.0,124.0,117.0,170.0
82.0,178.0,90.0,23.0,16.0
206.0,273.0,85.0,66.0,31.0
34.0,163.0,44.0,22.0,15.0
78.0,482.0,90.0,148.0,120.0
43.0,232.0,59.0,36.0,19.0
77.0,268.0,124.0,62.0,118.0
91.0,354.0,56.0,151.0,23.0
80.0,347.0,116.0,132.0,177.0
42.0,156.0,50.0,30.0,19.0
315.0,339.0,116.0,125.0,173.0
208.0,171.0,224.0,25.0,716.0
126.0,517.0,153.0,417.0,344.0
49.0,278.0,58.0,67.0,24.0
192.0,160.0,182.0,22.0,417.0
32.0,122.0,40.0,17.0,11.0
28.0,232.0,30.0,43.0,8.0
21.0,116.0,103.0,13.0,173.0
58.0,241.0,63.0,47.0,26.0
65.0,330.0,85.0,118.0,78.0
49.0,348.0,56.0,131.0,23.0
0.0,0.0,0.0,0.0,0.0
78.0,284.0,90.0,77.0,118.0
91.0,351.0,107.0,152.0,157.0
100.0,404.0,139.0,195.0,283.0
98.0,469.0,139.0,286.0,222.0
63.0,302.0,71.0,87.0,36.0
59.0,353.0,66.0,143.0,35.0
63.0,312.0,72.0,97.0,41.0
58.0,278.0,63.0,67.0,31.0
61.0,302.0,71.0,87.0,36.0
70.0,326.0,84.0,117.0,64.0
64.0,314.0,76.0,100.0,49.0
63.0,438.0,114.0,235.0,124.0
100.0,480.0,151.0,353.0,287.0
99.0,317.0,114.0,102.0,110.0
49.0,237.0,57.0,45.0,24.0
33.0,146.0,44.0,22.0,12.0
197.0,647.0,237.0,589.0,477.0
79.0,329.0,85.0,117.0,76.0
54.0,278.0,66.0,67.0,31.0
165.0,217.0,59.0,52.0,26.0
315.0,178.0,42.0,17.0,11.0
59.0,140.0,66.0,79.0,31.0
328.0,165.0,48.0,24.0,16.0
48.0,247.0,59.0,50.0,25.0
90.0,406.0,107.0,202.0,154.0
98.0,661.0,137.0,150.0,274.0
38.0,167.0,48.0,25.0,17.0
328.0,217.0,85.0,37.0,21.0
48.0,255.0,56.0,41.0,22.0
28.0,146.0,43.0,22.0,12.0
42.0,178.0,50.0,30.0,19.0
35.0,273.0,44.0,66.0,30.0
33.0,76.0,48.0,22.0,14.0
63.0,284.0,74.0,70.0,31.0
71.0,589.0,67.0,558.0,128.0
133.0,437.0,157.0,214.0,160.0
70.0,335.0,84.0,118.0,76.0
70.0,317.0,84.0,117.0,76.0
80.0,438.0,101.0,222.0,174.0
59.0,304.0,70.0,83.0,36.0
28.0,296.0,30.0,81.0,7.0
57.0,247.0,60.0,57.0,26.0
61.0,301.0,71.0,83.0,38.0
82.0,353.0,101.0,143.0,118.0
58.0,273.0,65.0,64.0,29.0
62.0,330.0,73.0,118.0,76.0
58.0,273.0,63.0,66.0,29.0
43.0,194.0,52.0,36.0,20.0
63.0,252.0,74.0,56.0,29.0
27.0,353.0,24.0,66.0,30.0
183.0,528.0,182.0,538.0,416.0
166.0,520.0,175.0,538.0,417.0
57.0,347.0,49.0,59.0,26.0
102.0,282.0,151.0,367.0,289.0
27.0,178.0,30.0,28.0,18.0
206.0,339.0,224.0,223.0,174.0
106.0,171.0,153.0,25.0,17.0
29.0,146.0,36.0,20.0,12.0
106.0,449.0,153.0,226.0,181.0
20.0,165.0,48.0,23.0,18.0
70.0,330.0,84.0,117.0,76.0
78.0,308.0,90.0,90.0,118.0
49.0,240.0,58.0,47.0,24.0
48.0,240.0,56.0,43.0,22.0
38.0,282.0,48.0,62.0,28.0
955.0,236.0,352.0,41.0,303.0
421.0,297.0,69.0,82.0,35.0
98.0,661.0,153.0,386.0,331.0
42.0,0.0,0.0,0.0,0.0
29.0,164.0,24.0,23.0,15.0
51.0,226.0,59.0,30.0,25.0
335.0,339.0,126.0,223.0,139.0
130.0,518.0,153.0,386.0,334.0
166.0,284.0,68.0,77.0,33.0
692.0,339.0,89.0,130.0,109.0
91.0,474.0,114.0,213.0,170.0
190.0,437.0,120.0,211.0,157.0
91.0,165.0,103.0,23.0,15.0
80.0,146.0,101.0,30.0,19.0
59.0,284.0,70.0,77.0,36.0
21.0,282.0,67.0,77.0,33.0
45.0,221.0,55.0,37.0,21.0
96.0,181.0,121.0,79.0,33.0
91.0,469.0,116.0,223.0,174.0
955.0,404.0,103.0,195.0,151.0
231.0,205.0,244.0,36.0,20.0
20.0,178.0,48.0,30.0,19.0
65.0,748.0,77.0,622.0,509.0
91.0,330.0,114.0,118.0,81.0
335.0,589.0,480.0,558.0,431.0
166.0,437.0,175.0,214.0,173.0
102.0,437.0,152.0,214.0,283.0
328.0,999.0,470.0,999.0,657.0
35.0,164.0,44.0,23.0,15.0
28.0,122.0,33.0,17.0,8.0
29.0,165.0,44.0,24.0,16.0
29.0,148.0,27.0,22.0,7.0
81.0,404.0,100.0,202.0,154.0
20.0,111.0,27.0,7.0,7.0
21.0,188.0,34.0,30.0,10.0
47.0,283.0,55.0,58.0,26.0
45.0,228.0,56.0,41.0,22.0
59.0,228.0,69.0,72.0,33.0
37.0,167.0,47.0,23.0,15.0
91.0,347.0,324.0,132.0,623.0
99.0,52.0,137.0,8.0,222.0
91.0,164.0,114.0,23.0,15.0
71.0,171.0,87.0,25.0,17.0
96.0,308.0,107.0,137.0,154.0
84.0,240.0,105.0,47.0,128.0
78.0,329.0,90.0,138.0,118.0
328.0,353.0,470.0,143.0,613.0
37.0,122.0,44.0,22.0,14.0
67.0,329.0,78.0,117.0,109.0
427.0,661.0,514.0,618.0,509.0
205.0,181.0,50.0,30.0,19.0
21.0,292.0,20.0,2.0,3.0
206.0,519.0,224.0,497.0,453.0
49.0,282.0,58.0,52.0,24.0
49.0,236.0,57.0,45.0,24.0
80.0,343.0,93.0,130.0,109.0
231.0,520.0,181.0,538.0,416.0
999.0,242.0,999.0,558.0,999.0
61.0,265.0,71.0,62.0,29.0
28.0,193.0,33.0,34.0,8.0
190.0,78.0,153.0,2.0,3.0
100.0,353.0,151.0,223.0,287.0
96.0,265.0,124.0,79.0,205.0
20.0,330.0,78.0,118.0,53.0
427.0,164.0,47.0,23.0,15.0
59.0,138.0,65.0,19.0,11.0
43.0,193.0,51.0,34.0,20.0
43.0,226.0,55.0,37.0,22.0
82.0,146.0,103.0,22.0,151.0
59.0,304.0,70.0,83.0,36.0
40.0,146.0,48.0,20.0,18.0
552.0,335.0,85.0,118.0,78.0
34.0,329.0,149.0,117.0,76.0
45.0,153.0,55.0,30.0,19.0
98.0,268.0,139.0,79.0,260.0
91.0,25.0,78.0,79.0,34.0
60.0,139.0,71.0,19.0,11.0
41.0,217.0,50.0,37.0,20.0
29.0,296.0,66.0,72.0,31.0
69.0,348.0,87.0,135.0,109.0
0.0,296.0,0.0,81.0,0.0
80.0,335.0,85.0,118.0,78.0
100.0,304.0,151.0,618.0,481.0
41.0,178.0,50.0,30.0,19.0
208.0,661.0,237.0,589.0,481.0
33.0,163.0,44.0,22.0,12.0
106.0,404.0,153.0,309.0,331.0
91.0,404.0,114.0,213.0,170.0
206.0,289.0,224.0,72.0,89.0
99.0,138.0,145.0,19.0,8.0
71.0,296.0,50.0,62.0,19.0
692.0,178.0,50.0,30.0,19.0
54.0,236.0,56.0,44.0,24.0
96.0,116.0,123.0,2.0,194.0
82.0,437.0,101.0,214.0,157.0
70.0,330.0,84.0,118.0,64.0
58.0,273.0,71.0,66.0,30.0
421.0,242.0,537.0,211.0,722.0
86.0,273.0,103.0,373.0,303.0
61.0,306.0,71.0,88.0,37.0
61.0,273.0,71.0,66.0,30.0
487.0,433.0,537.0,211.0,722.0
91.0,330.0,78.0,117.0,89.0
205.0,226.0,224.0,37.0,21.0
421.0,282.0,92.0,589.0,119.0
39.0,167.0,48.0,25.0,17.0
96.0,308.0,72.0,93.0,41.0
49.0,221.0,55.0,37.0,21.0
65.0,319.0,78.0,102.0,43.0
62.0,301.0,71.0,88.0,37.0
190.0,580.0,181.0,550.0,429.0
23.0,330.0,24.0,132.0,105.0
427.0,647.0,604.0,585.0,716.0
43.0,284.0,65.0,70.0,31.0
487.0,528.0,537.0,538.0,722.0
29.0,247.0,47.0,22.0,15.0
50.0,0.0,40.0,18.0,11.0
77.0,329.0,116.0,226.0,181.0
92.0,517.0,155.0,428.0,361.0
65.0,160.0,78.0,7.0,7.0
52.0,273.0,59.0,64.0,28.0
51.0,226.0,59.0,38.0,26.0
93.0,278.0,123.0,67.0,194.0
40.0,347.0,48.0,204.0,18.0
102.0,517.0,175.0,417.0,417.0
555.0,221.0,709.0,40.0,24.0
59.0,178.0,66.0,30.0,31.0
95.0,474.0,124.0,192.0,205.0
58.0,165.0,63.0,23.0,36.0
131.0,278.0,157.0,118.0,368.0
59.0,289.0,69.0,80.0,35.0
61.0,304.0,71.0,88.0,37.0
78.0,438.0,116.0,222.0,174.0
43.0,236.0,57.0,44.0,24.0
28.0,173.0,33.0,25.0,17.0
69.0,167.0,52.0,25.0,17.0
197.0,354.0,181.0,151.0,120.0
23.0,14.0,20.0,2.0,3.0
45.0,237.0,57.0,44.0,24.0
35.0,167.0,44.0,25.0,17.0
49.0,265.0,58.0,57.0,26.0
43.0,205.0,52.0,36.0,20.0
91.0,406.0,114.0,204.0,155.0
71.0,111.0,85.0,8.0,60.0
91.0,181.0,114.0,30.0,96.0
64.0,273.0,103.0,66.0,30.0
32.0,282.0,40.0,70.0,31.0
34.0,325.0,87.0,115.0,107.0
216.0,308.0,67.0,93.0,32.0
61.0,406.0,72.0,18.0,38.0
78.0,438.0,90.0,222.0,110.0
192.0,178.0,189.0,30.0,19.0
38.0,153.0,48.0,23.0,15.0
766.0,193.0,52.0,36.0,20.0
71.0,304.0,85.0,88.0,37.0
24.0,76.0,34.0,2.0,8.0
256.0,647.0,604.0,589.0,926.0
59.0,343.0,69.0,82.0,35.0
28.0,302.0,69.0,87.0,36.0
999.0,282.0,999.0,70.0,999.0
38.0,205.0,48.0,36.0,22.0
49.0,178.0,50.0,30.0,19.0
999.0,647.0,999.0,576.0,999.0
28.0,188.0,51.0,3.0,7.0
64.0,284.0,76.0,76.0,32.0
59.0,278.0,65.0,66.0,30.0
102.0,351.0,153.0,367.0,344.0
61.0,297.0,71.0,82.0,36.0
59.0,301.0,70.0,90.0,40.0
59.0,301.0,66.0,83.0,36.0
59.0,297.0,72.0,82.0,41.0
47.0,226.0,55.0,38.0,22.0
206.0,326.0,226.0,618.0,481.0
197.0,25.0,200.0,2.0,3.0
100.0,494.0,149.0,367.0,289.0
60.0,297.0,71.0,83.0,36.0
28.0,165.0,52.0,36.0,20.0
160.0,232.0,151.0,373.0,303.0
24.0,240.0,24.0,22.0,14.0
63.0,302.0,72.0,87.0,36.0
63.0,308.0,72.0,90.0,40.0
100.0,76.0,151.0,353.0,287.0
41.0,312.0,50.0,30.0,19.0
131.0,351.0,156.0,138.0,364.0
93.0,438.0,121.0,226.0,181.0
231.0,306.0,157.0,88.0,368.0
71.0,346.0,85.0,131.0,99.0
27.0,482.0,124.0,353.0,205.0
206.0,167.0,226.0,121.0,22.0
54.0,240.0,57.0,47.0,24.0
31.0,273.0,65.0,64.0,32.0
28.0,78.0,33.0,2.0,8.0
70.0,347.0,84.0,133.0,81.0
73.0,292.0,69.0,79.0,34.0
46.0,240.0,57.0,47.0,24.0
999.0,226.0,999.0,37.0,999.0
692.0,122.0,147.0,18.0,11.0
63.0,289.0,74.0,79.0,32.0
64.0,469.0,143.0,290.0,260.0
50.0,140.0,52.0,37.0,21.0
206.0,247.0,226.0,36.0,128.0
46.0,221.0,55.0,37.0,21.0
82.0,193.0,103.0,34.0,20.0
315.0,999.0,277.0,999.0,657.0
59.0,265.0,62.0,62.0,28.0
49.0,252.0,56.0,56.0,24.0
59.0,278.0,66.0,70.0,31.0
20.0,236.0,60.0,44.0,26.0
231.0,241.0,45.0,2.0,6.0
65.0,241.0,77.0,70.0,31.0
67.0,386.0,99.0,173.0,128.0
59.0,330.0,65.0,118.0,50.0
54.0,148.0,44.0,22.0,13.0
24.0,156.0,24.0,22.0,14.0
62.0,397.0,72.0,132.0,41.0
51.0,242.0,59.0,52.0,25.0
71.0,337.0,85.0,118.0,78.0
100.0,303.0,147.0,153.0,274.0
21.0,228.0,56.0,41.0,22.0
59.0,296.0,69.0,79.0,33.0
96.0,517.0,145.0,428.0,364.0
27.0,178.0,34.0,18.0,8.0
71.0,343.0,85.0,152.0,124.0
59.0,296.0,69.0,81.0,8.0
38.0,151.0,48.0,22.0,15.0
74.0,193.0,52.0,34.0,20.0
95.0,351.0,123.0,137.0,194.0
63.0,191.0,67.0,34.0,20.0
78.0,346.0,92.0,153.0,120.0
197.0,226.0,291.0,90.0,567.0
35.0,156.0,45.0,22.0,13.0
48.0,221.0,56.0,37.0,22.0
70.0,116.0,84.0,59.0,26.0
34.0,347.0,90.0,132.0,109.0
63.0,301.0,69.0,81.0,35.0
28.0,165.0,30.0,44.0,8.0
59.0,366.0,69.0,168.0,128.0
45.0,217.0,55.0,52.0,22.0
21.0,273.0,20.0,2.0,3.0
32.0,278.0,24.0,10.0,8.0
59.0,282.0,68.0,72.0,31.0
29.0,191.0,36.0,36.0,20.0
20.0,76.0,36.0,2.0,4.0
86.0,589.0,105.0,195.0,154.0
0.0,0.0,0.0,0.0,0.0
59.0,386.0,66.0,173.0,24.0
67.0,240.0,78.0,76.0,53.0
82.0,282.0,103.0,58.0,24.0
552.0,510.0,728.0,558.0,999.0
60.0,296.0,70.0,81.0,36.0
208.0,233.0,63.0,62.0,29.0
186.0,650.0,225.0,589.0,477.0
21.0,25.0,20.0,2.0,3.0
692.0,482.0,728.0,2.0,4.0
126.0,437.0,153.0,373.0,334.0
61.0,226.0,71.0,37.0,22.0
427.0,353.0,225.0,576.0,453.0
91.0,353.0,200.0,150.0,429.0
49.0,240.0,55.0,47.0,22.0
71.0,164.0,85.0,23.0,14.0
315.0,296.0,52.0,62.0,28.0
371.0,647.0,480.0,589.0,963.0
208.0,661.0,226.0,618.0,481.0
80.0,260.0,87.0,211.0,148.0
63.0,273.0,71.0,64.0,29.0
100.0,437.0,145.0,214.0,170.0
683.0,650.0,728.0,585.0,963.0
59.0,278.0,66.0,67.0,31.0
131.0,469.0,156.0,290.0,364.0
29.0,268.0,36.0,59.0,8.0
100.0,437.0,153.0,214.0,173.0
90.0,445.0,107.0,223.0,157.0
29.0,163.0,44.0,22.0,17.0
78.0,354.0,90.0,151.0,123.0
552.0,940.0,367.0,861.0,613.0
59.0,296.0,69.0,81.0,35.0
0.0,248.0,0.0,3.0,0.0
205.0,632.0,224.0,558.0,417.0
63.0,265.0,60.0,62.0,26.0
40.0,173.0,48.0,28.0,17.0
80.0,330.0,85.0,118.0,78.0
59.0,292.0,68.0,82.0,32.0
40.0,292.0,48.0,79.0,34.0
102.0,375.0,152.0,172.0,141.0
62.0,314.0,78.0,110.0,60.0
38.0,146.0,48.0,22.0,15.0
71.0,241.0,85.0,47.0,78.0
63.0,111.0,73.0,13.0,44.0
49.0,165.0,58.0,24.0,25.0
65.0,647.0,709.0,585.0,926.0
35.0,233.0,44.0,62.0,26.0
57.0,348.0,60.0,62.0,26.0
766.0,518.0,237.0,373.0,331.0
45.0,317.0,55.0,90.0,40.0
131.0,482.0,153.0,353.0,344.0
59.0,257.0,65.0,59.0,26.0
38.0,165.0,48.0,23.0,15.0
57.0,153.0,20.0,22.0,8.0
63.0,237.0,74.0,52.0,25.0
58.0,193.0,57.0,52.0,24.0
59.0,282.0,66.0,72.0,31.0
84.0,205.0,105.0,36.0,20.0
487.0,661.0,153.0,376.0,331.0
58.0,283.0,66.0,72.0,32.0
0.0,0.0,0.0,0.0,0.0
45.0,284.0,55.0,77.0,21.0
48.0,205.0,56.0,36.0,22.0
47.0,282.0,55.0,72.0,32.0
50.0,265.0,58.0,62.0,26.0
206.0,518.0,291.0,386.0,602.0
40.0,165.0,48.0,24.0,16.0
96.0,284.0,153.0,117.0,331.0
20.0,89.0,20.0,2.0,3.0
71.0,178.0,86.0,30.0,19.0
98.0,474.0,151.0,366.0,287.0
57.0,273.0,62.0,64.0,29.0
256.0,284.0,103.0,110.0,148.0
231.0,353.0,93.0,148.0,118.0
28.0,178.0,51.0,30.0,19.0
100.0,228.0,151.0,44.0,24.0
77.0,122.0,39.0,22.0,13.0
63.0,308.0,60.0,88.0,26.0
63.0,308.0,74.0,93.0,41.0
80.0,353.0,93.0,138.0,115.0
552.0,111.0,20.0,2.0,1.0
59.0,171.0,39.0,18.0,10.0
80.0,313.0,77.0,100.0,49.0
279.0,940.0,298.0,806.0,722.0
33.0,0.0,33.0,0.0,8.0
206.0,178.0,224.0,622.0,509.0
91.0,306.0,116.0,367.0,174.0
40.0,153.0,48.0,22.0,18.0
57.0,308.0,244.0,622.0,509.0
60.0,299.0,72.0,80.0,19.0
294.0,335.0,137.0,110.0,154.0
433.0,156.0,526.0,861.0,716.0
43.0,146.0,52.0,36.0,20.0
28.0,172.0,27.0,7.0,7.0
62.0,303.0,71.0,88.0,38.0
37.0,164.0,48.0,23.0,18.0
100.0,226.0,149.0,38.0,22.0
96.0,347.0,121.0,222.0,174.0
427.0,301.0,526.0,83.0,716.0
54.0,265.0,60.0,57.0,8.0
70.0,351.0,84.0,117.0,76.0
130.0,517.0,155.0,428.0,361.0
102.0,520.0,153.0,497.0,344.0
59.0,469.0,65.0,57.0,26.0
91.0,406.0,114.0,204.0,155.0
40.0,167.0,48.0,25.0,17.0
45.0,223.0,55.0,37.0,21.0
43.0,284.0,54.0,36.0,20.0
72.0,353.0,86.0,143.0,105.0
102.0,278.0,147.0,70.0,31.0
59.0,164.0,126.0,23.0,481.0
86.0,303.0,105.0,88.0,37.0
61.0,308.0,71.0,93.0,37.0
73.0,329.0,86.0,115.0,78.0
131.0,437.0,156.0,585.0,364.0
86.0,163.0,44.0,13.0,12.0
165.0,406.0,175.0,558.0,429.0
59.0,282.0,66.0,72.0,31.0
205.0,589.0,224.0,558.0,431.0
63.0,301.0,69.0,90.0,40.0
59.0,347.0,69.0,77.0,33.0
54.0,236.0,60.0,22.0,26.0
24.0,76.0,24.0,3.0,7.0
29.0,140.0,39.0,19.0,11.0
82.0,347.0,89.0,133.0,110.0
91.0,242.0,43.0,88.0,11.0
41.0,265.0,62.0,62.0,28.0
43.0,171.0,52.0,25.0,17.0
215.0,116.0,244.0,622.0,509.0
371.0,240.0,537.0,841.0,722.0
58.0,226.0,61.0,41.0,22.0
59.0,240.0,69.0,47.0,26.0
41.0,304.0,71.0,80.0,35.0
91.0,215.0,121.0,222.0,173.0
61.0,247.0,71.0,50.0,38.0
42.0,348.0,44.0,153.0,11.0
40.0,165.0,48.0,24.0,18.0
71.0,268.0,63.0,62.0,29.0
82.0,165.0,48.0,23.0,15.0
427.0,247.0,0.0,50.0,0.0
28.0,282.0,33.0,72.0,8.0
67.0,25.0,78.0,2.0,4.0
279.0,319.0,298.0,83.0,36.0
38.0,167.0,48.0,25.0,17.0
59.0,337.0,70.0,93.0,36.0
21.0,265.0,27.0,62.0,28.0
28.0,146.0,0.0,20.0,0.0
335.0,999.0,480.0,999.0,657.0
21.0,76.0,20.0,2.0,0.0
92.0,325.0,83.0,115.0,64.0
45.0,205.0,54.0,36.0,20.0
50.0,240.0,57.0,47.0,24.0
285.0,163.0,244.0,22.0,361.0
49.0,240.0,57.0,47.0,24.0
699.0,308.0,822.0,93.0,42.0
59.0,282.0,66.0,72.0,31.0
77.0,205.0,151.0,195.0,303.0
63.0,366.0,74.0,100.0,44.0
45.0,215.0,72.0,66.0,30.0
427.0,528.0,514.0,538.0,429.0
82.0,326.0,103.0,192.0,148.0
93.0,241.0,121.0,223.0,177.0
192.0,517.0,156.0,428.0,364.0
552.0,354.0,96.0,151.0,123.0
23.0,312.0,48.0,28.0,18.0
100.0,346.0,151.0,137.0,118.0
98.0,339.0,143.0,117.0,76.0
215.0,433.0,103.0,211.0,160.0
54.0,303.0,63.0,88.0,37.0
45.0,228.0,56.0,41.0,22.0
215.0,353.0,87.0,143.0,107.0
692.0,228.0,92.0,41.0,22.0
28.0,282.0,30.0,36.0,8.0
91.0,339.0,114.0,125.0,148.0
73.0,343.0,87.0,130.0,105.0
61.0,221.0,71.0,62.0,28.0
216.0,437.0,149.0,214.0,173.0
31.0,222.0,39.0,37.0,21.0
60.0,301.0,71.0,83.0,36.0
102.0,506.0,151.0,373.0,303.0
24.0,339.0,90.0,121.0,101.0
38.0,273.0,60.0,58.0,26.0
98.0,226.0,123.0,226.0,194.0
28.0,178.0,27.0,2.0,6.0
93.0,52.0,100.0,3.0,7.0
98.0,353.0,137.0,152.0,124.0
59.0,228.0,68.0,44.0,22.0
555.0,255.0,822.0,58.0,26.0
40.0,240.0,50.0,30.0,19.0
91.0,122.0,114.0,18.0,30.0
40.0,173.0,48.0,28.0,18.0
131.0,518.0,155.0,468.0,368.0
133.0,297.0,78.0,83.0,53.0
80.0,449.0,99.0,226.0,128.0
54.0,236.0,60.0,47.0,26.0
58.0,265.0,63.0,62.0,28.0
45.0,346.0,71.0,121.0,81.0
192.0,312.0,48.0,97.0,15.0
78.0,354.0,90.0,151.0,118.0
285.0,474.0,68.0,290.0,35.0
43.0,353.0,52.0,138.0,20.0
215.0,528.0,277.0,538.0,567.0
35.0,289.0,44.0,90.0,40.0
140.0,650.0,164.0,585.0,453.0
59.0,406.0,143.0,204.0,151.0
27.0,273.0,69.0,66.0,30.0
205.0,283.0,208.0,558.0,431.0
683.0,494.0,728.0,753.0,579.0
63.0,228.0,72.0,41.0,22.0
40.0,217.0,48.0,37.0,24.0
240.0,517.0,156.0,417.0,364.0
100.0,282.0,59.0,72.0,26.0
208.0,343.0,224.0,618.0,453.0
186.0,589.0,181.0,558.0,431.0
48.0,347.0,57.0,47.0,24.0
49.0,247.0,58.0,50.0,24.0
41.0,197.0,50.0,36.0,20.0
371.0,326.0,480.0,618.0,623.0
59.0,278.0,66.0,67.0,31.0
999.0,650.0,999.0,618.0,999.0
82.0,163.0,36.0,22.0,14.0
91.0,299.0,116.0,83.0,151.0
0.0,0.0,0.0,0.0,0.0
63.0,304.0,74.0,88.0,38.0
206.0,647.0,225.0,585.0,429.0
78.0,273.0,54.0,36.0,20.0
78.0,353.0,92.0,138.0,119.0
160.0,347.0,90.0,137.0,118.0
82.0,353.0,89.0,150.0,120.0
43.0,228.0,56.0,40.0,22.0
45.0,232.0,55.0,36.0,20.0
285.0,304.0,99.0,93.0,128.0
59.0,257.0,65.0,59.0,26.0
58.0,317.0,86.0,102.0,53.0
58.0,284.0,69.0,76.0,33.0
59.0,194.0,72.0,34.0,26.0
69.0,308.0,93.0,90.0,40.0
64.0,314.0,76.0,100.0,49.0
61.0,445.0,71.0,90.0,40.0
955.0,632.0,157.0,585.0,368.0
63.0,255.0,72.0,58.0,26.0
46.0,303.0,52.0,90.0,40.0
91.0,449.0,116.0,226.0,177.0
63.0,330.0,74.0,118.0,78.0
63.0,312.0,74.0,102.0,49.0
216.0,148.0,40.0,26.0,16.0
98.0,337.0,87.0,121.0,118.0
98.0,375.0,143.0,172.0,139.0
100.0,519.0,153.0,497.0,287.0
84.0,193.0,56.0,37.0,24.0
80.0,248.0,107.0,59.0,155.0
59.0,265.0,68.0,77.0,32.0
100.0,517.0,151.0,286.0,303.0
70.0,76.0,84.0,2.0,6.0
999.0,178.0,999.0,558.0,999.0
20.0,165.0,27.0,23.0,8.0
35.0,242.0,44.0,47.0,12.0
64.0,314.0,72.0,97.0,43.0
133.0,482.0,153.0,366.0,287.0
100.0,469.0,149.0,286.0,287.0
766.0,330.0,143.0,118.0,260.0
21.0,122.0,41.0,18.0,11.0
130.0,517.0,155.0,428.0,361.0
166.0,308.0,175.0,386.0,334.0
315.0,217.0,470.0,37.0,21.0
64.0,296.0,76.0,100.0,49.0
487.0,520.0,526.0,497.0,368.0
59.0,284.0,72.0,90.0,40.0
82.0,406.0,116.0,195.0,148.0
65.0,197.0,78.0,36.0,20.0
80.0,301.0,66.0,62.0,31.0
328.0,25.0,470.0,841.0,623.0
92.0,437.0,120.0,222.0,174.0
91.0,148.0,116.0,22.0,13.0
91.0,242.0,83.0,47.0,24.0
71.0,163.0,85.0,118.0,78.0
86.0,339.0,103.0,125.0,107.0
54.0,312.0,59.0,97.0,25.0
328.0,517.0,470.0,36.0,623.0
20.0,228.0,9.0,41.0,0.0
58.0,265.0,62.0,36.0,20.0
91.0,308.0,116.0,115.0,33.0
20.0,228.0,65.0,66.0,30.0
206.0,268.0,225.0,51.0,368.0
49.0,252.0,58.0,52.0,24.0
131.0,528.0,156.0,428.0,364.0
96.0,326.0,114.0,115.0,205.0
49.0,171.0,72.0,18.0,43.0
70.0,329.0,84.0,117.0,76.0
54.0,247.0,49.0,50.0,24.0
99.0,265.0,147.0,62.0,29.0
140.0,999.0,164.0,999.0,369.0
80.0,354.0,99.0,153.0,128.0
39.0,325.0,101.0,132.0,105.0
77.0,437.0,88.0,211.0,160.0
34.0,228.0,48.0,37.0,15.0
64.0,289.0,74.0,77.0,33.0
130.0,482.0,153.0,366.0,289.0
63.0,296.0,88.0,135.0,107.0
27.0,661.0,139.0,286.0,260.0
49.0,248.0,71.0,47.0,24.0
28.0,312.0,27.0,3.0,7.0
183.0,314.0,44.0,100.0,49.0
91.0,236.0,114.0,45.0,24.0
65.0,178.0,78.0,30.0,19.0
383.0,226.0,490.0,36.0,579.0
61.0,156.0,69.0,22.0,0.0
91.0,351.0,116.0,138.0,205.0
190.0,317.0,143.0,102.0,205.0
100.0,999.0,147.0,376.0,157.0
41.0,178.0,50.0,30.0,19.0
231.0,178.0,277.0,576.0,567.0
60.0,301.0,71.0,83.0,36.0
80.0,296.0,99.0,152.0,124.0
63.0,325.0,74.0,115.0,64.0
73.0,312.0,76.0,97.0,42.0
63.0,283.0,68.0,77.0,32.0
130.0,283.0,153.0,72.0,303.0
63.0,312.0,72.0,97.0,43.0
166.0,632.0,175.0,558.0,431.0
52.0,160.0,59.0,22.0,24.0
40.0,312.0,99.0,93.0,128.0
41.0,178.0,50.0,30.0,19.0
49.0,223.0,55.0,37.0,22.0
100.0,528.0,156.0,538.0,386.0
82.0,386.0,101.0,173.0,141.0
166.0,433.0,101.0,226.0,181.0
79.0,386.0,101.0,173.0,141.0
64.0,312.0,74.0,100.0,47.0
80.0,647.0,101.0,192.0,177.0
21.0,375.0,20.0,172.0,128.0
190.0,215.0,60.0,36.0,21.0
47.0,247.0,56.0,50.0,25.0
28.0,178.0,27.0,22.0,7.0
28.0,165.0,27.0,23.0,7.0
861.0,160.0,50.0,13.0,19.0
34.0,191.0,43.0,34.0,12.0
31.0,151.0,39.0,18.0,11.0
41.0,191.0,50.0,34.0,20.0
62.0,242.0,71.0,45.0,37.0
38.0,106.0,48.0,8.0,18.0
28.0,146.0,30.0,18.0,8.0
91.0,226.0,114.0,37.0,22.0
335.0,257.0,60.0,58.0,26.0
45.0,247.0,55.0,37.0,21.0
59.0,296.0,70.0,83.0,36.0
59.0,122.0,67.0,17.0,8.0
91.0,153.0,48.0,8.0,7.0
102.0,999.0,153.0,153.0,344.0
216.0,397.0,60.0,56.0,26.0
61.0,226.0,71.0,38.0,22.0
699.0,181.0,783.0,30.0,19.0
82.0,375.0,99.0,172.0,128.0
206.0,146.0,74.0,19.0,33.0
99.0,240.0,153.0,47.0,331.0
208.0,474.0,298.0,309.0,579.0
43.0,76.0,52.0,2.0,4.0
32.0,404.0,40.0,118.0,7.0
98.0,482.0,139.0,290.0,260.0
80.0,226.0,99.0,38.0,128.0
130.0,517.0,156.0,417.0,364.0
29.0,265.0,68.0,57.0,32.0
371.0,650.0,480.0,585.0,567.0
35.0,146.0,44.0,22.0,14.0
38.0,167.0,48.0,25.0,17.0
48.0,140.0,56.0,19.0,11.0
128.0,517.0,153.0,386.0,344.0
279.0,346.0,298.0,753.0,579.0
192.0,171.0,48.0,37.0,22.0
131.0,519.0,157.0,468.0,368.0
20.0,339.0,87.0,130.0,101.0
58.0,247.0,59.0,52.0,25.0
427.0,528.0,181.0,538.0,416.0
80.0,247.0,88.0,226.0,181.0
0.0,0.0,0.0,0.0,0.0
42.0,171.0,50.0,30.0,19.0
28.0,339.0,90.0,125.0,118.0
45.0,292.0,55.0,100.0,49.0
28.0,519.0,30.0,7.0,8.0
40.0,226.0,55.0,38.0,22.0
95.0,437.0,116.0,222.0,173.0
82.0,406.0,100.0,204.0,155.0
86.0,482.0,43.0,2.0,8.0
80.0,437.0,99.0,213.0,128.0
766.0,165.0,48.0,23.0,15.0
91.0,351.0,114.0,131.0,151.0
21.0,330.0,85.0,118.0,78.0
34.0,52.0,22.0,2.0,4.0
53.0,257.0,60.0,38.0,11.0
21.0,205.0,20.0,37.0,21.0
63.0,306.0,139.0,88.0,274.0
58.0,265.0,59.0,57.0,26.0
102.0,135.0,139.0,18.0,260.0
206.0,647.0,224.0,585.0,453.0
29.0,226.0,49.0,37.0,22.0
95.0,226.0,123.0,41.0,194.0
57.0,437.0,101.0,213.0,170.0
63.0,181.0,71.0,22.0,14.0
28.0,122.0,33.0,17.0,8.0
102.0,226.0,153.0,38.0,344.0
371.0,346.0,783.0,100.0,47.0
64.0,319.0,78.0,102.0,53.0
100.0,518.0,151.0,386.0,289.0
91.0,165.0,55.0,23.0,19.0
29.0,296.0,999.0,558.0,999.0
61.0,308.0,71.0,93.0,35.0
61.0,337.0,71.0,90.0,40.0
77.0,313.0,89.0,110.0,110.0
84.0,361.0,99.0,152.0,128.0
28.0,353.0,30.0,550.0,8.0
28.0,510.0,30.0,373.0,8.0
192.0,518.0,200.0,497.0,368.0
59.0,178.0,84.0,34.0,18.0
77.0,347.0,87.0,133.0,107.0
23.0,193.0,52.0,34.0,20.0
131.0,325.0,68.0,102.0,32.0
34.0,215.0,52.0,36.0,20.0
130.0,221.0,78.0,100.0,53.0
91.0,437.0,114.0,213.0,157.0
192.0,348.0,90.0,135.0,109.0
489.0,347.0,480.0,137.0,115.0
70.0,469.0,84.0,286.0,76.0
82.0,319.0,103.0,18.0,16.0
183.0,139.0,40.0,18.0,11.0
206.0,297.0,224.0,47.0,24.0
216.0,347.0,265.0,43.0,331.0
140.0,205.0,164.0,36.0,20.0
216.0,165.0,48.0,23.0,15.0
47.0,347.0,55.0,132.0,22.0
43.0,178.0,50.0,30.0,19.0
49.0,199.0,57.0,50.0,24.0
49.0,240.0,57.0,47.0,24.0
51.0,301.0,59.0,52.0,25.0
59.0,284.0,70.0,77.0,33.0
489.0,518.0,157.0,468.0,368.0
84.0,265.0,114.0,62.0,173.0
52.0,308.0,74.0,90.0,47.0
67.0,160.0,78.0,22.0,14.0
54.0,317.0,58.0,102.0,96.0
60.0,260.0,71.0,50.0,24.0
69.0,326.0,84.0,117.0,76.0
91.0,343.0,116.0,102.0,49.0
33.0,146.0,42.0,20.0,11.0
49.0,217.0,55.0,37.0,21.0
32.0,404.0,66.0,202.0,31.0
78.0,348.0,90.0,135.0,109.0
91.0,438.0,116.0,222.0,177.0
128.0,520.0,181.0,538.0,416.0
86.0,404.0,105.0,202.0,154.0
43.0,171.0,51.0,26.0,19.0
24.0,273.0,24.0,45.0,8.0
80.0,353.0,99.0,152.0,331.0
77.0,326.0,89.0,102.0,110.0
82.0,518.0,165.0,386.0,364.0
53.0,284.0,60.0,62.0,26.0
383.0,661.0,490.0,589.0,623.0
208.0,284.0,65.0,77.0,32.0
130.0,242.0,208.0,558.0,429.0
61.0,226.0,71.0,37.0,19.0
166.0,297.0,71.0,81.0,36.0
29.0,146.0,44.0,22.0,12.0
45.0,226.0,55.0,37.0,21.0
59.0,296.0,67.0,79.0,33.0
49.0,240.0,57.0,47.0,24.0
21.0,347.0,208.0,148.0,170.0
65.0,273.0,78.0,58.0,32.0
166.0,283.0,66.0,70.0,31.0
59.0,330.0,67.0,118.0,32.0
102.0,248.0,59.0,52.0,25.0
21.0,306.0,22.0,2.0,4.0
69.0,106.0,86.0,8.0,7.0
39.0,167.0,48.0,25.0,17.0
279.0,223.0,298.0,43.0,22.0
57.0,217.0,55.0,37.0,21.0
21.0,0.0,20.0,0.0,1.0
183.0,14.0,189.0,1.0,1.0
91.0,347.0,114.0,93.0,148.0
80.0,353.0,99.0,148.0,128.0
51.0,248.0,59.0,52.0,25.0
33.0,178.0,50.0,30.0,19.0
131.0,346.0,147.0,131.0,105.0
28.0,122.0,22.0,2.0,4.0
59.0,292.0,68.0,66.0,33.0
24.0,240.0,24.0,2.0,6.0
240.0,580.0,367.0,550.0,613.0
92.0,346.0,85.0,131.0,76.0
487.0,469.0,126.0,286.0,222.0
77.0,528.0,189.0,538.0,416.0
98.0,589.0,149.0,558.0,429.0
206.0,248.0,225.0,62.0,29.0
165.0,292.0,48.0,57.0,26.0
33.0,106.0,48.0,3.0,18.0
24.0,222.0,24.0,40.0,11.0
100.0,528.0,149.0,538.0,417.0
21.0,116.0,20.0,2.0,3.0
51.0,296.0,59.0,52.0,25.0
61.0,116.0,71.0,17.0,33.0
99.0,528.0,126.0,538.0,416.0
58.0,284.0,63.0,62.0,29.0
79.0,353.0,92.0,148.0,119.0
32.0,273.0,24.0,64.0,29.0
140.0,248.0,164.0,57.0,369.0
96.0,122.0,40.0,17.0,11.0
100.0,482.0,151.0,366.0,287.0
70.0,282.0,87.0,77.0,110.0
0.0,0.0,0.0,0.0,0.0
43.0,138.0,52.0,18.0,11.0
47.0,296.0,63.0,81.0,35.0
98.0,528.0,151.0,367.0,303.0
489.0,217.0,224.0,37.0,34.0
63.0,404.0,74.0,202.0,43.0
49.0,197.0,56.0,36.0,23.0
427.0,194.0,490.0,841.0,613.0
71.0,252.0,85.0,56.0,50.0
60.0,306.0,71.0,81.0,36.0
71.0,308.0,86.0,102.0,96.0
190.0,236.0,116.0,44.0,23.0
100.0,366.0,151.0,367.0,289.0
43.0,0.0,52.0,0.0,0.0
59.0,494.0,69.0,88.0,33.0
35.0,165.0,68.0,27.0,32.0
72.0,353.0,86.0,138.0,101.0
71.0,205.0,85.0,102.0,53.0
28.0,312.0,33.0,17.0,8.0
33.0,146.0,44.0,22.0,12.0
37.0,165.0,48.0,23.0,15.0
102.0,242.0,58.0,50.0,24.0
60.0,167.0,71.0,25.0,17.0
197.0,178.0,52.0,30.0,19.0
79.0,217.0,90.0,622.0,481.0
91.0,197.0,52.0,36.0,20.0
45.0,257.0,60.0,58.0,26.0
98.0,510.0,153.0,376.0,331.0
190.0,482.0,224.0,585.0,453.0
93.0,163.0,44.0,22.0,14.0
64.0,296.0,69.0,81.0,35.0
60.0,284.0,70.0,77.0,33.0
71.0,319.0,85.0,102.0,53.0
421.0,433.0,537.0,753.0,722.0
54.0,140.0,60.0,19.0,26.0
43.0,178.0,51.0,30.0,19.0
90.0,282.0,107.0,204.0,155.0
279.0,299.0,298.0,83.0,364.0
53.0,140.0,60.0,59.0,26.0
71.0,172.0,85.0,118.0,78.0
29.0,140.0,20.0,2.0,3.0
99.0,273.0,145.0,66.0,283.0
999.0,647.0,999.0,576.0,999.0
73.0,242.0,87.0,36.0,20.0
45.0,217.0,55.0,37.0,21.0
294.0,386.0,367.0,211.0,613.0
99.0,510.0,145.0,353.0,283.0
98.0,165.0,49.0,22.0,19.0
315.0,330.0,352.0,576.0,453.0
383.0,482.0,490.0,214.0,173.0
29.0,343.0,103.0,132.0,119.0
43.0,265.0,52.0,62.0,29.0
82.0,353.0,103.0,153.0,170.0
70.0,330.0,84.0,118.0,73.0
33.0,153.0,41.0,19.0,11.0
70.0,308.0,84.0,117.0,76.0
59.0,236.0,67.0,44.0,23.0
99.0,205.0,143.0,36.0,20.0
102.0,236.0,152.0,44.0,283.0
28.0,122.0,27.0,13.0,7.0
27.0,273.0,24.0,25.0,17.0
98.0,480.0,139.0,353.0,283.0
63.0,303.0,49.0,88.0,37.0
48.0,228.0,56.0,41.0,22.0
131.0,343.0,157.0,130.0,368.0
46.0,217.0,55.0,36.0,20.0
40.0,248.0,49.0,51.0,25.0
47.0,140.0,55.0,18.0,11.0
133.0,480.0,151.0,367.0,289.0
160.0,518.0,156.0,428.0,361.0
35.0,520.0,175.0,538.0,386.0
33.0,217.0,55.0,37.0,21.0
78.0,116.0,90.0,17.0,110.0
160.0,205.0,74.0,22.0,14.0
58.0,273.0,63.0,64.0,29.0
21.0,122.0,34.0,17.0,8.0
91.0,292.0,116.0,211.0,170.0
766.0,329.0,783.0,558.0,963.0
63.0,193.0,71.0,36.0,22.0
58.0,252.0,62.0,52.0,25.0
315.0,188.0,352.0,36.0,579.0
192.0,353.0,99.0,153.0,128.0
186.0,510.0,181.0,538.0,416.0
82.0,205.0,103.0,202.0,151.0
46.0,247.0,62.0,58.0,26.0
35.0,247.0,44.0,50.0,24.0
100.0,343.0,149.0,192.0,274.0
46.0,233.0,55.0,38.0,22.0
231.0,248.0,58.0,50.0,25.0
40.0,404.0,48.0,30.0,19.0
59.0,273.0,65.0,66.0,30.0
46.0,438.0,55.0,30.0,19.0
71.0,330.0,85.0,118.0,78.0
33.0,237.0,43.0,44.0,11.0
70.0,343.0,84.0,130.0,101.0
31.0,217.0,55.0,37.0,21.0
63.0,255.0,69.0,81.0,36.0
49.0,241.0,58.0,47.0,24.0
39.0,171.0,48.0,25.0,17.0
52.0,205.0,55.0,36.0,20.0
42.0,193.0,50.0,34.0,19.0
82.0,283.0,68.0,72.0,32.0
128.0,517.0,153.0,428.0,344.0
96.0,347.0,87.0,132.0,105.0
183.0,273.0,76.0,64.0,50.0
72.0,273.0,86.0,64.0,18.0
63.0,247.0,63.0,59.0,26.0
24.0,312.0,126.0,97.0,222.0
43.0,217.0,52.0,36.0,20.0
63.0,303.0,50.0,102.0,26.0
91.0,273.0,120.0,64.0,32.0
165.0,520.0,151.0,386.0,289.0
72.0,337.0,86.0,88.0,36.0
59.0,167.0,224.0,25.0,18.0
77.0,347.0,90.0,131.0,110.0
92.0,438.0,120.0,222.0,177.0
77.0,301.0,66.0,83.0,36.0
427.0,312.0,526.0,93.0,369.0
42.0,165.0,48.0,23.0,15.0
53.0,247.0,59.0,50.0,26.0
49.0,178.0,58.0,50.0,25.0
96.0,165.0,152.0,23.0,15.0
59.0,347.0,58.0,133.0,31.0
315.0,437.0,352.0,222.0,602.0
82.0,386.0,103.0,192.0,151.0
231.0,188.0,224.0,204.0,155.0
100.0,165.0,147.0,367.0,289.0
45.0,223.0,55.0,37.0,20.0
487.0,240.0,62.0,50.0,24.0
46.0,106.0,52.0,8.0,8.0
59.0,282.0,66.0,72.0,31.0
78.0,650.0,90.0,168.0,128.0
82.0,348.0,100.0,135.0,115.0
130.0,518.0,155.0,428.0,361.0
74.0,317.0,69.0,81.0,35.0
45.0,153.0,55.0,34.0,20.0
70.0,353.0,87.0,133.0,107.0
335.0,233.0,72.0,90.0,40.0
49.0,228.0,56.0,41.0,22.0
82.0,296.0,99.0,152.0,124.0
59.0,282.0,66.0,72.0,31.0
206.0,406.0,226.0,204.0,477.0
33.0,226.0,55.0,37.0,21.0
96.0,353.0,87.0,150.0,120.0
49.0,308.0,57.0,43.0,24.0
59.0,240.0,65.0,47.0,28.0
42.0,188.0,50.0,30.0,19.0
80.0,517.0,121.0,428.0,303.0
315.0,178.0,48.0,23.0,15.0
99.0,273.0,71.0,62.0,28.0
48.0,205.0,56.0,36.0,22.0
65.0,297.0,107.0,81.0,155.0
54.0,240.0,57.0,47.0,24.0
98.0,580.0,139.0,558.0,431.0
285.0,163.0,48.0,22.0,15.0
128.0,517.0,151.0,417.0,364.0
130.0,517.0,155.0,428.0,361.0
70.0,278.0,84.0,353.0,283.0
31.0,146.0,39.0,18.0,11.0
37.0,226.0,50.0,38.0,21.0
77.0,215.0,88.0,130.0,107.0
102.0,494.0,151.0,373.0,303.0
99.0,482.0,147.0,366.0,344.0
64.0,248.0,76.0,100.0,49.0
35.0,153.0,44.0,22.0,14.0
91.0,317.0,124.0,97.0,43.0
65.0,314.0,78.0,102.0,53.0
98.0,494.0,151.0,373.0,303.0
31.0,217.0,54.0,37.0,20.0
91.0,353.0,114.0,93.0,42.0
21.0,172.0,22.0,27.0,4.0
41.0,140.0,42.0,19.0,11.0
59.0,284.0,66.0,67.0,31.0
71.0,433.0,90.0,213.0,160.0
186.0,354.0,92.0,150.0,119.0
487.0,940.0,537.0,841.0,722.0
59.0,248.0,67.0,51.0,32.0
100.0,205.0,151.0,367.0,303.0
80.0,148.0,99.0,22.0,128.0
552.0,347.0,87.0,132.0,107.0
91.0,375.0,101.0,172.0,139.0
20.0,268.0,62.0,62.0,29.0
555.0,339.0,709.0,125.0,107.0
28.0,302.0,30.0,100.0,8.0
131.0,353.0,156.0,428.0,364.0
77.0,167.0,78.0,25.0,17.0
206.0,632.0,226.0,622.0,481.0
71.0,339.0,86.0,125.0,96.0
131.0,228.0,152.0,41.0,22.0
64.0,78.0,72.0,36.0,20.0
96.0,296.0,124.0,81.0,205.0
315.0,273.0,84.0,66.0,30.0
231.0,354.0,244.0,618.0,509.0
206.0,580.0,224.0,558.0,453.0
427.0,303.0,65.0,88.0,37.0
59.0,282.0,66.0,70.0,31.0
24.0,167.0,48.0,25.0,17.0
50.0,319.0,58.0,70.0,31.0
28.0,52.0,27.0,2.0,7.0
65.0,314.0,77.0,100.0,49.0
69.0,223.0,61.0,36.0,155.0
59.0,247.0,69.0,77.0,33.0
32.0,139.0,40.0,19.0,11.0
29.0,122.0,36.0,17.0,10.0
165.0,303.0,265.0,93.0,49.0
80.0,438.0,116.0,222.0,174.0
48.0,146.0,56.0,22.0,22.0
91.0,228.0,116.0,37.0,173.0
98.0,278.0,63.0,62.0,29.0
31.0,278.0,39.0,79.0,32.0
62.0,167.0,72.0,25.0,17.0
100.0,330.0,145.0,102.0,266.0
35.0,25.0,44.0,1.0,1.0
67.0,317.0,78.0,110.0,60.0
43.0,153.0,51.0,30.0,19.0
92.0,289.0,123.0,76.0,32.0
34.0,226.0,72.0,43.0,19.0
27.0,284.0,68.0,76.0,33.0
335.0,171.0,39.0,2.0,8.0
40.0,173.0,48.0,28.0,18.0
33.0,140.0,40.0,19.0,11.0
328.0,353.0,526.0,861.0,716.0
45.0,217.0,55.0,37.0,21.0
65.0,284.0,72.0,80.0,35.0
69.0,326.0,85.0,117.0,78.0
58.0,325.0,90.0,131.0,118.0
49.0,354.0,66.0,62.0,26.0
28.0,14.0,27.0,2.0,4.0
96.0,482.0,149.0,366.0,287.0
487.0,445.0,537.0,841.0,722.0
28.0,111.0,27.0,7.0,7.0
91.0,386.0,114.0,173.0,139.0
79.0,354.0,92.0,150.0,120.0
80.0,354.0,105.0,150.0,120.0
421.0,330.0,85.0,118.0,78.0
63.0,240.0,74.0,50.0,44.0
186.0,520.0,181.0,538.0,416.0
140.0,223.0,73.0,37.0,31.0
95.0,296.0,114.0,80.0,173.0
59.0,273.0,66.0,66.0,30.0
231.0,146.0,103.0,20.0,11.0
100.0,528.0,165.0,538.0,386.0
38.0,223.0,48.0,37.0,21.0
33.0,303.0,41.0,88.0,38.0
294.0,589.0,480.0,22.0,602.0
64.0,226.0,62.0,36.0,22.0
98.0,366.0,96.0,172.0,139.0
60.0,312.0,72.0,97.0,41.0
63.0,296.0,70.0,80.0,35.0
206.0,165.0,225.0,24.0,477.0
20.0,326.0,121.0,152.0,118.0
63.0,312.0,69.0,70.0,40.0
70.0,353.0,84.0,150.0,64.0
315.0,268.0,526.0,56.0,716.0
555.0,257.0,709.0,58.0,26.0
206.0,518.0,226.0,376.0,364.0
279.0,433.0,114.0,211.0,160.0
231.0,282.0,71.0,72.0,31.0
240.0,330.0,298.0,135.0,110.0
59.0,278.0,66.0,67.0,31.0
54.0,273.0,60.0,64.0,26.0
190.0,517.0,165.0,428.0,364.0
48.0,278.0,66.0,67.0,31.0
100.0,215.0,151.0,47.0,19.0
77.0,301.0,72.0,83.0,36.0
90.0,347.0,105.0,133.0,107.0
59.0,284.0,66.0,72.0,31.0
29.0,139.0,40.0,18.0,11.0
54.0,282.0,66.0,67.0,31.0
29.0,217.0,36.0,30.0,19.0
80.0,140.0,101.0,19.0,118.0
699.0,308.0,783.0,589.0,963.0
100.0,171.0,143.0,25.0,17.0
43.0,139.0,52.0,36.0,20.0
215.0,632.0,189.0,558.0,429.0
45.0,301.0,49.0,66.0,15.0
60.0,89.0,71.0,2.0,3.0
45.0,284.0,27.0,8.0,7.0
43.0,438.0,151.0,211.0,289.0
99.0,247.0,149.0,50.0,28.0
206.0,482.0,226.0,366.0,481.0
47.0,242.0,55.0,59.0,23.0
91.0,171.0,61.0,25.0,17.0
65.0,304.0,84.0,117.0,76.0
59.0,292.0,69.0,79.0,35.0
29.0,222.0,55.0,37.0,22.0
38.0,172.0,48.0,27.0,16.0
27.0,197.0,30.0,30.0,8.0
61.0,165.0,71.0,22.0,18.0
70.0,319.0,84.0,102.0,53.0
48.0,237.0,56.0,45.0,22.0
59.0,303.0,72.0,88.0,37.0
71.0,292.0,85.0,79.0,34.0
72.0,330.0,90.0,117.0,78.0
45.0,236.0,56.0,44.0,23.0
77.0,437.0,86.0,222.0,174.0
213.0,517.0,153.0,428.0,417.0
206.0,221.0,72.0,22.0,10.0
213.0,260.0,60.0,58.0,26.0
216.0,205.0,277.0,3.0,6.0
82.0,139.0,73.0,19.0,11.0
131.0,306.0,78.0,88.0,53.0
205.0,589.0,208.0,558.0,431.0
489.0,151.0,24.0,7.0,7.0
256.0,268.0,59.0,52.0,25.0
91.0,236.0,114.0,44.0,19.0
206.0,278.0,226.0,618.0,481.0
49.0,241.0,57.0,47.0,24.0
63.0,273.0,72.0,41.0,22.0
98.0,308.0,143.0,18.0,364.0
71.0,284.0,165.0,70.0,369.0
61.0,306.0,69.0,88.0,35.0
91.0,404.0,105.0,202.0,154.0
315.0,528.0,139.0,538.0,260.0
41.0,167.0,50.0,25.0,17.0
69.0,178.0,87.0,30.0,107.0
82.0,480.0,101.0,353.0,287.0
96.0,222.0,145.0,37.0,20.0
99.0,347.0,88.0,135.0,109.0
59.0,265.0,68.0,58.0,32.0
183.0,528.0,181.0,538.0,416.0
96.0,236.0,86.0,36.0,20.0
35.0,135.0,44.0,22.0,12.0
74.0,265.0,69.0,62.0,29.0
91.0,297.0,68.0,77.0,33.0
71.0,330.0,85.0,118.0,78.0
59.0,520.0,147.0,538.0,386.0
766.0,248.0,56.0,36.0,23.0
67.0,304.0,78.0,88.0,38.0
205.0,265.0,164.0,2.0,369.0
91.0,283.0,48.0,66.0,30.0
35.0,160.0,44.0,22.0,14.0
49.0,163.0,50.0,36.0,20.0
861.0,326.0,822.0,618.0,963.0
231.0,346.0,165.0,152.0,368.0
59.0,283.0,65.0,76.0,31.0
59.0,289.0,65.0,13.0,22.0
208.0,221.0,55.0,37.0,21.0
59.0,301.0,69.0,79.0,35.0
49.0,289.0,56.0,62.0,24.0
91.0,354.0,116.0,148.0,119.0
100.0,348.0,89.0,135.0,110.0
38.0,330.0,103.0,118.0,170.0
59.0,283.0,66.0,72.0,31.0
69.0,163.0,85.0,22.0,78.0
42.0,346.0,99.0,131.0,128.0
59.0,228.0,121.0,25.0,17.0
133.0,353.0,92.0,148.0,119.0
43.0,194.0,51.0,36.0,20.0
47.0,241.0,55.0,47.0,22.0
82.0,518.0,101.0,211.0,64.0
59.0,171.0,59.0,58.0,26.0
91.0,226.0,124.0,37.0,205.0
213.0,268.0,36.0,62.0,29.0
60.0,299.0,71.0,83.0,36.0
80.0,326.0,822.0,115.0,567.0
699.0,632.0,783.0,558.0,999.0
683.0,339.0,728.0,102.0,53.0
64.0,188.0,87.0,2.0,3.0
40.0,0.0,0.0,0.0,0.0
206.0,193.0,224.0,34.0,35.0
48.0,167.0,56.0,25.0,22.0
65.0,313.0,78.0,100.0,49.0
100.0,301.0,69.0,83.0,36.0
47.0,171.0,55.0,30.0,22.0
29.0,167.0,36.0,25.0,16.0
43.0,474.0,143.0,286.0,260.0
766.0,517.0,265.0,376.0,331.0
59.0,296.0,69.0,81.0,35.0
231.0,278.0,189.0,47.0,128.0
63.0,248.0,74.0,51.0,25.0
45.0,205.0,55.0,36.0,20.0
51.0,353.0,59.0,52.0,25.0
49.0,343.0,56.0,137.0,24.0
49.0,242.0,57.0,47.0,24.0
71.0,347.0,86.0,133.0,107.0
59.0,273.0,69.0,67.0,35.0
51.0,247.0,59.0,52.0,25.0
71.0,330.0,85.0,118.0,78.0
78.0,226.0,90.0,37.0,81.0
48.0,228.0,56.0,41.0,22.0
206.0,647.0,224.0,585.0,453.0
38.0,172.0,48.0,27.0,18.0
64.0,312.0,69.0,100.0,47.0
197.0,632.0,200.0,558.0,431.0
63.0,304.0,71.0,88.0,37.0
43.0,289.0,52.0,36.0,20.0
64.0,312.0,74.0,100.0,49.0
59.0,301.0,70.0,83.0,36.0
279.0,520.0,298.0,538.0,416.0
59.0,292.0,69.0,79.0,32.0
28.0,217.0,51.0,37.0,19.0
57.0,268.0,58.0,62.0,28.0
67.0,273.0,78.0,66.0,32.0
59.0,163.0,70.0,22.0,14.0
46.0,217.0,55.0,37.0,21.0
21.0,89.0,24.0,2.0,4.0
48.0,146.0,43.0,22.0,12.0
35.0,153.0,44.0,22.0,14.0
54.0,135.0,60.0,62.0,26.0
29.0,165.0,42.0,24.0,11.0
28.0,273.0,65.0,62.0,30.0
215.0,76.0,55.0,2.0,7.0
61.0,304.0,71.0,88.0,37.0
34.0,163.0,45.0,22.0,14.0
165.0,528.0,153.0,386.0,334.0
315.0,306.0,352.0,36.0,602.0
49.0,335.0,71.0,90.0,38.0
29.0,171.0,30.0,25.0,8.0
96.0,329.0,126.0,117.0,76.0
46.0,273.0,55.0,66.0,30.0
59.0,302.0,68.0,87.0,36.0
40.0,178.0,49.0,30.0,19.0
54.0,247.0,58.0,52.0,24.0
71.0,330.0,85.0,118.0,78.0
72.0,302.0,86.0,87.0,36.0
160.0,580.0,165.0,550.0,417.0
65.0,205.0,78.0,36.0,24.0
50.0,242.0,63.0,52.0,25.0
206.0,236.0,56.0,44.0,24.0
59.0,268.0,69.0,70.0,31.0
96.0,199.0,57.0,36.0,24.0
82.0,347.0,87.0,133.0,107.0
50.0,302.0,71.0,87.0,37.0
35.0,348.0,44.0,135.0,110.0
98.0,351.0,145.0,143.0,283.0
205.0,194.0,86.0,36.0,20.0
160.0,519.0,156.0,497.0,368.0
63.0,273.0,72.0,66.0,35.0
61.0,284.0,71.0,70.0,31.0
70.0,289.0,84.0,135.0,76.0
80.0,348.0,92.0,135.0,109.0
42.0,148.0,65.0,22.0,13.0
77.0,222.0,88.0,37.0,21.0
43.0,205.0,55.0,36.0,20.0
52.0,268.0,59.0,62.0,26.0
72.0,278.0,86.0,131.0,101.0
183.0,482.0,181.0,211.0,417.0
40.0,171.0,48.0,25.0,18.0
100.0,449.0,114.0,226.0,181.0
74.0,122.0,87.0,18.0,7.0
215.0,437.0,189.0,558.0,431.0
61.0,306.0,72.0,93.0,42.0
33.0,138.0,41.0,19.0,11.0
33.0,140.0,42.0,19.0,11.0
82.0,375.0,55.0,70.0,31.0
999.0,449.0,999.0,226.0,999.0
371.0,135.0,34.0,3.0,7.0
60.0,301.0,71.0,83.0,36.0
40.0,153.0,48.0,19.0,7.0
77.0,347.0,90.0,133.0,118.0
20.0,325.0,76.0,110.0,50.0
192.0,528.0,189.0,538.0,386.0
294.0,116.0,33.0,13.0,8.0
60.0,297.0,71.0,80.0,35.0
34.0,650.0,208.0,558.0,431.0
131.0,517.0,155.0,417.0,364.0
78.0,146.0,90.0,22.0,0.0
35.0,146.0,43.0,20.0,11.0
58.0,278.0,66.0,67.0,31.0
32.0,308.0,27.0,3.0,7.0
59.0,282.0,65.0,70.0,31.0
34.0,167.0,44.0,25.0,17.0
45.0,283.0,69.0,77.0,33.0
71.0,284.0,66.0,70.0,25.0
183.0,347.0,164.0,133.0,369.0
35.0,135.0,41.0,18.0,11.0
29.0,25.0,34.0,2.0,8.0
47.0,217.0,55.0,37.0,21.0
100.0,520.0,153.0,417.0,344.0
96.0,437.0,103.0,214.0,160.0
63.0,302.0,72.0,97.0,43.0
20.0,299.0,20.0,80.0,35.0
51.0,248.0,59.0,51.0,24.0
98.0,193.0,165.0,34.0,274.0
35.0,160.0,85.0,30.0,19.0
166.0,528.0,175.0,538.0,386.0
421.0,260.0,33.0,2.0,8.0
71.0,518.0,83.0,428.0,35.0
46.0,273.0,70.0,64.0,29.0
91.0,217.0,55.0,37.0,21.0
78.0,353.0,90.0,143.0,118.0
335.0,233.0,470.0,43.0,613.0
78.0,347.0,90.0,133.0,118.0
166.0,172.0,182.0,27.0,417.0
61.0,171.0,72.0,47.0,25.0
91.0,437.0,114.0,214.0,170.0
45.0,217.0,55.0,37.0,21.0
38.0,308.0,55.0,88.0,38.0
21.0,296.0,30.0,80.0,8.0
40.0,301.0,48.0,83.0,44.0
63.0,140.0,73.0,19.0,42.0
62.0,163.0,72.0,22.0,14.0
34.0,193.0,42.0,30.0,11.0
59.0,361.0,66.0,70.0,31.0
100.0,255.0,151.0,22.0,303.0
63.0,233.0,74.0,40.0,20.0
24.0,353.0,24.0,125.0,8.0
64.0,284.0,69.0,76.0,35.0
45.0,217.0,55.0,37.0,21.0
91.0,406.0,107.0,195.0,151.0
48.0,236.0,56.0,44.0,23.0
45.0,217.0,55.0,37.0,21.0
43.0,171.0,59.0,52.0,25.0
205.0,146.0,70.0,22.0,24.0
35.0,181.0,44.0,30.0,12.0
231.0,167.0,48.0,25.0,17.0
72.0,480.0,86.0,102.0,53.0
208.0,517.0,225.0,428.0,477.0
91.0,520.0,116.0,286.0,222.0
74.0,354.0,96.0,151.0,123.0
43.0,181.0,52.0,30.0,19.0
98.0,178.0,139.0,30.0,19.0
45.0,236.0,56.0,44.0,24.0
955.0,528.0,181.0,538.0,416.0
45.0,232.0,63.0,43.0,26.0
43.0,167.0,48.0,25.0,17.0
955.0,173.0,41.0,28.0,11.0
96.0,438.0,116.0,222.0,173.0
82.0,353.0,101.0,148.0,139.0
128.0,517.0,155.0,428.0,361.0
81.0,386.0,101.0,173.0,139.0
31.0,221.0,42.0,37.0,11.0
59.0,312.0,69.0,79.0,34.0
62.0,228.0,72.0,93.0,42.0
37.0,163.0,44.0,22.0,14.0
205.0,178.0,189.0,30.0,19.0
54.0,178.0,55.0,30.0,19.0
59.0,265.0,69.0,62.0,29.0
80.0,146.0,93.0,22.0,8.0
190.0,282.0,65.0,77.0,32.0
80.0,445.0,107.0,226.0,177.0
82.0,289.0,100.0,110.0,128.0
81.0,273.0,100.0,309.0,429.0
34.0,146.0,39.0,22.0,11.0
213.0,191.0,189.0,558.0,431.0
65.0,172.0,78.0,27.0,18.0
64.0,265.0,85.0,62.0,31.0
999.0,647.0,999.0,576.0,999.0
165.0,494.0,175.0,622.0,567.0
91.0,140.0,41.0,19.0,11.0
64.0,135.0,20.0,18.0,11.0
206.0,301.0,65.0,83.0,36.0
63.0,313.0,84.0,117.0,76.0
96.0,480.0,151.0,366.0,283.0
421.0,999.0,526.0,841.0,722.0
59.0,273.0,66.0,66.0,31.0
84.0,519.0,103.0,538.0,151.0
98.0,273.0,139.0,64.0,266.0
130.0,312.0,151.0,100.0,283.0
38.0,171.0,45.0,25.0,8.0
59.0,292.0,69.0,79.0,32.0
100.0,480.0,126.0,286.0,222.0
20.0,289.0,22.0,2.0,4.0
43.0,197.0,52.0,36.0,20.0
29.0,193.0,30.0,30.0,8.0
65.0,351.0,77.0,125.0,53.0
20.0,296.0,78.0,80.0,53.0
74.0,353.0,88.0,138.0,109.0
49.0,191.0,57.0,47.0,24.0
33.0,163.0,48.0,22.0,14.0
77.0,375.0,87.0,130.0,107.0
205.0,304.0,71.0,88.0,37.0
421.0,330.0,783.0,558.0,963.0
48.0,228.0,56.0,41.0,22.0
100.0,518.0,151.0,366.0,289.0
78.0,347.0,90.0,137.0,118.0
63.0,222.0,100.0,37.0,20.0
49.0,348.0,87.0,135.0,107.0
91.0,517.0,114.0,223.0,177.0
80.0,265.0,62.0,62.0,28.0
71.0,330.0,85.0,117.0,78.0
21.0,241.0,0.0,2.0,0.0
45.0,217.0,55.0,36.0,22.0
231.0,528.0,182.0,550.0,417.0
91.0,171.0,114.0,36.0,20.0
59.0,313.0,69.0,87.0,36.0
33.0,241.0,69.0,47.0,24.0
46.0,228.0,56.0,41.0,22.0
96.0,164.0,44.0,22.0,14.0
37.0,237.0,39.0,38.0,22.0
58.0,278.0,63.0,67.0,31.0
160.0,353.0,124.0,152.0,205.0
186.0,232.0,182.0,558.0,417.0
38.0,313.0,48.0,36.0,20.0
29.0,353.0,27.0,148.0,8.0
100.0,173.0,151.0,2.0,3.0
96.0,353.0,120.0,138.0,173.0
79.0,296.0,71.0,81.0,35.0
59.0,273.0,66.0,66.0,30.0
427.0,181.0,68.0,62.0,29.0
58.0,247.0,60.0,57.0,26.0
43.0,217.0,20.0,2.0,1.0
160.0,165.0,40.0,19.0,11.0
71.0,335.0,85.0,118.0,78.0
206.0,404.0,226.0,622.0,509.0
51.0,306.0,59.0,52.0,25.0
20.0,205.0,66.0,62.0,28.0
37.0,343.0,52.0,36.0,20.0
33.0,223.0,55.0,37.0,21.0
197.0,517.0,175.0,428.0,344.0
335.0,308.0,480.0,93.0,613.0
64.0,284.0,68.0,76.0,32.0
63.0,308.0,72.0,93.0,42.0
43.0,589.0,226.0,538.0,416.0
33.0,122.0,40.0,18.0,11.0
100.0,474.0,147.0,290.0,266.0
699.0,205.0,55.0,36.0,22.0
61.0,171.0,71.0,93.0,42.0
53.0,223.0,58.0,37.0,26.0
48.0,339.0,56.0,57.0,22.0
315.0,528.0,291.0,538.0,613.0
999.0,589.0,999.0,558.0,999.0
65.0,312.0,76.0,97.0,53.0
59.0,265.0,62.0,62.0,28.0
43.0,167.0,52.0,25.0,17.0
27.0,160.0,27.0,3.0,7.0
80.0,437.0,139.0,214.0,157.0
421.0,335.0,526.0,118.0,73.0
213.0,337.0,68.0,118.0,33.0
102.0,337.0,153.0,121.0,89.0
34.0,163.0,44.0,23.0,15.0
43.0,217.0,51.0,36.0,20.0
43.0,193.0,52.0,34.0,20.0
79.0,265.0,65.0,62.0,30.0
92.0,449.0,121.0,226.0,287.0
29.0,140.0,36.0,22.0,14.0
100.0,296.0,145.0,30.0,19.0
20.0,178.0,52.0,30.0,19.0
61.0,233.0,71.0,88.0,37.0
92.0,226.0,54.0,38.0,20.0
27.0,469.0,54.0,36.0,20.0
63.0,228.0,74.0,37.0,21.0
61.0,148.0,71.0,22.0,14.0
955.0,167.0,237.0,25.0,17.0
24.0,226.0,24.0,37.0,24.0
59.0,273.0,66.0,66.0,32.0
71.0,348.0,85.0,131.0,101.0
28.0,226.0,27.0,7.0,7.0
160.0,325.0,165.0,115.0,73.0
128.0,205.0,107.0,153.0,157.0
315.0,437.0,92.0,148.0,119.0
34.0,153.0,55.0,22.0,14.0
231.0,348.0,367.0,135.0,602.0
91.0,314.0,116.0,195.0,174.0
67.0,347.0,78.0,133.0,107.0
35.0,164.0,44.0,30.0,19.0
489.0,397.0,604.0,172.0,139.0
37.0,165.0,47.0,23.0,15.0
35.0,163.0,45.0,22.0,14.0
29.0,76.0,36.0,7.0,8.0
91.0,273.0,114.0,66.0,30.0
96.0,520.0,116.0,213.0,170.0
683.0,303.0,189.0,81.0,22.0
73.0,283.0,76.0,72.0,33.0
63.0,273.0,74.0,62.0,47.0
186.0,14.0,182.0,558.0,429.0
59.0,283.0,66.0,72.0,31.0
43.0,268.0,52.0,50.0,24.0
335.0,236.0,352.0,386.0,334.0
50.0,273.0,63.0,64.0,29.0
72.0,375.0,86.0,172.0,128.0
37.0,165.0,48.0,23.0,15.0
81.0,312.0,96.0,97.0,44.0
197.0,252.0,200.0,13.0,429.0
427.0,252.0,514.0,36.0,22.0
20.0,296.0,20.0,81.0,35.0
215.0,236.0,69.0,62.0,35.0
59.0,282.0,66.0,72.0,31.0
