91.0,343.0,84.0,117.0,76.0
28.0,296.0,33.0,81.0,33.0
27.0,296.0,69.0,80.0,34.0
64.0,317.0,76.0,102.0,50.0
206.0,528.0,224.0,538.0,453.0
78.0,353.0,90.0,137.0,110.0
48.0,226.0,55.0,37.0,21.0
24.0,167.0,24.0,25.0,7.0
32.0,221.0,40.0,37.0,8.0
63.0,326.0,74.0,117.0,53.0
57.0,193.0,52.0,36.0,20.0
67.0,353.0,78.0,151.0,119.0
80.0,348.0,88.0,135.0,109.0
552.0,146.0,44.0,19.0,11.0
54.0,236.0,70.0,81.0,35.0
186.0,330.0,96.0,152.0,124.0
28.0,165.0,116.0,24.0,173.0
93.0,354.0,116.0,22.0,173.0
126.0,273.0,153.0,88.0,287.0
71.0,329.0,85.0,117.0,78.0
59.0,303.0,69.0,88.0,38.0
999.0,228.0,999.0,80.0,999.0
91.0,438.0,116.0,222.0,174.0
59.0,140.0,86.0,3.0,7.0
80.0,353.0,92.0,143.0,119.0
315.0,299.0,152.0,367.0,287.0
315.0,519.0,298.0,428.0,602.0
91.0,347.0,114.0,235.0,177.0
100.0,353.0,165.0,150.0,120.0
71.0,347.0,90.0,132.0,109.0
71.0,247.0,85.0,50.0,25.0
73.0,313.0,87.0,100.0,110.0
206.0,580.0,237.0,550.0,429.0
20.0,111.0,20.0,2.0,3.0
20.0,164.0,30.0,23.0,8.0
59.0,283.0,66.0,72.0,32.0
98.0,278.0,156.0,192.0,364.0
126.0,517.0,153.0,428.0,361.0
23.0,228.0,114.0,41.0,22.0
20.0,404.0,107.0,202.0,157.0
80.0,319.0,85.0,117.0,78.0
82.0,353.0,99.0,150.0,128.0
213.0,347.0,237.0,133.0,109.0
133.0,247.0,78.0,50.0,43.0
63.0,265.0,62.0,62.0,28.0
23.0,221.0,55.0,37.0,21.0
50.0,247.0,58.0,52.0,26.0
61.0,226.0,71.0,82.0,36.0
130.0,406.0,101.0,204.0,157.0
37.0,252.0,47.0,22.0,15.0
106.0,517.0,153.0,417.0,344.0
555.0,650.0,709.0,585.0,926.0
70.0,330.0,84.0,117.0,76.0
72.0,366.0,86.0,130.0,11.0
35.0,164.0,44.0,23.0,15.0
43.0,172.0,56.0,25.0,22.0
41.0,146.0,50.0,30.0,19.0
45.0,222.0,55.0,37.0,21.0
24.0,283.0,74.0,72.0,31.0
328.0,339.0,470.0,192.0,613.0
40.0,301.0,77.0,102.0,50.0
53.0,236.0,60.0,44.0,24.0
99.0,302.0,145.0,87.0,36.0
82.0,282.0,103.0,83.0,148.0
24.0,122.0,24.0,17.0,8.0
215.0,339.0,480.0,125.0,89.0
58.0,226.0,62.0,38.0,29.0
59.0,223.0,68.0,37.0,32.0
489.0,273.0,48.0,7.0,8.0
41.0,217.0,50.0,30.0,19.0
59.0,188.0,66.0,34.0,19.0
683.0,661.0,200.0,558.0,429.0
45.0,248.0,54.0,38.0,20.0
80.0,265.0,93.0,62.0,29.0
96.0,353.0,66.0,70.0,31.0
45.0,222.0,55.0,37.0,21.0
96.0,296.0,116.0,77.0,174.0
58.0,268.0,63.0,62.0,29.0
45.0,330.0,55.0,102.0,53.0
91.0,519.0,65.0,70.0,31.0
59.0,163.0,66.0,30.0,34.0
128.0,135.0,152.0,8.0,266.0
45.0,248.0,55.0,36.0,20.0
32.0,135.0,40.0,18.0,11.0
102.0,517.0,153.0,417.0,344.0
186.0,138.0,40.0,18.0,11.0
133.0,494.0,151.0,373.0,303.0
999.0,661.0,999.0,558.0,999.0
61.0,302.0,71.0,87.0,36.0
46.0,236.0,55.0,44.0,23.0
692.0,236.0,72.0,93.0,42.0
40.0,138.0,48.0,22.0,18.0
59.0,273.0,69.0,66.0,30.0
80.0,191.0,103.0,117.0,148.0
28.0,171.0,27.0,2.0,4.0
91.0,437.0,114.0,213.0,173.0
49.0,252.0,55.0,62.0,26.0
59.0,301.0,70.0,83.0,36.0
166.0,325.0,164.0,117.0,283.0
67.0,337.0,89.0,121.0,109.0
205.0,520.0,208.0,558.0,431.0
126.0,304.0,153.0,576.0,369.0
63.0,171.0,67.0,25.0,17.0
383.0,519.0,156.0,468.0,364.0
71.0,282.0,85.0,72.0,31.0
27.0,122.0,0.0,7.0,0.0
371.0,171.0,72.0,25.0,15.0
91.0,438.0,116.0,222.0,173.0
29.0,314.0,93.0,100.0,118.0
34.0,139.0,43.0,19.0,11.0
208.0,317.0,84.0,110.0,53.0
40.0,205.0,48.0,36.0,18.0
231.0,580.0,277.0,376.0,331.0
59.0,205.0,52.0,36.0,20.0
433.0,999.0,526.0,861.0,716.0
63.0,283.0,74.0,72.0,32.0
69.0,178.0,85.0,30.0,26.0
74.0,347.0,87.0,133.0,107.0
165.0,297.0,153.0,117.0,274.0
80.0,353.0,92.0,150.0,120.0
190.0,528.0,181.0,538.0,416.0
73.0,163.0,58.0,110.0,22.0
92.0,438.0,121.0,137.0,115.0
45.0,76.0,55.0,36.0,21.0
59.0,273.0,69.0,79.0,33.0
48.0,226.0,56.0,38.0,20.0
54.0,173.0,56.0,22.0,14.0
64.0,122.0,76.0,13.0,32.0
43.0,292.0,78.0,117.0,60.0
35.0,122.0,40.0,19.0,11.0
28.0,223.0,27.0,37.0,21.0
71.0,335.0,85.0,118.0,78.0
206.0,589.0,224.0,558.0,431.0
0.0,0.0,0.0,0.0,0.0
35.0,193.0,45.0,22.0,15.0
20.0,589.0,200.0,558.0,429.0
24.0,248.0,20.0,51.0,19.0
371.0,312.0,480.0,214.0,170.0
71.0,482.0,85.0,36.0,20.0
206.0,449.0,224.0,589.0,481.0
84.0,306.0,103.0,90.0,40.0
183.0,510.0,181.0,538.0,416.0
20.0,89.0,48.0,2.0,4.0
487.0,335.0,537.0,286.0,722.0
58.0,330.0,63.0,102.0,60.0
59.0,296.0,71.0,82.0,35.0
67.0,330.0,78.0,117.0,76.0
21.0,406.0,20.0,2.0,3.0
192.0,347.0,189.0,538.0,416.0
208.0,312.0,114.0,93.0,157.0
59.0,325.0,85.0,115.0,81.0
102.0,506.0,783.0,550.0,963.0
96.0,517.0,153.0,386.0,334.0
91.0,312.0,107.0,204.0,160.0
133.0,517.0,155.0,497.0,368.0
48.0,164.0,56.0,22.0,11.0
24.0,312.0,24.0,40.0,8.0
315.0,193.0,52.0,34.0,20.0
69.0,171.0,87.0,22.0,105.0
59.0,296.0,65.0,79.0,32.0
383.0,178.0,480.0,18.0,16.0
82.0,163.0,47.0,23.0,15.0
102.0,240.0,124.0,235.0,205.0
34.0,437.0,86.0,222.0,174.0
99.0,433.0,153.0,366.0,287.0
73.0,348.0,90.0,130.0,119.0
240.0,317.0,200.0,558.0,429.0
73.0,343.0,86.0,130.0,99.0
421.0,242.0,58.0,50.0,24.0
63.0,289.0,74.0,70.0,31.0
106.0,519.0,153.0,376.0,331.0
100.0,278.0,151.0,367.0,303.0
100.0,494.0,153.0,373.0,331.0
49.0,226.0,56.0,38.0,22.0
40.0,354.0,48.0,143.0,18.0
54.0,222.0,56.0,40.0,22.0
80.0,302.0,100.0,87.0,128.0
33.0,146.0,41.0,20.0,7.0
555.0,273.0,63.0,83.0,36.0
131.0,317.0,156.0,618.0,364.0
98.0,223.0,139.0,22.0,15.0
33.0,153.0,42.0,22.0,11.0
90.0,252.0,107.0,43.0,101.0
58.0,296.0,69.0,80.0,35.0
77.0,296.0,39.0,79.0,11.0
59.0,248.0,59.0,52.0,25.0
90.0,283.0,105.0,211.0,154.0
100.0,252.0,147.0,56.0,274.0
133.0,353.0,147.0,143.0,481.0
38.0,163.0,48.0,23.0,15.0
91.0,518.0,40.0,18.0,11.0
371.0,940.0,480.0,861.0,722.0
35.0,165.0,44.0,22.0,14.0
42.0,111.0,50.0,30.0,19.0
32.0,247.0,40.0,50.0,11.0
279.0,474.0,298.0,131.0,602.0
70.0,330.0,84.0,118.0,76.0
60.0,236.0,71.0,59.0,31.0
40.0,151.0,48.0,22.0,18.0
31.0,226.0,39.0,38.0,26.0
58.0,236.0,60.0,44.0,26.0
383.0,482.0,490.0,373.0,303.0
38.0,171.0,48.0,25.0,17.0
63.0,273.0,74.0,66.0,41.0
74.0,273.0,90.0,64.0,118.0
91.0,406.0,107.0,204.0,155.0
489.0,518.0,155.0,428.0,361.0
231.0,519.0,226.0,497.0,481.0
35.0,163.0,44.0,23.0,12.0
49.0,167.0,56.0,25.0,17.0
186.0,518.0,182.0,468.0,417.0
70.0,339.0,84.0,125.0,96.0
45.0,226.0,55.0,36.0,20.0
215.0,748.0,265.0,576.0,453.0
41.0,178.0,50.0,30.0,19.0
28.0,163.0,27.0,22.0,14.0
91.0,273.0,114.0,66.0,205.0
80.0,353.0,92.0,150.0,120.0
74.0,242.0,90.0,130.0,107.0
81.0,299.0,101.0,83.0,107.0
59.0,347.0,103.0,133.0,151.0
240.0,482.0,291.0,589.0,453.0
49.0,205.0,55.0,36.0,22.0
32.0,165.0,40.0,23.0,716.0
315.0,301.0,86.0,41.0,110.0
74.0,353.0,93.0,138.0,115.0
42.0,217.0,52.0,36.0,20.0
197.0,506.0,224.0,558.0,431.0
692.0,354.0,103.0,192.0,151.0
35.0,171.0,48.0,25.0,17.0
130.0,273.0,65.0,66.0,30.0
64.0,319.0,72.0,93.0,42.0
82.0,252.0,96.0,152.0,124.0
43.0,140.0,42.0,19.0,11.0
59.0,78.0,44.0,30.0,19.0
433.0,386.0,526.0,173.0,141.0
49.0,257.0,57.0,58.0,26.0
61.0,284.0,52.0,70.0,31.0
82.0,292.0,100.0,97.0,128.0
59.0,296.0,69.0,81.0,35.0
64.0,308.0,74.0,102.0,50.0
43.0,163.0,44.0,22.0,14.0
58.0,319.0,69.0,80.0,35.0
80.0,278.0,68.0,67.0,32.0
213.0,580.0,226.0,550.0,417.0
41.0,223.0,50.0,37.0,21.0
315.0,167.0,44.0,22.0,14.0
96.0,308.0,291.0,93.0,602.0
71.0,748.0,103.0,226.0,154.0
165.0,330.0,151.0,367.0,289.0
33.0,260.0,42.0,19.0,11.0
279.0,296.0,298.0,81.0,602.0
190.0,106.0,27.0,8.0,8.0
21.0,153.0,20.0,22.0,20.0
28.0,215.0,24.0,36.0,20.0
33.0,237.0,43.0,34.0,12.0
216.0,520.0,225.0,538.0,417.0
27.0,228.0,24.0,47.0,7.0
231.0,650.0,822.0,585.0,926.0
99.0,406.0,105.0,204.0,154.0
78.0,317.0,89.0,137.0,110.0
59.0,299.0,70.0,83.0,36.0
50.0,52.0,58.0,58.0,26.0
77.0,313.0,90.0,100.0,118.0
46.0,241.0,55.0,43.0,22.0
28.0,188.0,30.0,30.0,8.0
45.0,193.0,55.0,34.0,20.0
35.0,528.0,44.0,538.0,386.0
77.0,302.0,22.0,137.0,8.0
42.0,337.0,50.0,121.0,41.0
49.0,240.0,57.0,47.0,24.0
33.0,148.0,41.0,18.0,11.0
28.0,296.0,33.0,7.0,8.0
46.0,228.0,55.0,41.0,22.0
206.0,308.0,226.0,93.0,509.0
91.0,438.0,120.0,222.0,177.0
555.0,167.0,709.0,25.0,926.0
53.0,248.0,60.0,59.0,26.0
28.0,353.0,27.0,7.0,7.0
28.0,116.0,33.0,17.0,8.0
34.0,171.0,44.0,23.0,14.0
28.0,116.0,30.0,13.0,8.0
59.0,240.0,68.0,47.0,25.0
77.0,347.0,90.0,132.0,107.0
98.0,306.0,77.0,97.0,43.0
58.0,312.0,62.0,62.0,28.0
96.0,437.0,107.0,214.0,157.0
63.0,217.0,74.0,36.0,20.0
130.0,248.0,157.0,52.0,368.0
206.0,650.0,224.0,585.0,453.0
102.0,520.0,152.0,538.0,567.0
54.0,148.0,153.0,309.0,331.0
71.0,406.0,86.0,204.0,99.0
35.0,193.0,44.0,34.0,20.0
427.0,240.0,57.0,47.0,24.0
52.0,167.0,48.0,25.0,17.0
96.0,449.0,124.0,226.0,205.0
35.0,284.0,61.0,72.0,31.0
53.0,301.0,60.0,88.0,37.0
32.0,138.0,40.0,19.0,11.0
59.0,296.0,69.0,80.0,35.0
28.0,122.0,30.0,17.0,8.0
63.0,301.0,73.0,93.0,43.0
47.0,228.0,55.0,41.0,22.0
78.0,437.0,90.0,214.0,118.0
79.0,353.0,93.0,150.0,120.0
78.0,353.0,90.0,148.0,118.0
82.0,178.0,101.0,168.0,154.0
64.0,449.0,78.0,226.0,181.0
91.0,308.0,114.0,202.0,154.0
213.0,312.0,244.0,622.0,509.0
21.0,76.0,20.0,3.0,3.0
74.0,268.0,86.0,202.0,101.0
27.0,122.0,33.0,17.0,8.0
48.0,236.0,56.0,44.0,24.0
46.0,306.0,69.0,83.0,36.0
91.0,339.0,101.0,125.0,99.0
205.0,282.0,352.0,861.0,602.0
64.0,314.0,76.0,100.0,49.0
102.0,519.0,157.0,497.0,368.0
49.0,233.0,57.0,37.0,24.0
33.0,228.0,42.0,41.0,22.0
166.0,273.0,164.0,806.0,368.0
49.0,506.0,58.0,50.0,24.0
69.0,146.0,48.0,22.0,11.0
28.0,122.0,27.0,8.0,7.0
128.0,518.0,157.0,468.0,368.0
102.0,178.0,47.0,23.0,15.0
65.0,348.0,78.0,88.0,37.0
487.0,178.0,200.0,58.0,8.0
47.0,172.0,55.0,36.0,22.0
48.0,236.0,56.0,44.0,23.0
699.0,122.0,783.0,17.0,8.0
100.0,25.0,69.0,17.0,35.0
285.0,247.0,324.0,50.0,602.0
59.0,284.0,67.0,72.0,32.0
190.0,329.0,226.0,22.0,14.0
74.0,163.0,87.0,133.0,109.0
28.0,140.0,24.0,3.0,7.0
74.0,306.0,85.0,30.0,19.0
95.0,589.0,145.0,558.0,429.0
32.0,138.0,40.0,18.0,11.0
29.0,314.0,36.0,18.0,11.0
555.0,940.0,709.0,558.0,963.0
61.0,273.0,66.0,66.0,31.0
45.0,191.0,55.0,34.0,20.0
100.0,517.0,155.0,428.0,364.0
78.0,510.0,90.0,130.0,101.0
383.0,284.0,490.0,77.0,623.0
49.0,178.0,58.0,30.0,24.0
90.0,156.0,107.0,3.0,7.0
32.0,151.0,40.0,18.0,11.0
63.0,163.0,48.0,22.0,22.0
31.0,215.0,44.0,36.0,20.0
21.0,122.0,30.0,18.0,8.0
74.0,138.0,67.0,19.0,11.0
51.0,248.0,59.0,52.0,25.0
79.0,375.0,84.0,172.0,157.0
955.0,215.0,34.0,36.0,25.0
70.0,449.0,84.0,226.0,181.0
63.0,197.0,71.0,36.0,24.0
96.0,661.0,324.0,753.0,602.0
128.0,494.0,153.0,386.0,334.0
315.0,296.0,352.0,82.0,613.0
328.0,494.0,470.0,585.0,963.0
57.0,217.0,55.0,37.0,21.0
35.0,178.0,45.0,30.0,19.0
91.0,296.0,114.0,152.0,124.0
39.0,167.0,48.0,25.0,17.0
98.0,165.0,137.0,22.0,7.0
72.0,278.0,86.0,67.0,283.0
102.0,236.0,60.0,44.0,26.0
64.0,122.0,57.0,37.0,22.0
77.0,221.0,87.0,37.0,38.0
64.0,346.0,77.0,130.0,89.0
100.0,241.0,149.0,17.0,287.0
59.0,299.0,70.0,82.0,36.0
59.0,226.0,55.0,37.0,21.0
383.0,164.0,490.0,22.0,567.0
45.0,233.0,55.0,41.0,22.0
95.0,314.0,124.0,290.0,205.0
91.0,233.0,114.0,226.0,173.0
999.0,151.0,999.0,22.0,999.0
133.0,326.0,70.0,115.0,36.0
43.0,351.0,103.0,138.0,148.0
60.0,292.0,71.0,82.0,36.0
58.0,273.0,63.0,64.0,29.0
91.0,404.0,105.0,204.0,155.0
78.0,353.0,90.0,150.0,118.0
78.0,335.0,96.0,152.0,124.0
215.0,178.0,56.0,30.0,19.0
80.0,296.0,93.0,150.0,120.0
98.0,348.0,66.0,52.0,25.0
92.0,178.0,120.0,133.0,107.0
98.0,406.0,124.0,204.0,155.0
49.0,233.0,57.0,37.0,21.0
20.0,283.0,114.0,77.0,35.0
78.0,160.0,90.0,151.0,123.0
240.0,353.0,291.0,148.0,567.0
421.0,146.0,208.0,22.0,368.0
82.0,469.0,107.0,286.0,155.0
166.0,122.0,175.0,2.0,3.0
70.0,330.0,84.0,117.0,76.0
82.0,386.0,101.0,173.0,141.0
216.0,650.0,225.0,589.0,453.0
82.0,353.0,101.0,138.0,139.0
81.0,140.0,33.0,19.0,8.0
213.0,518.0,157.0,376.0,303.0
82.0,301.0,103.0,83.0,36.0
67.0,319.0,78.0,102.0,53.0
67.0,312.0,78.0,100.0,44.0
49.0,236.0,56.0,44.0,23.0
61.0,299.0,72.0,102.0,42.0
59.0,301.0,70.0,83.0,36.0
24.0,178.0,24.0,30.0,19.0
33.0,140.0,39.0,19.0,11.0
29.0,165.0,41.0,22.0,11.0
43.0,193.0,52.0,36.0,20.0
28.0,237.0,33.0,45.0,8.0
279.0,302.0,298.0,87.0,36.0
35.0,296.0,58.0,57.0,26.0
52.0,252.0,59.0,57.0,26.0
50.0,248.0,58.0,51.0,25.0
699.0,25.0,182.0,550.0,417.0
59.0,283.0,69.0,72.0,34.0
61.0,268.0,68.0,62.0,31.0
96.0,197.0,33.0,36.0,20.0
206.0,247.0,58.0,51.0,25.0
40.0,172.0,48.0,27.0,18.0
37.0,366.0,76.0,153.0,118.0
29.0,228.0,36.0,41.0,24.0
49.0,146.0,58.0,20.0,11.0
29.0,330.0,44.0,22.0,14.0
63.0,325.0,68.0,77.0,32.0
35.0,172.0,45.0,26.0,16.0
91.0,240.0,57.0,47.0,24.0
80.0,76.0,99.0,2.0,128.0
59.0,330.0,70.0,117.0,36.0
49.0,240.0,55.0,37.0,21.0
64.0,510.0,86.0,150.0,120.0
552.0,163.0,244.0,22.0,14.0
20.0,52.0,20.0,2.0,3.0
100.0,494.0,151.0,367.0,289.0
74.0,222.0,87.0,37.0,21.0
999.0,301.0,999.0,550.0,999.0
69.0,181.0,84.0,117.0,76.0
90.0,353.0,107.0,57.0,26.0
38.0,164.0,48.0,25.0,17.0
77.0,353.0,89.0,172.0,139.0
78.0,232.0,90.0,19.0,11.0
160.0,404.0,181.0,538.0,416.0
64.0,199.0,76.0,118.0,44.0
28.0,312.0,74.0,100.0,47.0
206.0,353.0,277.0,148.0,119.0
40.0,248.0,52.0,36.0,20.0
28.0,283.0,33.0,72.0,8.0
48.0,319.0,73.0,102.0,50.0
51.0,312.0,59.0,52.0,25.0
99.0,482.0,147.0,367.0,283.0
99.0,122.0,147.0,17.0,8.0
59.0,325.0,69.0,72.0,31.0
80.0,347.0,87.0,133.0,107.0
28.0,111.0,27.0,7.0,7.0
78.0,347.0,90.0,137.0,118.0
64.0,302.0,72.0,90.0,40.0
58.0,314.0,76.0,100.0,49.0
53.0,257.0,60.0,58.0,26.0
692.0,151.0,728.0,22.0,14.0
84.0,438.0,116.0,214.0,173.0
49.0,248.0,59.0,51.0,25.0
552.0,437.0,298.0,213.0,567.0
77.0,232.0,56.0,41.0,22.0
78.0,348.0,90.0,153.0,118.0
130.0,517.0,153.0,428.0,344.0
77.0,278.0,65.0,67.0,31.0
45.0,222.0,55.0,37.0,21.0
100.0,518.0,151.0,428.0,303.0
20.0,14.0,9.0,1.0,1.0
41.0,153.0,48.0,22.0,14.0
29.0,226.0,48.0,22.0,13.0
279.0,52.0,298.0,753.0,579.0
91.0,228.0,126.0,40.0,8.0
67.0,354.0,78.0,143.0,107.0
240.0,517.0,155.0,428.0,361.0
61.0,312.0,71.0,90.0,40.0
552.0,386.0,123.0,173.0,141.0
59.0,306.0,73.0,88.0,43.0
42.0,226.0,51.0,59.0,19.0
192.0,247.0,59.0,50.0,25.0
59.0,301.0,70.0,83.0,36.0
91.0,329.0,114.0,286.0,222.0
59.0,241.0,69.0,2.0,1.0
999.0,237.0,999.0,45.0,999.0
59.0,273.0,66.0,67.0,31.0
231.0,289.0,77.0,72.0,31.0
59.0,215.0,63.0,51.0,26.0
328.0,163.0,470.0,22.0,24.0
166.0,194.0,52.0,36.0,20.0
40.0,233.0,48.0,36.0,18.0
58.0,304.0,63.0,62.0,29.0
91.0,437.0,116.0,214.0,173.0
92.0,346.0,101.0,131.0,101.0
63.0,146.0,88.0,22.0,124.0
77.0,273.0,84.0,67.0,32.0
92.0,163.0,47.0,22.0,15.0
315.0,437.0,352.0,214.0,173.0
33.0,193.0,51.0,34.0,20.0
48.0,386.0,56.0,41.0,22.0
100.0,520.0,149.0,386.0,287.0
80.0,353.0,89.0,148.0,119.0
35.0,146.0,44.0,22.0,10.0
82.0,335.0,103.0,202.0,155.0
46.0,296.0,68.0,81.0,32.0
133.0,474.0,152.0,367.0,287.0
183.0,647.0,181.0,576.0,417.0
61.0,304.0,71.0,83.0,36.0
955.0,282.0,55.0,52.0,22.0
33.0,241.0,57.0,47.0,24.0
131.0,528.0,151.0,373.0,289.0
69.0,171.0,66.0,25.0,18.0
24.0,172.0,24.0,27.0,18.0
208.0,292.0,153.0,79.0,34.0
165.0,366.0,99.0,153.0,128.0
231.0,252.0,324.0,43.0,602.0
197.0,632.0,200.0,558.0,431.0
130.0,353.0,152.0,150.0,283.0
59.0,306.0,69.0,88.0,36.0
49.0,165.0,84.0,23.0,14.0
43.0,221.0,51.0,36.0,20.0
59.0,296.0,69.0,81.0,38.0
70.0,296.0,84.0,88.0,37.0
999.0,589.0,999.0,558.0,999.0
40.0,173.0,48.0,28.0,18.0
40.0,173.0,48.0,28.0,18.0
80.0,236.0,58.0,44.0,23.0
33.0,140.0,41.0,19.0,11.0
72.0,301.0,86.0,100.0,107.0
82.0,469.0,103.0,290.0,151.0
34.0,273.0,68.0,66.0,32.0
38.0,163.0,43.0,22.0,11.0
487.0,517.0,526.0,861.0,716.0
328.0,661.0,470.0,585.0,926.0
99.0,116.0,114.0,202.0,155.0
98.0,397.0,143.0,290.0,266.0
40.0,301.0,63.0,62.0,29.0
82.0,354.0,96.0,151.0,123.0
61.0,242.0,71.0,59.0,41.0
40.0,167.0,48.0,25.0,17.0
78.0,347.0,90.0,130.0,118.0
48.0,232.0,56.0,41.0,22.0
240.0,351.0,121.0,138.0,173.0
766.0,314.0,822.0,100.0,49.0
98.0,148.0,145.0,22.0,12.0
45.0,178.0,55.0,30.0,19.0
48.0,167.0,56.0,25.0,24.0
67.0,339.0,78.0,102.0,50.0
61.0,306.0,71.0,131.0,110.0
71.0,247.0,85.0,50.0,24.0
74.0,236.0,87.0,202.0,155.0
91.0,445.0,116.0,211.0,177.0
183.0,197.0,165.0,36.0,364.0
70.0,197.0,84.0,30.0,76.0
49.0,223.0,56.0,37.0,21.0
20.0,510.0,22.0,2.0,4.0
27.0,171.0,27.0,7.0,7.0
240.0,241.0,153.0,47.0,331.0
35.0,236.0,44.0,18.0,11.0
49.0,160.0,58.0,22.0,24.0
21.0,517.0,20.0,538.0,8.0
215.0,217.0,55.0,37.0,21.0
98.0,217.0,149.0,36.0,99.0
84.0,353.0,116.0,143.0,119.0
206.0,197.0,74.0,36.0,20.0
84.0,217.0,55.0,37.0,21.0
71.0,302.0,84.0,87.0,36.0
92.0,438.0,120.0,222.0,177.0
190.0,156.0,47.0,22.0,14.0
183.0,284.0,181.0,550.0,417.0
45.0,122.0,55.0,10.0,8.0
279.0,445.0,298.0,428.0,361.0
99.0,517.0,153.0,417.0,344.0
335.0,146.0,480.0,841.0,613.0
49.0,191.0,51.0,34.0,17.0
35.0,138.0,44.0,19.0,11.0
91.0,406.0,114.0,204.0,155.0
79.0,353.0,92.0,143.0,118.0
100.0,304.0,74.0,88.0,49.0
100.0,205.0,151.0,36.0,20.0
166.0,240.0,58.0,50.0,24.0
48.0,160.0,56.0,27.0,23.0
33.0,301.0,9.0,79.0,34.0
205.0,589.0,157.0,558.0,368.0
54.0,292.0,60.0,59.0,26.0
126.0,306.0,153.0,93.0,40.0
28.0,437.0,27.0,2.0,6.0
78.0,661.0,100.0,589.0,120.0
80.0,297.0,69.0,82.0,36.0
71.0,237.0,86.0,45.0,21.0
63.0,292.0,66.0,79.0,33.0
20.0,319.0,70.0,102.0,50.0
683.0,647.0,709.0,585.0,926.0
59.0,313.0,66.0,93.0,35.0
71.0,335.0,85.0,118.0,78.0
91.0,330.0,101.0,130.0,222.0
38.0,122.0,48.0,19.0,18.0
205.0,528.0,181.0,538.0,416.0
54.0,240.0,66.0,47.0,24.0
999.0,589.0,999.0,550.0,999.0
28.0,397.0,27.0,8.0,7.0
57.0,292.0,66.0,79.0,31.0
32.0,317.0,27.0,2.0,4.0
80.0,260.0,123.0,235.0,194.0
63.0,156.0,92.0,152.0,120.0
28.0,178.0,30.0,30.0,19.0
197.0,236.0,145.0,44.0,274.0
186.0,647.0,182.0,585.0,417.0
20.0,25.0,0.0,2.0,0.0
91.0,346.0,114.0,131.0,44.0
31.0,178.0,90.0,30.0,19.0
96.0,248.0,58.0,50.0,24.0
206.0,301.0,226.0,88.0,37.0
91.0,438.0,116.0,222.0,173.0
80.0,240.0,99.0,47.0,26.0
82.0,223.0,101.0,37.0,21.0
46.0,233.0,55.0,44.0,23.0
90.0,339.0,84.0,125.0,96.0
165.0,494.0,147.0,309.0,274.0
31.0,354.0,50.0,30.0,19.0
82.0,194.0,99.0,36.0,128.0
130.0,520.0,155.0,497.0,364.0
59.0,226.0,65.0,62.0,30.0
33.0,226.0,41.0,38.0,19.0
131.0,520.0,157.0,585.0,368.0
285.0,165.0,189.0,23.0,14.0
37.0,165.0,47.0,23.0,15.0
102.0,517.0,153.0,417.0,344.0
43.0,217.0,52.0,36.0,20.0
62.0,292.0,71.0,79.0,35.0
28.0,160.0,27.0,3.0,89.0
20.0,437.0,107.0,214.0,160.0
256.0,366.0,89.0,226.0,181.0
48.0,228.0,56.0,47.0,24.0
279.0,165.0,298.0,24.0,12.0
80.0,296.0,96.0,152.0,124.0
63.0,252.0,71.0,18.0,11.0
57.0,296.0,62.0,93.0,29.0
35.0,165.0,44.0,23.0,14.0
43.0,282.0,66.0,72.0,31.0
53.0,236.0,58.0,44.0,23.0
80.0,351.0,93.0,125.0,81.0
73.0,165.0,87.0,22.0,331.0
96.0,223.0,120.0,40.0,173.0
47.0,221.0,55.0,37.0,21.0
37.0,237.0,52.0,44.0,19.0
59.0,301.0,70.0,83.0,36.0
43.0,237.0,56.0,44.0,24.0
40.0,165.0,48.0,23.0,18.0
95.0,437.0,123.0,235.0,194.0
23.0,178.0,49.0,30.0,19.0
335.0,354.0,480.0,168.0,613.0
90.0,437.0,114.0,213.0,170.0
955.0,236.0,822.0,44.0,22.0
21.0,78.0,20.0,2.0,6.0
999.0,519.0,999.0,497.0,999.0
315.0,116.0,324.0,13.0,567.0
206.0,580.0,224.0,558.0,431.0
84.0,353.0,103.0,202.0,154.0
59.0,217.0,68.0,36.0,32.0
34.0,240.0,57.0,47.0,24.0
21.0,268.0,20.0,2.0,3.0
78.0,221.0,90.0,62.0,118.0
165.0,494.0,147.0,367.0,266.0
78.0,354.0,90.0,151.0,118.0
91.0,296.0,103.0,211.0,157.0
96.0,178.0,20.0,2.0,3.0
39.0,302.0,49.0,87.0,36.0
59.0,292.0,72.0,100.0,38.0
43.0,116.0,52.0,17.0,21.0
61.0,292.0,71.0,83.0,36.0
206.0,528.0,224.0,538.0,417.0
35.0,151.0,44.0,22.0,14.0
70.0,325.0,84.0,115.0,76.0
692.0,437.0,107.0,214.0,173.0
35.0,151.0,44.0,22.0,11.0
86.0,348.0,89.0,135.0,110.0
67.0,314.0,78.0,100.0,60.0
71.0,329.0,85.0,118.0,78.0
49.0,247.0,56.0,50.0,24.0
131.0,520.0,165.0,538.0,386.0
37.0,282.0,47.0,17.0,15.0
70.0,205.0,83.0,36.0,20.0
140.0,160.0,226.0,22.0,481.0
45.0,217.0,55.0,37.0,21.0
427.0,353.0,480.0,538.0,623.0
383.0,999.0,490.0,999.0,657.0
100.0,386.0,149.0,353.0,283.0
28.0,173.0,33.0,30.0,8.0
90.0,406.0,107.0,204.0,155.0
32.0,197.0,34.0,2.0,6.0
71.0,304.0,85.0,77.0,33.0
50.0,265.0,60.0,62.0,26.0
28.0,197.0,30.0,22.0,8.0
63.0,301.0,72.0,83.0,41.0
206.0,302.0,225.0,558.0,417.0
34.0,347.0,324.0,115.0,602.0
58.0,228.0,63.0,41.0,22.0
65.0,284.0,78.0,77.0,44.0
43.0,194.0,51.0,30.0,19.0
186.0,273.0,182.0,64.0,26.0
53.0,354.0,60.0,151.0,26.0
59.0,255.0,69.0,83.0,35.0
43.0,236.0,52.0,43.0,22.0
61.0,303.0,71.0,88.0,37.0
49.0,241.0,58.0,43.0,24.0
54.0,257.0,59.0,57.0,24.0
54.0,282.0,66.0,67.0,31.0
91.0,164.0,36.0,23.0,15.0
59.0,173.0,66.0,30.0,19.0
59.0,282.0,66.0,67.0,31.0
61.0,292.0,72.0,79.0,60.0
215.0,404.0,291.0,373.0,331.0
47.0,215.0,55.0,36.0,22.0
72.0,248.0,86.0,62.0,101.0
29.0,217.0,34.0,17.0,8.0
216.0,247.0,189.0,30.0,16.0
40.0,167.0,48.0,25.0,18.0
24.0,146.0,24.0,22.0,13.0
100.0,650.0,151.0,589.0,453.0
60.0,306.0,71.0,88.0,35.0
60.0,351.0,71.0,130.0,33.0
70.0,240.0,69.0,79.0,34.0
91.0,375.0,114.0,213.0,170.0
20.0,284.0,101.0,211.0,157.0
28.0,156.0,27.0,7.0,7.0
165.0,299.0,164.0,83.0,369.0
294.0,404.0,116.0,192.0,177.0
205.0,223.0,55.0,37.0,21.0
71.0,252.0,71.0,88.0,37.0
80.0,193.0,51.0,34.0,20.0
240.0,580.0,298.0,550.0,999.0
96.0,289.0,66.0,62.0,31.0
102.0,517.0,157.0,428.0,361.0
71.0,330.0,86.0,118.0,96.0
42.0,589.0,52.0,34.0,20.0
71.0,278.0,66.0,67.0,31.0
861.0,296.0,526.0,861.0,722.0
33.0,140.0,41.0,19.0,11.0
192.0,226.0,51.0,37.0,21.0
78.0,437.0,87.0,214.0,128.0
489.0,260.0,44.0,22.0,14.0
98.0,480.0,145.0,367.0,289.0
71.0,265.0,85.0,118.0,78.0
256.0,296.0,157.0,81.0,369.0
102.0,156.0,152.0,2.0,6.0
371.0,248.0,514.0,50.0,24.0
59.0,301.0,69.0,83.0,36.0
70.0,52.0,83.0,17.0,8.0
95.0,354.0,123.0,211.0,157.0
32.0,194.0,40.0,18.0,11.0
43.0,248.0,55.0,51.0,25.0
699.0,517.0,152.0,376.0,331.0
51.0,252.0,59.0,52.0,25.0
91.0,445.0,107.0,223.0,177.0
91.0,171.0,143.0,25.0,266.0
42.0,301.0,24.0,18.0,10.0
197.0,171.0,208.0,558.0,431.0
71.0,194.0,85.0,36.0,20.0
489.0,319.0,78.0,102.0,53.0
98.0,242.0,92.0,50.0,24.0
80.0,347.0,100.0,132.0,105.0
52.0,173.0,59.0,28.0,18.0
40.0,375.0,67.0,172.0,148.0
91.0,260.0,24.0,3.0,7.0
100.0,135.0,149.0,151.0,123.0
59.0,297.0,67.0,81.0,32.0
59.0,299.0,62.0,52.0,25.0
49.0,528.0,57.0,22.0,24.0
279.0,303.0,298.0,115.0,579.0
67.0,312.0,78.0,100.0,53.0
489.0,273.0,537.0,62.0,722.0
699.0,650.0,783.0,585.0,963.0
45.0,222.0,55.0,37.0,21.0
43.0,205.0,52.0,36.0,20.0
60.0,240.0,71.0,47.0,24.0
91.0,228.0,56.0,38.0,24.0
190.0,474.0,189.0,23.0,15.0
206.0,647.0,226.0,576.0,477.0
64.0,314.0,76.0,100.0,49.0
91.0,404.0,114.0,192.0,128.0
215.0,510.0,277.0,376.0,567.0
106.0,482.0,153.0,366.0,344.0
20.0,139.0,30.0,19.0,11.0
59.0,282.0,66.0,72.0,31.0
487.0,236.0,604.0,309.0,283.0
92.0,313.0,87.0,82.0,107.0
29.0,165.0,33.0,23.0,8.0
91.0,304.0,71.0,88.0,37.0
213.0,296.0,244.0,806.0,509.0
59.0,278.0,69.0,77.0,33.0
133.0,661.0,225.0,618.0,481.0
279.0,289.0,298.0,77.0,623.0
61.0,236.0,56.0,44.0,23.0
206.0,241.0,237.0,59.0,368.0
61.0,76.0,77.0,7.0,26.0
43.0,165.0,52.0,34.0,20.0
38.0,171.0,48.0,25.0,17.0
59.0,237.0,59.0,45.0,24.0
96.0,647.0,182.0,585.0,417.0
552.0,506.0,604.0,376.0,567.0
91.0,282.0,120.0,72.0,416.0
59.0,306.0,68.0,77.0,33.0
59.0,273.0,63.0,64.0,29.0
489.0,193.0,55.0,34.0,20.0
100.0,330.0,149.0,117.0,417.0
91.0,151.0,107.0,22.0,154.0
92.0,236.0,27.0,44.0,25.0
41.0,178.0,50.0,30.0,19.0
96.0,354.0,126.0,150.0,274.0
49.0,228.0,56.0,41.0,22.0
91.0,474.0,157.0,235.0,368.0
197.0,302.0,189.0,80.0,33.0
240.0,353.0,99.0,152.0,124.0
77.0,339.0,52.0,34.0,20.0
21.0,106.0,24.0,7.0,6.0
38.0,240.0,48.0,47.0,24.0
91.0,312.0,83.0,100.0,49.0
70.0,339.0,86.0,125.0,96.0
52.0,247.0,59.0,50.0,26.0
73.0,494.0,85.0,366.0,128.0
28.0,111.0,33.0,13.0,8.0
487.0,282.0,66.0,70.0,31.0
0.0,0.0,0.0,0.0,0.0
165.0,226.0,182.0,618.0,417.0
91.0,437.0,116.0,214.0,173.0
32.0,236.0,40.0,45.0,11.0
59.0,296.0,69.0,79.0,32.0
39.0,519.0,182.0,538.0,416.0
552.0,292.0,69.0,82.0,35.0
96.0,273.0,124.0,213.0,205.0
35.0,173.0,49.0,22.0,19.0
213.0,580.0,224.0,550.0,477.0
31.0,312.0,39.0,22.0,12.0
206.0,520.0,208.0,538.0,429.0
28.0,106.0,27.0,18.0,11.0
91.0,632.0,114.0,589.0,453.0
40.0,283.0,48.0,72.0,18.0
99.0,178.0,145.0,36.0,20.0
49.0,226.0,58.0,36.0,24.0
71.0,330.0,85.0,117.0,78.0
100.0,116.0,151.0,13.0,289.0
70.0,205.0,84.0,36.0,20.0
100.0,314.0,151.0,93.0,43.0
59.0,343.0,66.0,79.0,34.0
240.0,397.0,265.0,192.0,567.0
45.0,217.0,55.0,37.0,21.0
38.0,153.0,39.0,22.0,10.0
65.0,164.0,42.0,23.0,12.0
33.0,160.0,41.0,18.0,11.0
215.0,314.0,237.0,102.0,50.0
315.0,343.0,86.0,131.0,101.0
186.0,314.0,181.0,115.0,417.0
206.0,273.0,226.0,66.0,19.0
133.0,406.0,226.0,204.0,155.0
40.0,165.0,45.0,22.0,15.0
80.0,354.0,93.0,172.0,115.0
21.0,330.0,69.0,117.0,53.0
60.0,301.0,71.0,83.0,36.0
59.0,297.0,67.0,77.0,32.0
71.0,329.0,85.0,118.0,78.0
99.0,265.0,143.0,90.0,40.0
77.0,343.0,85.0,130.0,109.0
231.0,580.0,182.0,550.0,417.0
53.0,312.0,72.0,90.0,40.0
71.0,335.0,85.0,118.0,78.0
65.0,437.0,77.0,88.0,38.0
49.0,222.0,56.0,37.0,22.0
42.0,226.0,50.0,38.0,19.0
53.0,292.0,71.0,79.0,35.0
315.0,205.0,33.0,3.0,7.0
215.0,482.0,153.0,376.0,303.0
100.0,197.0,151.0,373.0,303.0
216.0,265.0,62.0,52.0,25.0
62.0,438.0,73.0,121.0,43.0
421.0,146.0,40.0,20.0,11.0
40.0,167.0,48.0,25.0,18.0
72.0,242.0,87.0,135.0,107.0
190.0,351.0,208.0,558.0,431.0
186.0,517.0,182.0,538.0,416.0
82.0,445.0,103.0,213.0,148.0
82.0,89.0,103.0,17.0,151.0
165.0,76.0,27.0,3.0,7.0
61.0,172.0,71.0,27.0,16.0
427.0,188.0,92.0,34.0,128.0
20.0,228.0,55.0,41.0,22.0
80.0,0.0,99.0,0.0,128.0
555.0,748.0,709.0,589.0,926.0
59.0,297.0,69.0,81.0,35.0
77.0,348.0,88.0,135.0,107.0
206.0,589.0,225.0,558.0,477.0
37.0,265.0,56.0,62.0,24.0
96.0,178.0,65.0,67.0,31.0
20.0,273.0,65.0,66.0,30.0
98.0,273.0,55.0,66.0,30.0
82.0,348.0,96.0,152.0,124.0
72.0,284.0,86.0,79.0,33.0
27.0,228.0,48.0,41.0,18.0
192.0,265.0,182.0,589.0,477.0
205.0,528.0,189.0,538.0,416.0
78.0,236.0,114.0,45.0,24.0
35.0,167.0,44.0,25.0,15.0
59.0,292.0,69.0,79.0,32.0
206.0,348.0,224.0,135.0,115.0
28.0,122.0,30.0,13.0,8.0
49.0,375.0,61.0,52.0,25.0
90.0,314.0,72.0,90.0,40.0
41.0,233.0,50.0,30.0,19.0
206.0,172.0,52.0,27.0,18.0
29.0,14.0,34.0,36.0,19.0
59.0,296.0,70.0,82.0,36.0
24.0,116.0,24.0,3.0,7.0
206.0,445.0,225.0,213.0,177.0
21.0,302.0,20.0,2.0,3.0
43.0,236.0,55.0,40.0,24.0
186.0,520.0,182.0,538.0,416.0
21.0,153.0,20.0,22.0,12.0
38.0,163.0,48.0,22.0,15.0
487.0,217.0,514.0,7.0,8.0
98.0,319.0,137.0,102.0,53.0
46.0,240.0,56.0,47.0,24.0
54.0,260.0,57.0,47.0,24.0
86.0,314.0,76.0,100.0,49.0
766.0,140.0,41.0,19.0,11.0
70.0,217.0,84.0,37.0,76.0
45.0,247.0,54.0,50.0,24.0
766.0,199.0,822.0,36.0,20.0
683.0,386.0,107.0,173.0,141.0
31.0,146.0,39.0,20.0,11.0
433.0,647.0,526.0,585.0,716.0
80.0,292.0,93.0,10.0,7.0
28.0,193.0,30.0,18.0,8.0
38.0,329.0,48.0,117.0,60.0
45.0,354.0,55.0,40.0,22.0
82.0,348.0,99.0,135.0,205.0
59.0,222.0,54.0,36.0,20.0
186.0,469.0,151.0,286.0,222.0
59.0,296.0,69.0,81.0,35.0
70.0,329.0,84.0,117.0,76.0
102.0,517.0,155.0,428.0,361.0
53.0,247.0,58.0,50.0,24.0
35.0,165.0,44.0,22.0,14.0
215.0,437.0,277.0,214.0,160.0
82.0,386.0,105.0,173.0,154.0
999.0,178.0,999.0,30.0,999.0
63.0,273.0,78.0,62.0,53.0
102.0,433.0,152.0,376.0,303.0
49.0,193.0,56.0,34.0,19.0
861.0,163.0,39.0,22.0,12.0
487.0,178.0,537.0,30.0,722.0
49.0,217.0,55.0,36.0,18.0
315.0,252.0,291.0,52.0,25.0
45.0,106.0,55.0,36.0,20.0
62.0,106.0,72.0,3.0,41.0
91.0,438.0,114.0,222.0,174.0
40.0,228.0,87.0,41.0,105.0
20.0,106.0,0.0,1.0,0.0
489.0,199.0,54.0,36.0,20.0
215.0,517.0,265.0,550.0,567.0
315.0,283.0,78.0,125.0,53.0
28.0,138.0,30.0,18.0,11.0
51.0,330.0,59.0,52.0,25.0
43.0,205.0,52.0,36.0,20.0
861.0,354.0,99.0,151.0,123.0
54.0,247.0,59.0,52.0,25.0
21.0,191.0,9.0,36.0,20.0
51.0,248.0,59.0,57.0,26.0
65.0,329.0,77.0,102.0,53.0
47.0,353.0,55.0,50.0,26.0
65.0,306.0,78.0,93.0,41.0
79.0,257.0,60.0,58.0,26.0
861.0,339.0,822.0,132.0,101.0
98.0,241.0,83.0,47.0,24.0
190.0,580.0,182.0,550.0,417.0
63.0,650.0,72.0,93.0,42.0
128.0,260.0,120.0,57.0,26.0
63.0,282.0,74.0,72.0,31.0
166.0,506.0,175.0,373.0,331.0
315.0,178.0,27.0,30.0,18.0
49.0,308.0,72.0,93.0,41.0
48.0,236.0,56.0,44.0,23.0
82.0,78.0,103.0,3.0,148.0
54.0,284.0,68.0,77.0,33.0
78.0,347.0,88.0,133.0,109.0
20.0,482.0,139.0,235.0,260.0
59.0,284.0,78.0,77.0,35.0
77.0,273.0,87.0,121.0,107.0
0.0,240.0,0.0,37.0,0.0
70.0,346.0,86.0,131.0,101.0
28.0,247.0,30.0,50.0,24.0
91.0,343.0,114.0,213.0,160.0
45.0,217.0,55.0,37.0,21.0
328.0,474.0,470.0,806.0,613.0
78.0,353.0,90.0,150.0,120.0
54.0,517.0,61.0,62.0,29.0
33.0,178.0,50.0,30.0,19.0
80.0,330.0,65.0,118.0,33.0
371.0,314.0,120.0,100.0,177.0
205.0,353.0,90.0,148.0,110.0
43.0,240.0,48.0,47.0,26.0
80.0,437.0,99.0,222.0,128.0
206.0,347.0,224.0,93.0,12.0
82.0,217.0,41.0,19.0,10.0
69.0,330.0,84.0,117.0,76.0
78.0,354.0,90.0,151.0,118.0
699.0,301.0,164.0,83.0,369.0
45.0,215.0,54.0,36.0,20.0
81.0,347.0,103.0,133.0,148.0
315.0,519.0,157.0,497.0,368.0
40.0,273.0,48.0,93.0,18.0
58.0,308.0,72.0,93.0,41.0
71.0,354.0,86.0,153.0,96.0
59.0,223.0,69.0,37.0,21.0
45.0,215.0,55.0,37.0,21.0
53.0,347.0,59.0,132.0,36.0
80.0,353.0,93.0,148.0,119.0
61.0,301.0,71.0,83.0,36.0
45.0,240.0,55.0,37.0,21.0
91.0,406.0,116.0,235.0,194.0
64.0,265.0,60.0,62.0,26.0
41.0,188.0,50.0,30.0,19.0
21.0,194.0,24.0,2.0,3.0
63.0,278.0,68.0,81.0,35.0
67.0,163.0,78.0,22.0,14.0
53.0,257.0,60.0,57.0,26.0
20.0,148.0,20.0,152.0,1.0
21.0,78.0,22.0,2.0,4.0
59.0,308.0,70.0,87.0,36.0
46.0,160.0,55.0,27.0,18.0
20.0,52.0,0.0,1.0,0.0
131.0,191.0,156.0,386.0,364.0
28.0,191.0,33.0,17.0,8.0
32.0,156.0,44.0,22.0,14.0
692.0,517.0,152.0,428.0,344.0
53.0,265.0,60.0,57.0,26.0
70.0,337.0,84.0,102.0,50.0
42.0,25.0,124.0,204.0,177.0
48.0,228.0,56.0,41.0,22.0
38.0,165.0,48.0,23.0,15.0
43.0,221.0,50.0,36.0,19.0
421.0,111.0,24.0,10.0,8.0
100.0,122.0,153.0,17.0,368.0
133.0,25.0,152.0,1.0,0.0
93.0,222.0,55.0,37.0,21.0
59.0,273.0,69.0,66.0,30.0
48.0,354.0,116.0,150.0,205.0
80.0,353.0,87.0,150.0,105.0
60.0,148.0,71.0,22.0,19.0
216.0,178.0,39.0,23.0,11.0
43.0,221.0,52.0,37.0,21.0
215.0,339.0,69.0,125.0,35.0
20.0,297.0,20.0,100.0,32.0
29.0,122.0,34.0,17.0,8.0
69.0,302.0,77.0,87.0,50.0
49.0,236.0,56.0,45.0,22.0
213.0,375.0,244.0,172.0,266.0
48.0,252.0,56.0,62.0,22.0
102.0,301.0,149.0,83.0,283.0
328.0,165.0,470.0,25.0,602.0
24.0,122.0,20.0,22.0,12.0
64.0,326.0,76.0,100.0,49.0
50.0,163.0,52.0,36.0,20.0
67.0,354.0,78.0,151.0,123.0
45.0,226.0,55.0,38.0,22.0
95.0,353.0,123.0,148.0,41.0
77.0,353.0,90.0,150.0,119.0
48.0,265.0,56.0,62.0,22.0
49.0,242.0,58.0,50.0,24.0
47.0,194.0,55.0,37.0,21.0
82.0,301.0,101.0,83.0,148.0
90.0,284.0,107.0,70.0,205.0
33.0,171.0,41.0,25.0,11.0
43.0,193.0,52.0,34.0,20.0
215.0,78.0,470.0,18.0,623.0
99.0,278.0,143.0,76.0,128.0
165.0,343.0,103.0,130.0,110.0
106.0,375.0,153.0,172.0,141.0
47.0,241.0,55.0,47.0,22.0
99.0,242.0,52.0,36.0,20.0
59.0,330.0,69.0,80.0,35.0
35.0,228.0,44.0,51.0,24.0
59.0,304.0,69.0,77.0,33.0
59.0,289.0,69.0,79.0,34.0
45.0,241.0,55.0,36.0,22.0
54.0,317.0,60.0,62.0,26.0
133.0,297.0,44.0,88.0,38.0
102.0,282.0,151.0,72.0,31.0
65.0,283.0,77.0,72.0,31.0
130.0,361.0,153.0,204.0,344.0
95.0,237.0,123.0,45.0,160.0
54.0,273.0,60.0,66.0,26.0
183.0,163.0,181.0,22.0,429.0
63.0,255.0,71.0,58.0,26.0
91.0,273.0,114.0,226.0,177.0
166.0,326.0,225.0,115.0,602.0
100.0,482.0,151.0,366.0,289.0
63.0,241.0,74.0,47.0,24.0
59.0,284.0,69.0,76.0,32.0
427.0,469.0,537.0,841.0,722.0
59.0,284.0,66.0,67.0,31.0
35.0,292.0,44.0,79.0,32.0
43.0,222.0,55.0,37.0,21.0
29.0,240.0,63.0,45.0,26.0
38.0,163.0,48.0,22.0,15.0
59.0,178.0,69.0,30.0,35.0
59.0,236.0,65.0,47.0,30.0
79.0,237.0,92.0,45.0,118.0
91.0,329.0,116.0,132.0,177.0
215.0,518.0,526.0,468.0,716.0
91.0,330.0,116.0,117.0,173.0
33.0,240.0,42.0,19.0,11.0
74.0,312.0,87.0,97.0,44.0
216.0,353.0,277.0,121.0,154.0
100.0,76.0,151.0,2.0,4.0
84.0,248.0,105.0,376.0,331.0
98.0,386.0,137.0,173.0,141.0
216.0,353.0,265.0,148.0,579.0
285.0,228.0,324.0,41.0,22.0
82.0,241.0,99.0,41.0,124.0
48.0,228.0,56.0,41.0,22.0
131.0,518.0,157.0,428.0,368.0
315.0,999.0,480.0,999.0,657.0
78.0,242.0,90.0,152.0,118.0
45.0,217.0,55.0,37.0,21.0
60.0,299.0,71.0,83.0,36.0
92.0,437.0,121.0,222.0,181.0
328.0,284.0,470.0,286.0,222.0
58.0,337.0,63.0,121.0,89.0
46.0,233.0,55.0,43.0,22.0
71.0,289.0,116.0,213.0,170.0
73.0,312.0,84.0,117.0,76.0
100.0,236.0,149.0,44.0,303.0
49.0,282.0,58.0,45.0,24.0
91.0,314.0,76.0,100.0,49.0
35.0,163.0,45.0,22.0,14.0
77.0,330.0,88.0,117.0,157.0
59.0,167.0,65.0,25.0,16.0
102.0,519.0,156.0,428.0,364.0
213.0,510.0,244.0,622.0,509.0
54.0,178.0,60.0,30.0,19.0
78.0,314.0,76.0,100.0,49.0
279.0,215.0,298.0,36.0,303.0
77.0,296.0,101.0,82.0,139.0
71.0,517.0,86.0,417.0,344.0
166.0,438.0,175.0,290.0,222.0
315.0,301.0,72.0,83.0,35.0
54.0,76.0,0.0,2.0,0.0
21.0,25.0,20.0,2.0,3.0
33.0,139.0,41.0,19.0,11.0
59.0,240.0,66.0,47.0,24.0
315.0,517.0,155.0,428.0,361.0
73.0,506.0,120.0,376.0,386.0
34.0,296.0,60.0,117.0,26.0
82.0,353.0,103.0,148.0,148.0
96.0,474.0,145.0,309.0,266.0
40.0,282.0,66.0,72.0,31.0
20.0,146.0,56.0,41.0,22.0
99.0,325.0,145.0,115.0,73.0
82.0,241.0,57.0,47.0,24.0
91.0,326.0,89.0,115.0,110.0
28.0,153.0,44.0,22.0,13.0
21.0,194.0,56.0,30.0,19.0
427.0,999.0,514.0,999.0,657.0
58.0,265.0,63.0,62.0,29.0
70.0,226.0,84.0,37.0,76.0
74.0,173.0,88.0,26.0,17.0
67.0,241.0,78.0,133.0,81.0
79.0,354.0,92.0,153.0,123.0
58.0,247.0,58.0,50.0,24.0
205.0,171.0,490.0,25.0,623.0
61.0,308.0,71.0,90.0,40.0
81.0,278.0,83.0,67.0,31.0
61.0,406.0,103.0,204.0,148.0
51.0,248.0,59.0,51.0,24.0
59.0,284.0,69.0,77.0,35.0
34.0,151.0,44.0,22.0,13.0
61.0,319.0,71.0,102.0,36.0
42.0,178.0,50.0,30.0,19.0
335.0,299.0,470.0,806.0,613.0
24.0,135.0,24.0,2.0,6.0
65.0,283.0,77.0,131.0,105.0
128.0,404.0,153.0,386.0,334.0
91.0,292.0,9.0,79.0,34.0
63.0,308.0,77.0,100.0,50.0
32.0,146.0,40.0,18.0,11.0
59.0,255.0,65.0,58.0,30.0
215.0,193.0,208.0,558.0,431.0
59.0,282.0,63.0,62.0,29.0
315.0,661.0,54.0,36.0,20.0
71.0,337.0,85.0,118.0,78.0
240.0,268.0,352.0,77.0,613.0
91.0,122.0,116.0,17.0,177.0
23.0,167.0,30.0,25.0,15.0
699.0,313.0,783.0,93.0,963.0
91.0,346.0,116.0,222.0,174.0
78.0,330.0,90.0,117.0,76.0
27.0,76.0,27.0,2.0,6.0
215.0,314.0,277.0,83.0,567.0
45.0,240.0,55.0,37.0,21.0
861.0,299.0,145.0,83.0,36.0
96.0,437.0,116.0,213.0,173.0
43.0,148.0,77.0,22.0,13.0
82.0,292.0,237.0,79.0,36.0
130.0,517.0,153.0,386.0,334.0
35.0,273.0,44.0,22.0,14.0
79.0,353.0,92.0,148.0,120.0
62.0,647.0,224.0,585.0,453.0
95.0,406.0,123.0,204.0,194.0
100.0,519.0,151.0,841.0,303.0
28.0,260.0,69.0,59.0,25.0
45.0,226.0,55.0,38.0,21.0
192.0,589.0,189.0,558.0,429.0
91.0,265.0,114.0,97.0,157.0
80.0,494.0,152.0,50.0,24.0
80.0,111.0,153.0,8.0,369.0
71.0,330.0,85.0,118.0,78.0
91.0,438.0,116.0,222.0,174.0
552.0,265.0,69.0,62.0,29.0
102.0,397.0,153.0,558.0,431.0
160.0,140.0,164.0,19.0,369.0
433.0,165.0,490.0,23.0,18.0
315.0,197.0,56.0,36.0,24.0
28.0,312.0,27.0,18.0,11.0
208.0,647.0,237.0,576.0,477.0
183.0,329.0,123.0,117.0,60.0
766.0,661.0,182.0,550.0,417.0
91.0,351.0,116.0,213.0,170.0
54.0,240.0,60.0,47.0,24.0
100.0,339.0,145.0,125.0,567.0
28.0,178.0,22.0,30.0,19.0
65.0,330.0,85.0,117.0,81.0
65.0,348.0,78.0,135.0,53.0
999.0,650.0,999.0,576.0,999.0
58.0,153.0,63.0,22.0,29.0
35.0,313.0,45.0,100.0,49.0
98.0,438.0,139.0,222.0,177.0
128.0,164.0,145.0,22.0,14.0
59.0,236.0,67.0,44.0,23.0
371.0,226.0,526.0,37.0,716.0
692.0,517.0,709.0,589.0,926.0
60.0,437.0,70.0,82.0,36.0
49.0,335.0,74.0,118.0,44.0
427.0,999.0,526.0,861.0,716.0
45.0,193.0,55.0,34.0,20.0
45.0,167.0,48.0,25.0,17.0
166.0,528.0,175.0,538.0,416.0
72.0,223.0,86.0,37.0,21.0
49.0,308.0,56.0,90.0,24.0
28.0,339.0,27.0,34.0,8.0
130.0,329.0,156.0,135.0,109.0
45.0,248.0,55.0,37.0,21.0
45.0,197.0,74.0,118.0,78.0
80.0,193.0,107.0,34.0,20.0
54.0,242.0,59.0,45.0,24.0
215.0,164.0,47.0,23.0,15.0
63.0,248.0,71.0,50.0,25.0
81.0,193.0,83.0,7.0,22.0
73.0,330.0,86.0,118.0,89.0
54.0,296.0,60.0,59.0,26.0
92.0,319.0,99.0,17.0,128.0
100.0,164.0,47.0,23.0,15.0
91.0,438.0,114.0,213.0,170.0
128.0,303.0,137.0,100.0,47.0
63.0,292.0,69.0,79.0,34.0
78.0,375.0,90.0,172.0,139.0
91.0,178.0,114.0,30.0,8.0
35.0,140.0,43.0,19.0,11.0
40.0,226.0,55.0,40.0,33.0
38.0,122.0,153.0,30.0,331.0
41.0,173.0,50.0,28.0,18.0
692.0,517.0,783.0,538.0,963.0
160.0,661.0,164.0,558.0,431.0
54.0,247.0,61.0,36.0,24.0
91.0,386.0,114.0,223.0,174.0
126.0,255.0,153.0,622.0,509.0
90.0,255.0,107.0,223.0,155.0
45.0,240.0,56.0,43.0,24.0
59.0,297.0,69.0,80.0,35.0
86.0,330.0,105.0,117.0,154.0
766.0,122.0,57.0,17.0,24.0
78.0,146.0,90.0,18.0,11.0
28.0,282.0,27.0,72.0,8.0
96.0,194.0,121.0,77.0,194.0
40.0,171.0,49.0,26.0,11.0
64.0,228.0,78.0,47.0,24.0
50.0,247.0,58.0,50.0,25.0
64.0,330.0,76.0,118.0,60.0
61.0,171.0,71.0,25.0,17.0
33.0,140.0,41.0,19.0,11.0
41.0,178.0,50.0,30.0,19.0
328.0,205.0,470.0,36.0,613.0
91.0,528.0,116.0,223.0,174.0
100.0,76.0,147.0,3.0,274.0
100.0,236.0,56.0,44.0,24.0
0.0,25.0,0.0,2.0,0.0
49.0,226.0,58.0,37.0,24.0
65.0,347.0,92.0,133.0,107.0
91.0,188.0,107.0,22.0,154.0
699.0,178.0,50.0,30.0,19.0
65.0,354.0,93.0,151.0,123.0
72.0,140.0,85.0,58.0,26.0
231.0,386.0,151.0,173.0,303.0
294.0,650.0,226.0,618.0,481.0
80.0,347.0,105.0,152.0,124.0
91.0,518.0,116.0,468.0,173.0
78.0,437.0,116.0,222.0,174.0
67.0,474.0,78.0,290.0,53.0
71.0,335.0,85.0,118.0,78.0
71.0,339.0,86.0,125.0,96.0
31.0,153.0,42.0,22.0,14.0
45.0,217.0,55.0,37.0,21.0
421.0,397.0,604.0,59.0,481.0
206.0,661.0,225.0,618.0,481.0
31.0,199.0,49.0,36.0,20.0
80.0,650.0,99.0,589.0,128.0
54.0,226.0,56.0,37.0,22.0
98.0,248.0,105.0,51.0,154.0
59.0,273.0,66.0,66.0,31.0
63.0,303.0,72.0,88.0,42.0
79.0,314.0,85.0,102.0,123.0
285.0,228.0,324.0,41.0,602.0
62.0,314.0,72.0,100.0,49.0
43.0,273.0,52.0,34.0,20.0
80.0,346.0,96.0,152.0,124.0
190.0,580.0,182.0,550.0,386.0
60.0,205.0,71.0,36.0,20.0
205.0,228.0,226.0,36.0,24.0
96.0,353.0,124.0,150.0,120.0
80.0,165.0,101.0,23.0,15.0
98.0,0.0,0.0,0.0,0.0
208.0,138.0,237.0,8.0,274.0
433.0,223.0,48.0,38.0,18.0
208.0,510.0,151.0,367.0,289.0
59.0,330.0,66.0,67.0,31.0
91.0,406.0,114.0,214.0,170.0
165.0,632.0,182.0,558.0,417.0
63.0,296.0,74.0,81.0,35.0
294.0,146.0,24.0,22.0,30.0
35.0,506.0,45.0,22.0,13.0
100.0,482.0,783.0,367.0,963.0
21.0,301.0,9.0,80.0,33.0
78.0,165.0,90.0,23.0,118.0
35.0,156.0,44.0,22.0,14.0
65.0,297.0,78.0,81.0,53.0
42.0,222.0,55.0,37.0,21.0
98.0,404.0,137.0,202.0,303.0
20.0,146.0,48.0,20.0,14.0
42.0,165.0,48.0,23.0,16.0
65.0,52.0,76.0,77.0,50.0
205.0,647.0,208.0,558.0,431.0
70.0,301.0,83.0,87.0,36.0
43.0,292.0,52.0,90.0,40.0
54.0,296.0,62.0,79.0,33.0
285.0,236.0,22.0,2.0,4.0
47.0,226.0,55.0,38.0,22.0
65.0,317.0,77.0,102.0,50.0
61.0,273.0,63.0,64.0,29.0
35.0,215.0,44.0,36.0,14.0
63.0,222.0,66.0,37.0,22.0
20.0,165.0,103.0,24.0,148.0
70.0,172.0,85.0,2.0,3.0
93.0,449.0,120.0,226.0,181.0
489.0,240.0,526.0,130.0,716.0
45.0,282.0,55.0,83.0,22.0
72.0,197.0,86.0,47.0,32.0
91.0,449.0,116.0,226.0,174.0
73.0,226.0,101.0,22.0,101.0
48.0,232.0,56.0,41.0,22.0
82.0,353.0,101.0,152.0,124.0
33.0,296.0,41.0,62.0,29.0
766.0,284.0,822.0,76.0,623.0
59.0,265.0,69.0,62.0,29.0
43.0,197.0,52.0,36.0,20.0
28.0,308.0,36.0,2.0,3.0
59.0,296.0,69.0,82.0,35.0
59.0,296.0,65.0,67.0,31.0
90.0,330.0,107.0,118.0,155.0
21.0,122.0,34.0,17.0,8.0
552.0,296.0,66.0,81.0,35.0
42.0,589.0,224.0,558.0,579.0
183.0,520.0,181.0,538.0,416.0
130.0,284.0,153.0,56.0,42.0
692.0,265.0,208.0,115.0,266.0
206.0,308.0,225.0,88.0,37.0
41.0,228.0,50.0,41.0,22.0
102.0,237.0,153.0,41.0,22.0
60.0,301.0,71.0,83.0,36.0
43.0,217.0,52.0,37.0,21.0
78.0,314.0,90.0,100.0,118.0
59.0,226.0,65.0,37.0,20.0
315.0,469.0,96.0,152.0,123.0
28.0,139.0,47.0,22.0,15.0
59.0,236.0,70.0,62.0,35.0
63.0,233.0,74.0,90.0,40.0
38.0,165.0,48.0,24.0,16.0
40.0,156.0,49.0,22.0,12.0
190.0,528.0,181.0,538.0,416.0
43.0,233.0,52.0,59.0,31.0
82.0,474.0,101.0,290.0,266.0
91.0,308.0,114.0,77.0,155.0
91.0,172.0,61.0,8.0,8.0
98.0,282.0,103.0,80.0,148.0
371.0,0.0,480.0,2.0,4.0
70.0,299.0,84.0,80.0,33.0
39.0,205.0,48.0,36.0,20.0
206.0,312.0,225.0,97.0,53.0
90.0,406.0,107.0,204.0,157.0
433.0,517.0,526.0,861.0,722.0
21.0,255.0,30.0,70.0,31.0
140.0,519.0,164.0,468.0,369.0
90.0,437.0,107.0,222.0,177.0
58.0,257.0,63.0,62.0,29.0
40.0,354.0,48.0,151.0,18.0
126.0,494.0,153.0,428.0,344.0
59.0,240.0,66.0,47.0,24.0
59.0,228.0,66.0,47.0,22.0
999.0,647.0,999.0,585.0,999.0
93.0,433.0,116.0,223.0,174.0
33.0,146.0,41.0,20.0,11.0
126.0,661.0,153.0,286.0,344.0
328.0,193.0,470.0,34.0,20.0
90.0,406.0,107.0,192.0,148.0
80.0,317.0,74.0,102.0,110.0
91.0,233.0,69.0,43.0,35.0
197.0,528.0,189.0,538.0,429.0
165.0,313.0,157.0,214.0,368.0
33.0,303.0,42.0,100.0,11.0
28.0,296.0,27.0,23.0,7.0
78.0,438.0,86.0,214.0,89.0
63.0,386.0,72.0,102.0,42.0
78.0,353.0,90.0,138.0,118.0
78.0,302.0,90.0,87.0,64.0
51.0,228.0,59.0,41.0,24.0
45.0,325.0,55.0,37.0,21.0
82.0,353.0,101.0,151.0,119.0
20.0,353.0,20.0,168.0,110.0
53.0,292.0,59.0,70.0,31.0
45.0,217.0,54.0,36.0,20.0
42.0,217.0,52.0,34.0,20.0
206.0,232.0,225.0,585.0,477.0
27.0,163.0,27.0,22.0,7.0
24.0,151.0,24.0,18.0,6.0
50.0,138.0,58.0,22.0,14.0
59.0,296.0,68.0,81.0,33.0
70.0,308.0,84.0,93.0,42.0
552.0,265.0,67.0,66.0,32.0
73.0,650.0,87.0,618.0,96.0
427.0,304.0,145.0,36.0,266.0
70.0,329.0,84.0,117.0,76.0
28.0,122.0,33.0,17.0,8.0
427.0,528.0,480.0,841.0,613.0
279.0,165.0,298.0,24.0,579.0
59.0,199.0,69.0,30.0,26.0
61.0,296.0,71.0,88.0,37.0
133.0,164.0,145.0,23.0,15.0
192.0,528.0,120.0,538.0,416.0
65.0,314.0,77.0,100.0,49.0
32.0,164.0,47.0,23.0,15.0
96.0,528.0,147.0,538.0,416.0
42.0,165.0,44.0,23.0,14.0
29.0,146.0,36.0,22.0,13.0
256.0,482.0,182.0,373.0,417.0
49.0,193.0,55.0,34.0,20.0
39.0,171.0,48.0,25.0,17.0
33.0,165.0,43.0,23.0,11.0
59.0,292.0,69.0,79.0,34.0
92.0,140.0,121.0,8.0,155.0
98.0,480.0,149.0,366.0,289.0
59.0,301.0,69.0,79.0,32.0
73.0,438.0,87.0,132.0,107.0
21.0,252.0,36.0,57.0,151.0
78.0,353.0,90.0,143.0,118.0
208.0,228.0,72.0,36.0,20.0
190.0,339.0,224.0,195.0,151.0
91.0,386.0,124.0,173.0,205.0
206.0,226.0,226.0,618.0,481.0
63.0,301.0,20.0,3.0,4.0
43.0,284.0,74.0,77.0,19.0
41.0,236.0,56.0,44.0,24.0
555.0,325.0,709.0,806.0,716.0
64.0,313.0,77.0,100.0,49.0
91.0,217.0,55.0,36.0,24.0
28.0,273.0,30.0,37.0,8.0
552.0,580.0,224.0,558.0,431.0
71.0,347.0,85.0,132.0,107.0
102.0,517.0,153.0,417.0,344.0
59.0,217.0,70.0,41.0,18.0
100.0,480.0,149.0,366.0,274.0
46.0,226.0,44.0,38.0,21.0
683.0,650.0,709.0,589.0,926.0
65.0,228.0,78.0,37.0,41.0
53.0,292.0,58.0,79.0,35.0
192.0,273.0,84.0,64.0,64.0
192.0,297.0,151.0,366.0,287.0
41.0,194.0,50.0,36.0,20.0
552.0,386.0,822.0,173.0,141.0
102.0,589.0,182.0,558.0,417.0
91.0,351.0,101.0,137.0,115.0
51.0,257.0,59.0,52.0,25.0
67.0,296.0,78.0,102.0,50.0
102.0,0.0,151.0,1.0,287.0
100.0,510.0,149.0,376.0,289.0
33.0,353.0,71.0,77.0,33.0
100.0,482.0,151.0,366.0,289.0
54.0,312.0,56.0,76.0,32.0
35.0,146.0,39.0,22.0,11.0
328.0,222.0,480.0,37.0,21.0
45.0,205.0,52.0,36.0,20.0
69.0,255.0,68.0,58.0,30.0
32.0,138.0,40.0,19.0,11.0
28.0,171.0,27.0,25.0,8.0
48.0,138.0,56.0,19.0,10.0
59.0,222.0,78.0,37.0,22.0
205.0,217.0,182.0,18.0,60.0
315.0,292.0,74.0,79.0,33.0
48.0,236.0,56.0,44.0,24.0
63.0,353.0,74.0,110.0,44.0
100.0,296.0,151.0,80.0,35.0
77.0,343.0,89.0,131.0,109.0
61.0,347.0,72.0,132.0,43.0
190.0,172.0,83.0,27.0,19.0
315.0,940.0,367.0,841.0,613.0
91.0,406.0,107.0,204.0,155.0
190.0,589.0,208.0,558.0,431.0
45.0,217.0,55.0,37.0,21.0
59.0,308.0,68.0,90.0,40.0
186.0,386.0,147.0,2.0,274.0
82.0,348.0,93.0,137.0,115.0
43.0,240.0,61.0,22.0,11.0
59.0,346.0,69.0,80.0,35.0
64.0,284.0,76.0,77.0,49.0
33.0,122.0,41.0,17.0,12.0
93.0,386.0,123.0,173.0,181.0
74.0,0.0,87.0,130.0,105.0
58.0,228.0,55.0,40.0,22.0
80.0,197.0,20.0,36.0,20.0
80.0,375.0,100.0,172.0,139.0
91.0,248.0,116.0,51.0,25.0
71.0,284.0,86.0,56.0,73.0
692.0,325.0,324.0,117.0,567.0
100.0,520.0,149.0,468.0,287.0
82.0,386.0,101.0,173.0,141.0
81.0,240.0,126.0,47.0,23.0
427.0,260.0,526.0,861.0,716.0
49.0,308.0,58.0,56.0,24.0
160.0,519.0,164.0,497.0,369.0
62.0,317.0,71.0,90.0,40.0
52.0,252.0,59.0,56.0,26.0
43.0,153.0,52.0,43.0,15.0
215.0,273.0,224.0,66.0,453.0
58.0,265.0,63.0,62.0,29.0
71.0,335.0,85.0,118.0,78.0
70.0,215.0,30.0,36.0,8.0
49.0,165.0,54.0,36.0,20.0
51.0,297.0,59.0,52.0,25.0
43.0,343.0,90.0,130.0,118.0
59.0,122.0,65.0,22.0,14.0
50.0,247.0,58.0,50.0,24.0
81.0,353.0,103.0,148.0,119.0
78.0,303.0,77.0,88.0,38.0
33.0,156.0,44.0,22.0,14.0
45.0,228.0,56.0,41.0,22.0
91.0,257.0,116.0,58.0,173.0
74.0,353.0,86.0,148.0,120.0
28.0,278.0,123.0,223.0,177.0
70.0,330.0,84.0,117.0,76.0
82.0,335.0,103.0,168.0,128.0
59.0,252.0,69.0,59.0,35.0
38.0,217.0,48.0,23.0,15.0
91.0,397.0,114.0,192.0,151.0
80.0,346.0,164.0,497.0,368.0
43.0,193.0,52.0,34.0,20.0
80.0,111.0,103.0,7.0,151.0
59.0,301.0,70.0,83.0,36.0
699.0,301.0,86.0,57.0,26.0
231.0,284.0,277.0,93.0,567.0
240.0,284.0,291.0,93.0,567.0
59.0,325.0,87.0,115.0,110.0
489.0,153.0,514.0,17.0,722.0
59.0,268.0,63.0,56.0,26.0
96.0,474.0,126.0,290.0,386.0
28.0,111.0,27.0,3.0,7.0
91.0,171.0,114.0,25.0,14.0
98.0,480.0,137.0,353.0,283.0
29.0,296.0,69.0,81.0,35.0
315.0,240.0,57.0,47.0,24.0
59.0,302.0,71.0,87.0,38.0
206.0,301.0,224.0,558.0,431.0
294.0,146.0,324.0,20.0,602.0
91.0,438.0,116.0,222.0,174.0
54.0,292.0,60.0,79.0,24.0
58.0,265.0,63.0,62.0,30.0
64.0,314.0,74.0,100.0,49.0
49.0,240.0,57.0,47.0,24.0
59.0,292.0,69.0,79.0,35.0
70.0,319.0,84.0,36.0,20.0
57.0,252.0,62.0,58.0,29.0
59.0,302.0,63.0,87.0,36.0
102.0,181.0,152.0,841.0,722.0
57.0,273.0,71.0,66.0,32.0
20.0,292.0,100.0,79.0,32.0
256.0,138.0,490.0,19.0,623.0
186.0,199.0,182.0,558.0,431.0
63.0,223.0,72.0,37.0,18.0
285.0,111.0,48.0,8.0,16.0
77.0,319.0,89.0,102.0,110.0
20.0,302.0,78.0,88.0,38.0
34.0,164.0,39.0,23.0,15.0
60.0,164.0,71.0,23.0,15.0
71.0,330.0,85.0,118.0,78.0
59.0,283.0,67.0,70.0,31.0
27.0,469.0,56.0,153.0,24.0
21.0,283.0,67.0,72.0,32.0
53.0,282.0,66.0,67.0,31.0
861.0,647.0,709.0,585.0,926.0
216.0,226.0,107.0,38.0,155.0
102.0,25.0,9.0,2.0,1.0
70.0,330.0,84.0,117.0,76.0
61.0,173.0,74.0,28.0,47.0
33.0,171.0,47.0,22.0,15.0
63.0,308.0,74.0,88.0,40.0
72.0,330.0,86.0,118.0,107.0
80.0,361.0,99.0,152.0,124.0
59.0,303.0,84.0,81.0,35.0
58.0,283.0,61.0,72.0,35.0
34.0,122.0,41.0,19.0,11.0
80.0,308.0,99.0,93.0,124.0
190.0,153.0,51.0,30.0,19.0
31.0,999.0,39.0,18.0,10.0
91.0,520.0,165.0,538.0,386.0
59.0,292.0,69.0,79.0,35.0
29.0,122.0,34.0,17.0,8.0
61.0,304.0,71.0,88.0,37.0
70.0,226.0,72.0,62.0,26.0
48.0,226.0,56.0,38.0,22.0
80.0,375.0,99.0,172.0,128.0
90.0,437.0,107.0,214.0,155.0
91.0,517.0,155.0,428.0,361.0
59.0,223.0,69.0,37.0,21.0
100.0,528.0,151.0,376.0,303.0
51.0,242.0,59.0,47.0,26.0
315.0,265.0,86.0,62.0,29.0
79.0,353.0,93.0,150.0,120.0
487.0,165.0,537.0,23.0,722.0
69.0,171.0,84.0,25.0,17.0
98.0,273.0,137.0,235.0,194.0
699.0,580.0,783.0,589.0,963.0
58.0,335.0,63.0,118.0,78.0
71.0,151.0,86.0,22.0,15.0
206.0,317.0,76.0,102.0,50.0
216.0,217.0,30.0,37.0,8.0
427.0,437.0,526.0,223.0,174.0
95.0,449.0,123.0,235.0,194.0
47.0,282.0,55.0,222.0,22.0
29.0,171.0,48.0,25.0,17.0
59.0,265.0,69.0,57.0,26.0
140.0,517.0,164.0,386.0,369.0
43.0,165.0,45.0,24.0,14.0
315.0,351.0,85.0,100.0,49.0
21.0,301.0,20.0,2.0,3.0
73.0,260.0,62.0,62.0,28.0
77.0,348.0,89.0,135.0,110.0
54.0,240.0,60.0,62.0,26.0
63.0,297.0,74.0,88.0,44.0
59.0,296.0,66.0,81.0,36.0
371.0,122.0,27.0,17.0,8.0
50.0,236.0,58.0,58.0,25.0
33.0,304.0,86.0,90.0,50.0
54.0,265.0,63.0,62.0,29.0
91.0,354.0,114.0,223.0,157.0
71.0,329.0,85.0,115.0,73.0
80.0,283.0,59.0,58.0,26.0
40.0,171.0,48.0,25.0,17.0
34.0,308.0,55.0,93.0,41.0
328.0,296.0,470.0,83.0,22.0
102.0,650.0,152.0,373.0,283.0
21.0,140.0,22.0,2.0,4.0
31.0,178.0,39.0,30.0,12.0
20.0,283.0,30.0,72.0,8.0
59.0,193.0,69.0,34.0,24.0
33.0,139.0,30.0,19.0,8.0
692.0,632.0,822.0,558.0,999.0
96.0,308.0,124.0,93.0,205.0
0.0,528.0,0.0,1.0,0.0
37.0,148.0,36.0,22.0,13.0
489.0,181.0,50.0,47.0,19.0
69.0,255.0,83.0,58.0,148.0
48.0,265.0,56.0,62.0,26.0
45.0,283.0,72.0,72.0,32.0
216.0,217.0,514.0,37.0,344.0
29.0,247.0,33.0,50.0,8.0
692.0,632.0,480.0,366.0,331.0
27.0,173.0,49.0,28.0,18.0
20.0,273.0,24.0,66.0,30.0
78.0,308.0,86.0,93.0,96.0
100.0,510.0,151.0,376.0,303.0
29.0,193.0,36.0,34.0,20.0
90.0,517.0,107.0,223.0,160.0
50.0,242.0,58.0,52.0,25.0
63.0,278.0,74.0,67.0,31.0
52.0,111.0,24.0,10.0,7.0
59.0,299.0,70.0,83.0,36.0
80.0,347.0,99.0,133.0,128.0
427.0,319.0,526.0,861.0,716.0
27.0,217.0,52.0,36.0,20.0
64.0,347.0,103.0,622.0,73.0
21.0,76.0,22.0,2.0,4.0
43.0,165.0,47.0,24.0,15.0
21.0,222.0,48.0,37.0,21.0
43.0,197.0,51.0,36.0,20.0
279.0,167.0,298.0,25.0,17.0
73.0,167.0,103.0,25.0,155.0
91.0,306.0,107.0,168.0,139.0
383.0,999.0,480.0,999.0,657.0
43.0,181.0,54.0,36.0,20.0
45.0,226.0,55.0,37.0,22.0
692.0,312.0,783.0,195.0,963.0
43.0,140.0,55.0,17.0,22.0
63.0,303.0,73.0,88.0,43.0
93.0,510.0,151.0,373.0,303.0
71.0,237.0,86.0,44.0,96.0
73.0,284.0,87.0,62.0,105.0
0.0,14.0,0.0,1.0,0.0
82.0,181.0,87.0,30.0,89.0
427.0,748.0,526.0,861.0,716.0
433.0,273.0,537.0,66.0,623.0
43.0,188.0,58.0,52.0,25.0
39.0,167.0,48.0,25.0,17.0
43.0,226.0,52.0,36.0,20.0
80.0,580.0,101.0,589.0,107.0
91.0,589.0,145.0,550.0,266.0
38.0,178.0,48.0,30.0,16.0
38.0,273.0,65.0,66.0,30.0
91.0,160.0,116.0,22.0,14.0
35.0,314.0,45.0,2.0,3.0
215.0,449.0,137.0,226.0,181.0
28.0,172.0,58.0,28.0,25.0
47.0,222.0,55.0,37.0,21.0
77.0,348.0,87.0,137.0,101.0
63.0,406.0,74.0,204.0,44.0
206.0,268.0,224.0,173.0,141.0
37.0,353.0,48.0,150.0,43.0
489.0,296.0,87.0,80.0,35.0
73.0,482.0,85.0,115.0,78.0
160.0,517.0,165.0,417.0,344.0
216.0,520.0,265.0,538.0,386.0
80.0,164.0,93.0,23.0,15.0
192.0,650.0,237.0,589.0,477.0
28.0,226.0,55.0,38.0,22.0
86.0,228.0,56.0,41.0,22.0
78.0,353.0,90.0,148.0,118.0
57.0,255.0,60.0,58.0,26.0
59.0,171.0,73.0,26.0,35.0
192.0,353.0,92.0,150.0,118.0
91.0,292.0,120.0,77.0,32.0
40.0,116.0,103.0,2.0,205.0
421.0,163.0,49.0,22.0,10.0
315.0,241.0,77.0,47.0,50.0
41.0,194.0,50.0,30.0,19.0
206.0,520.0,182.0,538.0,416.0
90.0,650.0,107.0,585.0,926.0
45.0,138.0,41.0,19.0,11.0
49.0,165.0,56.0,30.0,19.0
294.0,228.0,143.0,38.0,154.0
489.0,940.0,367.0,841.0,613.0
28.0,217.0,33.0,30.0,8.0
0.0,0.0,0.0,0.0,0.0
197.0,337.0,123.0,121.0,107.0
32.0,353.0,71.0,223.0,44.0
315.0,167.0,352.0,30.0,602.0
98.0,520.0,155.0,428.0,361.0
81.0,438.0,100.0,222.0,177.0
35.0,240.0,57.0,47.0,24.0
37.0,303.0,66.0,88.0,32.0
91.0,237.0,58.0,44.0,25.0
208.0,580.0,237.0,558.0,431.0
69.0,313.0,68.0,88.0,37.0
37.0,222.0,44.0,37.0,19.0
21.0,0.0,20.0,2.0,3.0
49.0,242.0,56.0,44.0,24.0
38.0,163.0,48.0,22.0,15.0
91.0,319.0,114.0,102.0,41.0
34.0,139.0,42.0,19.0,11.0
45.0,171.0,54.0,28.0,18.0
489.0,296.0,66.0,80.0,31.0
59.0,296.0,69.0,81.0,35.0
59.0,273.0,66.0,66.0,30.0
35.0,163.0,44.0,22.0,14.0
206.0,319.0,226.0,353.0,481.0
95.0,330.0,123.0,117.0,76.0
77.0,326.0,89.0,117.0,73.0
49.0,122.0,56.0,18.0,11.0
91.0,494.0,114.0,290.0,8.0
861.0,255.0,822.0,59.0,26.0
38.0,163.0,48.0,23.0,15.0
67.0,193.0,78.0,34.0,20.0
166.0,632.0,175.0,558.0,431.0
78.0,650.0,224.0,585.0,453.0
205.0,273.0,151.0,367.0,289.0
48.0,228.0,56.0,41.0,22.0
79.0,353.0,86.0,138.0,101.0
28.0,160.0,34.0,18.0,8.0
213.0,172.0,224.0,17.0,11.0
90.0,297.0,22.0,2.0,4.0
27.0,215.0,42.0,18.0,11.0
29.0,173.0,36.0,22.0,8.0
57.0,236.0,62.0,62.0,28.0
82.0,296.0,103.0,202.0,154.0
215.0,748.0,265.0,618.0,481.0
213.0,302.0,244.0,87.0,38.0
0.0,0.0,0.0,0.0,0.0
130.0,528.0,157.0,538.0,368.0
70.0,330.0,84.0,118.0,78.0
98.0,520.0,182.0,538.0,416.0
35.0,0.0,41.0,18.0,11.0
73.0,292.0,66.0,77.0,31.0
48.0,255.0,55.0,37.0,22.0
96.0,163.0,20.0,2.0,3.0
45.0,353.0,165.0,143.0,368.0
35.0,167.0,44.0,25.0,17.0
49.0,255.0,58.0,52.0,24.0
96.0,437.0,126.0,367.0,274.0
82.0,375.0,85.0,192.0,139.0
160.0,528.0,165.0,538.0,386.0
692.0,223.0,728.0,223.0,128.0
63.0,248.0,72.0,62.0,28.0
92.0,233.0,189.0,41.0,24.0
49.0,217.0,52.0,36.0,20.0
371.0,999.0,514.0,999.0,657.0
92.0,314.0,99.0,100.0,128.0
315.0,330.0,71.0,88.0,37.0
40.0,278.0,52.0,37.0,21.0
38.0,165.0,48.0,23.0,16.0
216.0,339.0,277.0,558.0,429.0
33.0,76.0,48.0,27.0,18.0
71.0,167.0,48.0,25.0,17.0
52.0,146.0,59.0,30.0,19.0
100.0,494.0,151.0,367.0,289.0
35.0,354.0,44.0,88.0,36.0
91.0,217.0,114.0,37.0,151.0
46.0,222.0,55.0,37.0,22.0
71.0,528.0,181.0,538.0,416.0
102.0,222.0,153.0,37.0,344.0
24.0,164.0,24.0,18.0,11.0
41.0,301.0,50.0,30.0,19.0
48.0,242.0,56.0,50.0,23.0
98.0,226.0,147.0,192.0,205.0
62.0,301.0,72.0,110.0,53.0
48.0,248.0,56.0,36.0,21.0
59.0,283.0,69.0,82.0,36.0
74.0,347.0,87.0,133.0,107.0
192.0,329.0,77.0,117.0,50.0
166.0,312.0,175.0,93.0,42.0
487.0,480.0,537.0,353.0,722.0
38.0,232.0,49.0,37.0,23.0
49.0,247.0,57.0,50.0,24.0
78.0,252.0,56.0,57.0,22.0
29.0,240.0,63.0,62.0,29.0
71.0,494.0,85.0,367.0,364.0
71.0,292.0,86.0,88.0,96.0
100.0,314.0,149.0,100.0,283.0
100.0,240.0,58.0,47.0,24.0
24.0,284.0,34.0,77.0,8.0
29.0,139.0,34.0,19.0,11.0
58.0,268.0,62.0,62.0,28.0
72.0,999.0,490.0,999.0,657.0
74.0,354.0,99.0,151.0,124.0
57.0,248.0,55.0,51.0,25.0
59.0,217.0,67.0,37.0,32.0
78.0,347.0,90.0,133.0,118.0
186.0,647.0,189.0,589.0,477.0
71.0,237.0,85.0,45.0,24.0
80.0,386.0,99.0,173.0,128.0
65.0,314.0,77.0,102.0,50.0
206.0,346.0,225.0,585.0,477.0
78.0,433.0,90.0,70.0,128.0
54.0,248.0,60.0,52.0,25.0
126.0,480.0,153.0,373.0,368.0
208.0,375.0,101.0,172.0,139.0
100.0,474.0,151.0,367.0,289.0
59.0,171.0,40.0,26.0,11.0
91.0,193.0,52.0,34.0,20.0
92.0,165.0,120.0,22.0,12.0
91.0,661.0,116.0,309.0,173.0
427.0,52.0,24.0,2.0,4.0
552.0,268.0,47.0,62.0,15.0
59.0,282.0,66.0,72.0,31.0
999.0,647.0,999.0,576.0,999.0
78.0,348.0,90.0,135.0,118.0
82.0,469.0,103.0,286.0,151.0
59.0,299.0,70.0,83.0,36.0
59.0,304.0,71.0,88.0,37.0
999.0,517.0,999.0,589.0,999.0
58.0,265.0,63.0,62.0,29.0
28.0,116.0,42.0,18.0,11.0
95.0,146.0,152.0,20.0,283.0
58.0,330.0,63.0,100.0,49.0
80.0,160.0,63.0,22.0,14.0
39.0,122.0,34.0,17.0,8.0
62.0,347.0,78.0,137.0,110.0
49.0,111.0,56.0,18.0,24.0
59.0,353.0,66.0,143.0,31.0
29.0,241.0,60.0,47.0,26.0
59.0,437.0,69.0,70.0,35.0
33.0,122.0,34.0,17.0,8.0
35.0,153.0,45.0,22.0,14.0
91.0,248.0,60.0,51.0,26.0
78.0,353.0,90.0,148.0,119.0
100.0,151.0,33.0,8.0,8.0
315.0,284.0,72.0,77.0,33.0
43.0,386.0,52.0,30.0,19.0
197.0,111.0,34.0,8.0,8.0
555.0,25.0,709.0,589.0,926.0
20.0,273.0,20.0,2.0,3.0
71.0,339.0,86.0,130.0,120.0
62.0,303.0,72.0,88.0,37.0
59.0,308.0,65.0,93.0,32.0
80.0,297.0,99.0,76.0,124.0
29.0,273.0,72.0,66.0,30.0
197.0,330.0,85.0,118.0,78.0
29.0,205.0,36.0,36.0,20.0
59.0,506.0,200.0,376.0,303.0
213.0,171.0,224.0,558.0,453.0
82.0,406.0,101.0,204.0,151.0
47.0,122.0,55.0,40.0,22.0
45.0,236.0,55.0,37.0,21.0
328.0,296.0,470.0,72.0,613.0
93.0,339.0,86.0,125.0,96.0
102.0,632.0,155.0,366.0,429.0
49.0,146.0,56.0,22.0,14.0
49.0,252.0,65.0,62.0,29.0
59.0,236.0,71.0,52.0,25.0
49.0,240.0,58.0,44.0,24.0
61.0,313.0,76.0,100.0,49.0
21.0,89.0,22.0,3.0,4.0
53.0,167.0,60.0,25.0,26.0
59.0,199.0,68.0,77.0,33.0
59.0,301.0,70.0,83.0,36.0
28.0,199.0,58.0,36.0,25.0
58.0,265.0,63.0,62.0,28.0
216.0,193.0,92.0,34.0,20.0
82.0,353.0,78.0,118.0,60.0
82.0,308.0,93.0,93.0,41.0
63.0,0.0,74.0,2.0,22.0
128.0,178.0,151.0,367.0,289.0
28.0,111.0,27.0,13.0,8.0
133.0,273.0,157.0,66.0,368.0
165.0,518.0,165.0,386.0,364.0
98.0,197.0,86.0,17.0,120.0
91.0,449.0,121.0,226.0,181.0
41.0,148.0,48.0,22.0,14.0
216.0,519.0,157.0,468.0,368.0
80.0,343.0,96.0,151.0,123.0
206.0,237.0,225.0,2.0,3.0
215.0,0.0,9.0,0.0,0.0
91.0,386.0,124.0,173.0,205.0
100.0,482.0,151.0,353.0,303.0
165.0,228.0,55.0,41.0,22.0
91.0,386.0,116.0,173.0,177.0
41.0,181.0,50.0,30.0,19.0
59.0,292.0,66.0,79.0,35.0
59.0,306.0,65.0,66.0,30.0
192.0,528.0,181.0,538.0,416.0
96.0,354.0,99.0,152.0,124.0
71.0,248.0,58.0,51.0,25.0
285.0,163.0,200.0,22.0,283.0
140.0,282.0,153.0,72.0,31.0
59.0,302.0,70.0,82.0,36.0
91.0,437.0,116.0,226.0,157.0
79.0,325.0,30.0,117.0,8.0
38.0,167.0,48.0,25.0,17.0
91.0,354.0,114.0,151.0,124.0
126.0,353.0,153.0,150.0,344.0
59.0,241.0,70.0,79.0,35.0
59.0,146.0,40.0,20.0,11.0
63.0,303.0,74.0,88.0,44.0
84.0,138.0,107.0,204.0,160.0
28.0,330.0,27.0,117.0,8.0
80.0,366.0,96.0,151.0,123.0
95.0,445.0,123.0,226.0,194.0
49.0,228.0,56.0,41.0,22.0
59.0,289.0,69.0,79.0,33.0
47.0,282.0,55.0,72.0,31.0
43.0,299.0,68.0,83.0,33.0
61.0,304.0,71.0,88.0,37.0
130.0,111.0,156.0,376.0,364.0
64.0,278.0,62.0,67.0,28.0
93.0,228.0,33.0,17.0,8.0
40.0,217.0,48.0,37.0,21.0
59.0,273.0,65.0,66.0,30.0
28.0,111.0,27.0,7.0,7.0
52.0,247.0,59.0,50.0,26.0
58.0,265.0,62.0,62.0,28.0
100.0,265.0,151.0,62.0,29.0
64.0,313.0,76.0,100.0,49.0
92.0,445.0,120.0,223.0,181.0
65.0,301.0,68.0,77.0,33.0
32.0,194.0,40.0,18.0,11.0
40.0,237.0,48.0,45.0,18.0
130.0,449.0,156.0,226.0,181.0
59.0,273.0,66.0,66.0,30.0
40.0,228.0,48.0,41.0,22.0
39.0,167.0,48.0,25.0,17.0
95.0,348.0,123.0,133.0,194.0
190.0,292.0,182.0,538.0,417.0
20.0,240.0,59.0,47.0,24.0
35.0,140.0,44.0,22.0,14.0
102.0,517.0,152.0,386.0,331.0
130.0,248.0,153.0,52.0,25.0
59.0,284.0,68.0,76.0,32.0
192.0,273.0,291.0,64.0,579.0
160.0,517.0,153.0,417.0,344.0
45.0,217.0,55.0,37.0,21.0
93.0,375.0,124.0,172.0,205.0
90.0,404.0,107.0,202.0,157.0
102.0,197.0,152.0,36.0,20.0
59.0,299.0,67.0,22.0,34.0
96.0,404.0,107.0,202.0,155.0
54.0,228.0,55.0,37.0,21.0
128.0,517.0,155.0,428.0,361.0
24.0,160.0,24.0,22.0,14.0
90.0,404.0,107.0,202.0,155.0
46.0,226.0,55.0,38.0,22.0
59.0,257.0,66.0,70.0,31.0
49.0,240.0,58.0,47.0,24.0
59.0,282.0,61.0,72.0,31.0
91.0,173.0,114.0,22.0,101.0
59.0,282.0,66.0,72.0,31.0
190.0,437.0,181.0,558.0,417.0
80.0,353.0,92.0,148.0,119.0
427.0,278.0,143.0,286.0,260.0
48.0,354.0,56.0,41.0,22.0
49.0,228.0,56.0,41.0,22.0
54.0,247.0,60.0,50.0,25.0
279.0,292.0,298.0,79.0,34.0
70.0,433.0,84.0,110.0,76.0
70.0,304.0,84.0,90.0,40.0
80.0,437.0,103.0,214.0,170.0
48.0,278.0,56.0,43.0,23.0
33.0,197.0,50.0,36.0,20.0
82.0,273.0,63.0,64.0,29.0
80.0,361.0,99.0,152.0,124.0
