92.0,348.0,126.0,386.0,173.0
208.0,301.0,103.0,19.0,160.0
65.0,89.0,48.0,77.0,32.0
91.0,351.0,116.0,150.0,123.0
92.0,292.0,121.0,79.0,34.0
190.0,519.0,182.0,538.0,417.0
45.0,173.0,55.0,30.0,22.0
98.0,302.0,71.0,87.0,36.0
77.0,351.0,88.0,130.0,99.0
59.0,146.0,71.0,22.0,43.0
34.0,151.0,43.0,22.0,11.0
64.0,296.0,76.0,81.0,35.0
48.0,268.0,56.0,62.0,29.0
0.0,0.0,0.0,0.0,0.0
58.0,248.0,63.0,56.0,26.0
35.0,165.0,44.0,24.0,14.0
62.0,292.0,72.0,79.0,33.0
240.0,241.0,277.0,861.0,567.0
91.0,330.0,85.0,118.0,78.0
54.0,301.0,60.0,83.0,26.0
294.0,330.0,85.0,118.0,78.0
63.0,325.0,74.0,117.0,78.0
82.0,160.0,101.0,168.0,128.0
91.0,278.0,114.0,79.0,154.0
69.0,301.0,24.0,83.0,35.0
213.0,494.0,189.0,373.0,431.0
98.0,111.0,107.0,7.0,7.0
206.0,302.0,226.0,87.0,36.0
49.0,240.0,57.0,47.0,24.0
77.0,351.0,85.0,133.0,78.0
231.0,303.0,63.0,100.0,47.0
98.0,283.0,151.0,367.0,287.0
86.0,205.0,84.0,30.0,19.0
21.0,165.0,22.0,2.0,4.0
100.0,330.0,149.0,100.0,287.0
79.0,406.0,92.0,309.0,274.0
50.0,248.0,59.0,52.0,25.0
96.0,517.0,126.0,417.0,344.0
80.0,304.0,93.0,79.0,35.0
72.0,122.0,86.0,125.0,96.0
29.0,228.0,59.0,40.0,25.0
65.0,330.0,78.0,118.0,53.0
49.0,347.0,74.0,41.0,22.0
62.0,308.0,72.0,90.0,40.0
383.0,308.0,92.0,93.0,120.0
91.0,353.0,107.0,148.0,155.0
70.0,330.0,84.0,117.0,76.0
0.0,14.0,0.0,1.0,0.0
59.0,303.0,68.0,79.0,32.0
215.0,313.0,265.0,93.0,567.0
96.0,353.0,124.0,138.0,157.0
90.0,301.0,107.0,83.0,89.0
34.0,296.0,43.0,77.0,7.0
28.0,146.0,30.0,19.0,8.0
65.0,284.0,78.0,77.0,33.0
93.0,347.0,92.0,150.0,119.0
427.0,520.0,367.0,538.0,613.0
35.0,173.0,44.0,28.0,18.0
41.0,164.0,60.0,22.0,26.0
63.0,296.0,73.0,88.0,40.0
23.0,273.0,24.0,3.0,7.0
213.0,171.0,48.0,27.0,18.0
21.0,163.0,22.0,2.0,4.0
52.0,111.0,55.0,22.0,18.0
65.0,265.0,77.0,70.0,31.0
100.0,494.0,147.0,367.0,289.0
65.0,319.0,76.0,102.0,50.0
84.0,188.0,103.0,589.0,151.0
98.0,449.0,139.0,235.0,260.0
35.0,205.0,44.0,36.0,20.0
93.0,268.0,101.0,62.0,205.0
59.0,278.0,68.0,66.0,30.0
131.0,480.0,151.0,353.0,289.0
59.0,326.0,68.0,62.0,29.0
23.0,308.0,24.0,97.0,331.0
48.0,223.0,56.0,37.0,21.0
78.0,236.0,90.0,47.0,118.0
59.0,260.0,68.0,62.0,28.0
91.0,438.0,116.0,213.0,170.0
77.0,226.0,72.0,36.0,24.0
77.0,433.0,90.0,226.0,181.0
692.0,226.0,48.0,40.0,22.0
64.0,248.0,58.0,51.0,25.0
31.0,140.0,39.0,19.0,11.0
102.0,480.0,152.0,366.0,289.0
48.0,140.0,72.0,18.0,43.0
77.0,252.0,86.0,56.0,25.0
33.0,151.0,41.0,22.0,11.0
80.0,346.0,93.0,153.0,123.0
183.0,528.0,181.0,538.0,416.0
294.0,242.0,352.0,47.0,24.0
61.0,178.0,71.0,30.0,15.0
63.0,301.0,74.0,83.0,36.0
77.0,347.0,87.0,132.0,105.0
130.0,518.0,155.0,428.0,361.0
95.0,240.0,90.0,77.0,47.0
421.0,273.0,514.0,88.0,716.0
96.0,302.0,126.0,87.0,38.0
35.0,222.0,44.0,37.0,21.0
77.0,335.0,87.0,121.0,107.0
91.0,347.0,105.0,133.0,107.0
65.0,289.0,72.0,93.0,42.0
0.0,14.0,0.0,18.0,0.0
20.0,404.0,103.0,195.0,151.0
0.0,116.0,0.0,2.0,0.0
42.0,178.0,50.0,30.0,19.0
98.0,330.0,137.0,3.0,567.0
63.0,302.0,72.0,87.0,36.0
49.0,247.0,57.0,50.0,24.0
49.0,171.0,52.0,25.0,17.0
294.0,140.0,298.0,19.0,579.0
861.0,480.0,101.0,309.0,141.0
90.0,282.0,107.0,72.0,155.0
52.0,354.0,59.0,125.0,25.0
61.0,437.0,71.0,213.0,170.0
77.0,273.0,88.0,131.0,105.0
489.0,25.0,324.0,2.0,602.0
84.0,296.0,526.0,806.0,722.0
96.0,519.0,124.0,468.0,274.0
78.0,353.0,90.0,151.0,118.0
165.0,223.0,175.0,37.0,21.0
45.0,247.0,55.0,50.0,24.0
37.0,178.0,43.0,18.0,11.0
54.0,306.0,62.0,80.0,38.0
37.0,346.0,47.0,131.0,15.0
29.0,236.0,56.0,44.0,24.0
20.0,329.0,84.0,117.0,76.0
98.0,330.0,120.0,211.0,157.0
130.0,647.0,156.0,589.0,364.0
999.0,647.0,999.0,576.0,999.0
98.0,482.0,139.0,366.0,287.0
42.0,178.0,50.0,30.0,19.0
91.0,319.0,143.0,102.0,334.0
38.0,167.0,48.0,25.0,17.0
45.0,354.0,55.0,37.0,21.0
240.0,278.0,101.0,67.0,123.0
95.0,445.0,123.0,226.0,181.0
421.0,146.0,55.0,22.0,21.0
96.0,433.0,123.0,213.0,170.0
91.0,438.0,114.0,223.0,177.0
208.0,325.0,237.0,115.0,73.0
35.0,223.0,44.0,22.0,13.0
96.0,580.0,124.0,558.0,205.0
61.0,241.0,71.0,26.0,18.0
43.0,255.0,60.0,59.0,26.0
20.0,167.0,85.0,22.0,123.0
43.0,178.0,51.0,30.0,19.0
328.0,317.0,224.0,88.0,331.0
59.0,296.0,69.0,82.0,35.0
861.0,273.0,65.0,66.0,30.0
35.0,172.0,41.0,18.0,11.0
45.0,217.0,55.0,37.0,21.0
38.0,116.0,48.0,17.0,15.0
102.0,506.0,152.0,376.0,331.0
82.0,406.0,103.0,204.0,151.0
487.0,940.0,537.0,841.0,722.0
197.0,221.0,208.0,37.0,16.0
63.0,308.0,74.0,93.0,42.0
86.0,433.0,114.0,213.0,170.0
552.0,306.0,69.0,79.0,33.0
47.0,222.0,71.0,37.0,21.0
78.0,375.0,90.0,153.0,118.0
59.0,297.0,66.0,70.0,31.0
91.0,242.0,107.0,50.0,160.0
91.0,354.0,107.0,151.0,155.0
166.0,326.0,175.0,115.0,64.0
371.0,153.0,480.0,3.0,623.0
197.0,76.0,153.0,131.0,36.0
29.0,278.0,33.0,22.0,10.0
59.0,326.0,90.0,115.0,118.0
29.0,148.0,33.0,18.0,8.0
206.0,138.0,123.0,226.0,194.0
95.0,165.0,123.0,30.0,19.0
35.0,247.0,45.0,52.0,25.0
49.0,248.0,58.0,51.0,24.0
70.0,301.0,69.0,83.0,35.0
61.0,165.0,71.0,27.0,18.0
49.0,248.0,58.0,51.0,25.0
98.0,173.0,66.0,28.0,31.0
78.0,308.0,90.0,168.0,128.0
71.0,260.0,85.0,117.0,76.0
48.0,241.0,56.0,47.0,23.0
64.0,199.0,52.0,36.0,20.0
49.0,247.0,57.0,50.0,25.0
231.0,437.0,107.0,214.0,160.0
91.0,347.0,100.0,152.0,124.0
315.0,140.0,352.0,19.0,11.0
35.0,78.0,36.0,2.0,7.0
315.0,517.0,352.0,428.0,364.0
70.0,302.0,83.0,88.0,37.0
72.0,351.0,86.0,148.0,101.0
102.0,313.0,153.0,386.0,334.0
699.0,160.0,47.0,22.0,15.0
49.0,236.0,56.0,44.0,24.0
71.0,178.0,86.0,25.0,17.0
58.0,308.0,60.0,137.0,26.0
190.0,632.0,189.0,550.0,417.0
91.0,437.0,114.0,214.0,170.0
126.0,282.0,153.0,110.0,331.0
216.0,589.0,147.0,622.0,509.0
206.0,650.0,224.0,550.0,369.0
58.0,173.0,58.0,28.0,24.0
63.0,282.0,71.0,79.0,34.0
131.0,580.0,153.0,550.0,368.0
766.0,474.0,137.0,290.0,266.0
84.0,330.0,99.0,118.0,128.0
60.0,89.0,78.0,43.0,53.0
58.0,181.0,62.0,62.0,28.0
71.0,78.0,86.0,2.0,4.0
133.0,343.0,145.0,130.0,266.0
21.0,25.0,20.0,2.0,3.0
41.0,172.0,50.0,30.0,19.0
231.0,940.0,352.0,841.0,602.0
766.0,647.0,783.0,576.0,963.0
91.0,353.0,90.0,138.0,157.0
71.0,248.0,85.0,118.0,44.0
45.0,661.0,55.0,36.0,20.0
29.0,140.0,34.0,19.0,11.0
43.0,178.0,51.0,30.0,19.0
21.0,194.0,20.0,2.0,3.0
79.0,437.0,92.0,211.0,174.0
59.0,283.0,69.0,77.0,33.0
58.0,303.0,65.0,83.0,36.0
197.0,347.0,200.0,558.0,431.0
29.0,252.0,59.0,56.0,26.0
31.0,308.0,84.0,93.0,32.0
216.0,199.0,265.0,36.0,20.0
63.0,348.0,93.0,137.0,110.0
552.0,282.0,999.0,62.0,999.0
91.0,301.0,114.0,102.0,157.0
100.0,167.0,157.0,36.0,20.0
38.0,172.0,48.0,26.0,18.0
91.0,589.0,101.0,222.0,174.0
57.0,228.0,60.0,38.0,26.0
130.0,330.0,157.0,117.0,81.0
96.0,518.0,155.0,428.0,361.0
70.0,247.0,84.0,47.0,24.0
71.0,236.0,86.0,45.0,23.0
71.0,282.0,85.0,117.0,89.0
100.0,248.0,149.0,62.0,283.0
63.0,299.0,71.0,87.0,38.0
82.0,339.0,85.0,118.0,78.0
69.0,278.0,84.0,67.0,43.0
91.0,406.0,116.0,204.0,205.0
59.0,284.0,68.0,77.0,33.0
489.0,469.0,226.0,618.0,481.0
84.0,237.0,65.0,37.0,21.0
100.0,140.0,147.0,19.0,303.0
59.0,226.0,69.0,37.0,21.0
59.0,303.0,69.0,88.0,38.0
59.0,304.0,68.0,77.0,32.0
27.0,273.0,63.0,62.0,29.0
71.0,171.0,85.0,36.0,0.0
35.0,226.0,44.0,41.0,22.0
133.0,156.0,52.0,36.0,20.0
27.0,172.0,48.0,27.0,18.0
37.0,163.0,48.0,22.0,14.0
74.0,347.0,87.0,132.0,107.0
216.0,330.0,114.0,117.0,128.0
91.0,248.0,74.0,47.0,53.0
59.0,292.0,69.0,79.0,33.0
78.0,347.0,90.0,133.0,118.0
63.0,312.0,74.0,100.0,47.0
59.0,122.0,66.0,18.0,11.0
41.0,178.0,50.0,30.0,19.0
82.0,445.0,120.0,223.0,174.0
206.0,449.0,224.0,589.0,509.0
315.0,347.0,99.0,152.0,124.0
61.0,303.0,71.0,88.0,37.0
34.0,193.0,86.0,34.0,20.0
98.0,247.0,56.0,50.0,25.0
59.0,283.0,67.0,72.0,32.0
208.0,650.0,226.0,589.0,477.0
80.0,386.0,101.0,173.0,141.0
213.0,292.0,237.0,79.0,509.0
78.0,339.0,90.0,125.0,118.0
315.0,518.0,153.0,428.0,344.0
48.0,223.0,56.0,37.0,22.0
100.0,353.0,151.0,153.0,287.0
205.0,528.0,208.0,558.0,431.0
205.0,193.0,100.0,22.0,8.0
92.0,335.0,34.0,125.0,99.0
699.0,353.0,92.0,148.0,119.0
59.0,330.0,69.0,80.0,35.0
32.0,221.0,40.0,37.0,21.0
126.0,223.0,153.0,37.0,20.0
489.0,999.0,480.0,861.0,623.0
999.0,240.0,999.0,47.0,999.0
96.0,506.0,116.0,222.0,174.0
315.0,445.0,352.0,223.0,274.0
59.0,317.0,69.0,110.0,53.0
82.0,528.0,153.0,386.0,334.0
64.0,278.0,66.0,67.0,31.0
64.0,167.0,74.0,25.0,18.0
49.0,232.0,58.0,52.0,25.0
53.0,449.0,59.0,59.0,26.0
39.0,171.0,48.0,26.0,16.0
80.0,469.0,85.0,213.0,477.0
45.0,217.0,55.0,37.0,21.0
35.0,241.0,44.0,47.0,24.0
63.0,326.0,90.0,211.0,107.0
190.0,510.0,153.0,386.0,334.0
59.0,354.0,88.0,150.0,120.0
67.0,233.0,78.0,41.0,22.0
28.0,25.0,20.0,2.0,3.0
37.0,437.0,101.0,223.0,148.0
131.0,330.0,157.0,118.0,368.0
74.0,226.0,77.0,100.0,49.0
59.0,325.0,69.0,79.0,33.0
552.0,580.0,537.0,550.0,722.0
51.0,248.0,59.0,52.0,25.0
91.0,437.0,116.0,214.0,173.0
46.0,282.0,55.0,36.0,22.0
58.0,282.0,63.0,62.0,29.0
21.0,25.0,20.0,2.0,3.0
0.0,306.0,0.0,0.0,0.0
166.0,510.0,149.0,376.0,287.0
100.0,351.0,147.0,118.0,128.0
80.0,518.0,153.0,417.0,344.0
91.0,580.0,114.0,550.0,368.0
28.0,25.0,20.0,2.0,3.0
77.0,329.0,89.0,117.0,110.0
82.0,348.0,105.0,135.0,154.0
64.0,151.0,77.0,22.0,50.0
59.0,284.0,66.0,70.0,31.0
41.0,178.0,50.0,30.0,19.0
208.0,248.0,822.0,52.0,25.0
58.0,146.0,60.0,20.0,11.0
54.0,252.0,60.0,59.0,26.0
371.0,308.0,83.0,90.0,40.0
315.0,348.0,157.0,138.0,368.0
240.0,329.0,155.0,618.0,368.0
59.0,265.0,65.0,62.0,28.0
186.0,165.0,107.0,23.0,96.0
33.0,205.0,77.0,36.0,20.0
128.0,480.0,265.0,366.0,344.0
130.0,308.0,63.0,93.0,42.0
35.0,296.0,44.0,2.0,4.0
67.0,297.0,74.0,80.0,38.0
29.0,116.0,34.0,7.0,8.0
70.0,226.0,84.0,41.0,60.0
20.0,140.0,41.0,19.0,11.0
165.0,482.0,165.0,366.0,289.0
31.0,135.0,39.0,3.0,7.0
38.0,163.0,48.0,22.0,15.0
59.0,282.0,65.0,67.0,31.0
81.0,199.0,52.0,36.0,20.0
208.0,335.0,85.0,118.0,78.0
21.0,25.0,20.0,2.0,3.0
95.0,449.0,123.0,226.0,194.0
53.0,252.0,60.0,58.0,26.0
328.0,506.0,470.0,618.0,481.0
206.0,301.0,224.0,83.0,429.0
24.0,193.0,24.0,3.0,6.0
91.0,301.0,116.0,83.0,173.0
383.0,273.0,490.0,62.0,274.0
20.0,273.0,65.0,66.0,30.0
160.0,517.0,165.0,428.0,369.0
59.0,283.0,69.0,77.0,33.0
555.0,528.0,139.0,538.0,386.0
70.0,273.0,84.0,64.0,23.0
0.0,0.0,0.0,0.0,0.0
51.0,226.0,59.0,52.0,25.0
140.0,223.0,164.0,50.0,369.0
63.0,228.0,74.0,97.0,44.0
54.0,217.0,69.0,64.0,29.0
59.0,296.0,69.0,80.0,35.0
64.0,146.0,72.0,22.0,13.0
52.0,199.0,59.0,62.0,29.0
21.0,52.0,20.0,2.0,3.0
69.0,284.0,72.0,77.0,33.0
91.0,449.0,105.0,226.0,154.0
21.0,519.0,157.0,468.0,368.0
131.0,273.0,123.0,66.0,31.0
98.0,518.0,155.0,428.0,361.0
41.0,178.0,50.0,30.0,19.0
240.0,160.0,291.0,52.0,25.0
65.0,252.0,78.0,52.0,24.0
197.0,265.0,62.0,62.0,28.0
27.0,76.0,20.0,2.0,3.0
33.0,171.0,27.0,3.0,7.0
39.0,386.0,100.0,173.0,128.0
102.0,353.0,147.0,138.0,283.0
96.0,437.0,116.0,386.0,177.0
82.0,240.0,48.0,47.0,15.0
43.0,173.0,51.0,28.0,19.0
130.0,438.0,107.0,214.0,154.0
102.0,283.0,58.0,77.0,33.0
28.0,116.0,33.0,18.0,8.0
82.0,386.0,101.0,173.0,141.0
279.0,375.0,27.0,57.0,26.0
49.0,268.0,56.0,45.0,24.0
63.0,240.0,72.0,47.0,44.0
285.0,580.0,298.0,550.0,477.0
61.0,301.0,71.0,88.0,37.0
27.0,330.0,71.0,100.0,47.0
91.0,348.0,101.0,138.0,118.0
59.0,273.0,70.0,66.0,30.0
48.0,233.0,56.0,43.0,22.0
35.0,178.0,44.0,23.0,15.0
186.0,248.0,182.0,51.0,417.0
80.0,510.0,92.0,70.0,120.0
294.0,404.0,709.0,152.0,124.0
60.0,164.0,71.0,23.0,15.0
47.0,163.0,48.0,22.0,15.0
43.0,163.0,39.0,22.0,10.0
208.0,406.0,225.0,204.0,364.0
133.0,289.0,151.0,66.0,303.0
59.0,296.0,69.0,70.0,33.0
197.0,748.0,208.0,558.0,431.0
58.0,252.0,62.0,57.0,24.0
58.0,138.0,59.0,17.0,25.0
45.0,217.0,55.0,37.0,21.0
59.0,265.0,69.0,66.0,30.0
100.0,232.0,149.0,47.0,287.0
192.0,116.0,137.0,13.0,10.0
43.0,197.0,52.0,34.0,20.0
93.0,111.0,124.0,10.0,205.0
70.0,302.0,84.0,87.0,38.0
102.0,167.0,152.0,367.0,303.0
54.0,273.0,61.0,62.0,29.0
216.0,330.0,87.0,118.0,107.0
315.0,351.0,49.0,30.0,18.0
130.0,265.0,151.0,386.0,303.0
35.0,163.0,44.0,22.0,14.0
427.0,273.0,514.0,64.0,579.0
62.0,296.0,72.0,117.0,43.0
0.0,0.0,0.0,0.0,0.0
91.0,437.0,105.0,195.0,154.0
98.0,52.0,137.0,1.0,8.0
213.0,480.0,244.0,618.0,509.0
70.0,191.0,84.0,34.0,19.0
51.0,354.0,59.0,150.0,205.0
190.0,520.0,181.0,538.0,416.0
102.0,188.0,153.0,153.0,109.0
205.0,528.0,181.0,538.0,416.0
205.0,339.0,208.0,558.0,431.0
208.0,346.0,237.0,131.0,579.0
35.0,52.0,45.0,22.0,14.0
63.0,312.0,73.0,93.0,44.0
53.0,330.0,60.0,34.0,26.0
51.0,248.0,59.0,52.0,25.0
699.0,748.0,783.0,622.0,963.0
78.0,353.0,90.0,143.0,118.0
48.0,330.0,56.0,118.0,23.0
192.0,580.0,181.0,550.0,429.0
61.0,343.0,71.0,88.0,37.0
50.0,146.0,44.0,22.0,14.0
49.0,228.0,57.0,41.0,19.0
98.0,252.0,59.0,52.0,25.0
45.0,217.0,55.0,37.0,21.0
43.0,197.0,52.0,36.0,20.0
46.0,217.0,55.0,36.0,22.0
43.0,194.0,52.0,34.0,20.0
63.0,317.0,74.0,102.0,53.0
43.0,223.0,52.0,37.0,22.0
58.0,283.0,68.0,77.0,33.0
80.0,173.0,101.0,309.0,266.0
65.0,14.0,77.0,1.0,1.0
67.0,273.0,83.0,66.0,623.0
80.0,348.0,99.0,151.0,128.0
77.0,284.0,93.0,77.0,118.0
28.0,193.0,27.0,82.0,38.0
40.0,172.0,48.0,27.0,18.0
48.0,283.0,56.0,76.0,23.0
42.0,171.0,50.0,30.0,19.0
81.0,386.0,101.0,173.0,141.0
692.0,474.0,153.0,353.0,331.0
33.0,140.0,39.0,19.0,10.0
99.0,469.0,145.0,286.0,266.0
33.0,163.0,42.0,22.0,11.0
40.0,164.0,48.0,34.0,18.0
43.0,197.0,52.0,36.0,20.0
64.0,339.0,73.0,125.0,44.0
28.0,222.0,27.0,7.0,7.0
90.0,282.0,107.0,72.0,174.0
42.0,205.0,54.0,36.0,20.0
52.0,273.0,61.0,64.0,26.0
54.0,252.0,61.0,52.0,25.0
78.0,353.0,90.0,143.0,118.0
43.0,313.0,55.0,100.0,47.0
102.0,248.0,151.0,52.0,303.0
555.0,650.0,709.0,589.0,926.0
64.0,314.0,76.0,100.0,49.0
59.0,265.0,63.0,62.0,29.0
59.0,297.0,69.0,81.0,35.0
279.0,314.0,298.0,558.0,567.0
45.0,221.0,55.0,37.0,21.0
45.0,217.0,55.0,37.0,21.0
51.0,252.0,59.0,52.0,25.0
91.0,437.0,116.0,214.0,173.0
70.0,78.0,84.0,117.0,76.0
77.0,347.0,85.0,168.0,128.0
102.0,517.0,155.0,428.0,361.0
78.0,292.0,90.0,77.0,118.0
294.0,650.0,226.0,585.0,481.0
65.0,205.0,77.0,36.0,20.0
48.0,236.0,56.0,44.0,23.0
683.0,248.0,537.0,52.0,722.0
64.0,494.0,54.0,37.0,20.0
383.0,302.0,490.0,290.0,283.0
98.0,296.0,123.0,82.0,194.0
80.0,215.0,89.0,52.0,25.0
79.0,284.0,69.0,77.0,35.0
699.0,122.0,783.0,17.0,963.0
21.0,171.0,20.0,2.0,3.0
91.0,165.0,114.0,8.0,8.0
65.0,347.0,78.0,102.0,53.0
766.0,248.0,151.0,56.0,26.0
999.0,343.0,999.0,386.0,999.0
100.0,437.0,151.0,214.0,266.0
98.0,346.0,137.0,138.0,481.0
59.0,273.0,68.0,64.0,29.0
552.0,148.0,537.0,90.0,40.0
186.0,139.0,39.0,19.0,11.0
63.0,282.0,68.0,72.0,31.0
61.0,193.0,71.0,34.0,19.0
80.0,301.0,78.0,102.0,53.0
427.0,165.0,121.0,30.0,19.0
45.0,194.0,55.0,36.0,21.0
213.0,510.0,237.0,386.0,477.0
20.0,52.0,24.0,2.0,6.0
102.0,330.0,153.0,125.0,344.0
35.0,14.0,151.0,1.0,289.0
59.0,278.0,66.0,67.0,31.0
53.0,236.0,60.0,44.0,26.0
90.0,348.0,107.0,117.0,89.0
86.0,339.0,105.0,152.0,154.0
231.0,273.0,265.0,64.0,29.0
80.0,354.0,93.0,151.0,123.0
102.0,517.0,153.0,386.0,334.0
91.0,273.0,137.0,102.0,78.0
213.0,122.0,44.0,18.0,11.0
427.0,940.0,526.0,861.0,722.0
213.0,173.0,126.0,59.0,50.0
82.0,237.0,103.0,204.0,148.0
49.0,226.0,58.0,38.0,20.0
73.0,165.0,88.0,24.0,274.0
208.0,580.0,224.0,558.0,431.0
64.0,313.0,74.0,100.0,49.0
59.0,302.0,66.0,87.0,36.0
28.0,122.0,34.0,17.0,8.0
183.0,330.0,181.0,100.0,417.0
59.0,301.0,70.0,83.0,36.0
52.0,252.0,59.0,56.0,26.0
59.0,297.0,69.0,79.0,32.0
71.0,248.0,72.0,90.0,38.0
45.0,228.0,55.0,37.0,21.0
59.0,172.0,67.0,17.0,32.0
96.0,337.0,120.0,121.0,81.0
24.0,237.0,24.0,8.0,8.0
47.0,283.0,55.0,34.0,20.0
28.0,172.0,30.0,22.0,7.0
82.0,375.0,101.0,172.0,139.0
166.0,528.0,181.0,538.0,416.0
186.0,520.0,182.0,538.0,417.0
165.0,273.0,65.0,66.0,30.0
683.0,236.0,44.0,43.0,23.0
35.0,173.0,44.0,23.0,12.0
955.0,282.0,85.0,67.0,289.0
95.0,375.0,123.0,226.0,194.0
52.0,302.0,59.0,87.0,36.0
98.0,236.0,137.0,44.0,194.0
59.0,296.0,69.0,80.0,35.0
63.0,510.0,72.0,386.0,160.0
71.0,339.0,85.0,125.0,89.0
77.0,236.0,87.0,286.0,194.0
29.0,445.0,107.0,211.0,155.0
59.0,999.0,68.0,999.0,33.0
315.0,346.0,88.0,173.0,141.0
99.0,520.0,149.0,538.0,283.0
683.0,151.0,48.0,22.0,13.0
59.0,156.0,50.0,30.0,19.0
213.0,517.0,165.0,428.0,364.0
71.0,312.0,72.0,88.0,38.0
160.0,139.0,164.0,192.0,368.0
192.0,135.0,145.0,37.0,53.0
183.0,517.0,181.0,538.0,416.0
61.0,296.0,71.0,70.0,33.0
48.0,233.0,56.0,41.0,22.0
59.0,296.0,69.0,82.0,36.0
65.0,171.0,48.0,25.0,15.0
92.0,237.0,123.0,40.0,194.0
41.0,226.0,50.0,37.0,21.0
215.0,260.0,60.0,56.0,26.0
78.0,353.0,88.0,135.0,109.0
80.0,433.0,93.0,211.0,205.0
63.0,172.0,71.0,28.0,53.0
84.0,164.0,175.0,22.0,14.0
71.0,268.0,85.0,214.0,173.0
96.0,438.0,124.0,222.0,194.0
102.0,241.0,151.0,47.0,26.0
58.0,282.0,63.0,70.0,31.0
45.0,146.0,54.0,20.0,20.0
59.0,312.0,66.0,67.0,31.0
100.0,292.0,149.0,62.0,287.0
63.0,228.0,24.0,56.0,8.0
100.0,449.0,149.0,366.0,287.0
433.0,283.0,526.0,72.0,283.0
279.0,283.0,298.0,861.0,613.0
192.0,354.0,92.0,151.0,118.0
33.0,153.0,41.0,1.0,7.0
49.0,226.0,57.0,38.0,24.0
80.0,339.0,99.0,125.0,128.0
27.0,146.0,22.0,2.0,4.0
215.0,116.0,24.0,13.0,8.0
213.0,397.0,99.0,153.0,128.0
487.0,999.0,514.0,999.0,657.0
100.0,222.0,66.0,37.0,21.0
32.0,268.0,40.0,62.0,28.0
31.0,268.0,39.0,135.0,11.0
27.0,146.0,27.0,20.0,8.0
48.0,233.0,56.0,37.0,22.0
215.0,163.0,244.0,22.0,509.0
38.0,283.0,48.0,76.0,18.0
100.0,589.0,367.0,558.0,431.0
100.0,474.0,147.0,290.0,260.0
63.0,308.0,73.0,93.0,44.0
23.0,284.0,22.0,76.0,32.0
20.0,317.0,84.0,102.0,53.0
28.0,78.0,27.0,2.0,8.0
166.0,506.0,147.0,376.0,283.0
41.0,172.0,50.0,30.0,19.0
683.0,353.0,728.0,30.0,19.0
100.0,510.0,151.0,386.0,287.0
133.0,178.0,99.0,36.0,20.0
78.0,232.0,90.0,40.0,60.0
99.0,296.0,145.0,80.0,35.0
955.0,437.0,121.0,214.0,170.0
49.0,242.0,58.0,47.0,24.0
72.0,330.0,86.0,131.0,101.0
215.0,236.0,324.0,204.0,602.0
99.0,353.0,63.0,62.0,29.0
427.0,223.0,526.0,37.0,21.0
91.0,248.0,71.0,82.0,36.0
40.0,173.0,48.0,28.0,18.0
192.0,106.0,22.0,2.0,4.0
63.0,437.0,74.0,7.0,8.0
91.0,165.0,76.0,102.0,50.0
190.0,999.0,189.0,999.0,657.0
213.0,223.0,153.0,37.0,344.0
80.0,273.0,99.0,67.0,128.0
128.0,326.0,152.0,118.0,81.0
28.0,339.0,27.0,125.0,99.0
38.0,223.0,48.0,37.0,21.0
77.0,335.0,89.0,118.0,110.0
20.0,299.0,65.0,81.0,31.0
699.0,351.0,709.0,138.0,110.0
21.0,171.0,20.0,1.0,1.0
166.0,519.0,182.0,538.0,417.0
59.0,303.0,71.0,88.0,37.0
140.0,632.0,164.0,558.0,369.0
98.0,480.0,139.0,286.0,260.0
20.0,217.0,54.0,37.0,21.0
43.0,301.0,71.0,83.0,36.0
166.0,302.0,71.0,87.0,36.0
29.0,122.0,44.0,7.0,8.0
28.0,164.0,30.0,22.0,14.0
0.0,339.0,55.0,153.0,22.0
45.0,354.0,55.0,3.0,7.0
98.0,289.0,49.0,22.0,14.0
96.0,193.0,54.0,34.0,20.0
31.0,304.0,71.0,88.0,37.0
285.0,292.0,72.0,90.0,40.0
51.0,296.0,59.0,81.0,24.0
33.0,999.0,244.0,999.0,509.0
91.0,437.0,114.0,214.0,177.0
63.0,236.0,74.0,70.0,31.0
82.0,404.0,101.0,202.0,155.0
487.0,122.0,87.0,17.0,8.0
63.0,297.0,85.0,62.0,29.0
335.0,193.0,51.0,34.0,20.0
35.0,138.0,44.0,18.0,22.0
206.0,217.0,224.0,37.0,21.0
487.0,528.0,137.0,235.0,194.0
58.0,167.0,60.0,22.0,18.0
65.0,153.0,44.0,19.0,10.0
38.0,172.0,49.0,34.0,20.0
27.0,178.0,48.0,18.0,11.0
40.0,255.0,50.0,58.0,19.0
315.0,78.0,44.0,2.0,6.0
35.0,148.0,44.0,22.0,14.0
999.0,433.0,999.0,211.0,999.0
53.0,284.0,60.0,57.0,26.0
279.0,397.0,298.0,195.0,154.0
37.0,178.0,48.0,30.0,18.0
71.0,347.0,87.0,132.0,107.0
90.0,353.0,107.0,138.0,118.0
80.0,353.0,92.0,150.0,120.0
43.0,273.0,55.0,66.0,24.0
63.0,306.0,71.0,88.0,37.0
59.0,303.0,68.0,88.0,32.0
49.0,296.0,59.0,52.0,25.0
102.0,518.0,153.0,417.0,344.0
63.0,301.0,74.0,83.0,36.0
91.0,386.0,116.0,173.0,173.0
51.0,240.0,59.0,47.0,25.0
62.0,292.0,90.0,79.0,118.0
80.0,366.0,100.0,153.0,123.0
52.0,301.0,71.0,83.0,36.0
208.0,205.0,51.0,36.0,20.0
205.0,748.0,244.0,622.0,509.0
51.0,237.0,59.0,45.0,25.0
206.0,347.0,224.0,137.0,115.0
82.0,445.0,116.0,223.0,177.0
999.0,404.0,999.0,558.0,999.0
140.0,146.0,164.0,77.0,369.0
52.0,252.0,59.0,56.0,26.0
421.0,999.0,298.0,999.0,657.0
216.0,404.0,107.0,202.0,154.0
49.0,632.0,57.0,1.0,24.0
48.0,172.0,56.0,25.0,24.0
78.0,283.0,90.0,72.0,110.0
100.0,282.0,151.0,376.0,303.0
82.0,242.0,103.0,138.0,148.0
81.0,292.0,103.0,79.0,128.0
166.0,386.0,181.0,173.0,154.0
49.0,171.0,57.0,40.0,24.0
315.0,252.0,72.0,56.0,26.0
126.0,217.0,153.0,36.0,20.0
33.0,163.0,44.0,22.0,14.0
100.0,480.0,149.0,366.0,289.0
106.0,518.0,153.0,373.0,334.0
71.0,252.0,60.0,56.0,26.0
79.0,301.0,92.0,83.0,36.0
39.0,135.0,48.0,23.0,15.0
183.0,517.0,181.0,538.0,416.0
65.0,248.0,78.0,102.0,53.0
489.0,347.0,87.0,133.0,107.0
0.0,437.0,0.0,1.0,0.0
371.0,437.0,200.0,213.0,160.0
74.0,438.0,86.0,131.0,101.0
91.0,296.0,114.0,82.0,32.0
427.0,221.0,470.0,841.0,602.0
21.0,14.0,20.0,2.0,3.0
60.0,301.0,71.0,83.0,36.0
82.0,375.0,101.0,172.0,139.0
80.0,329.0,99.0,152.0,124.0
43.0,265.0,52.0,62.0,22.0
102.0,255.0,151.0,367.0,303.0
72.0,353.0,86.0,150.0,141.0
43.0,205.0,52.0,36.0,24.0
63.0,222.0,65.0,37.0,20.0
106.0,518.0,153.0,417.0,344.0
487.0,296.0,87.0,81.0,101.0
82.0,313.0,101.0,195.0,160.0
50.0,301.0,58.0,90.0,8.0
43.0,194.0,52.0,36.0,20.0
74.0,146.0,87.0,22.0,14.0
98.0,273.0,85.0,67.0,73.0
165.0,226.0,74.0,40.0,20.0
28.0,167.0,24.0,2.0,6.0
59.0,283.0,65.0,72.0,31.0
98.0,335.0,137.0,152.0,49.0
98.0,148.0,137.0,22.0,14.0
955.0,404.0,143.0,202.0,157.0
38.0,167.0,48.0,25.0,18.0
28.0,167.0,47.0,23.0,15.0
95.0,518.0,153.0,468.0,331.0
63.0,301.0,63.0,62.0,29.0
192.0,181.0,85.0,168.0,78.0
192.0,273.0,226.0,77.0,481.0
61.0,156.0,72.0,22.0,42.0
256.0,296.0,69.0,81.0,35.0
100.0,194.0,145.0,168.0,128.0
40.0,226.0,55.0,37.0,21.0
427.0,240.0,470.0,130.0,623.0
49.0,146.0,57.0,50.0,24.0
699.0,260.0,709.0,59.0,926.0
102.0,164.0,153.0,13.0,344.0
33.0,237.0,57.0,47.0,24.0
133.0,273.0,151.0,64.0,23.0
999.0,519.0,999.0,497.0,999.0
32.0,111.0,40.0,18.0,11.0
0.0,0.0,0.0,0.0,0.0
57.0,241.0,63.0,47.0,29.0
53.0,217.0,55.0,37.0,21.0
43.0,197.0,52.0,36.0,20.0
48.0,312.0,52.0,36.0,21.0
383.0,353.0,490.0,152.0,283.0
77.0,317.0,59.0,100.0,26.0
63.0,306.0,74.0,121.0,44.0
59.0,255.0,60.0,58.0,26.0
48.0,228.0,56.0,41.0,22.0
90.0,330.0,84.0,226.0,181.0
59.0,299.0,69.0,83.0,36.0
100.0,273.0,151.0,64.0,29.0
45.0,222.0,55.0,37.0,21.0
133.0,347.0,87.0,132.0,105.0
49.0,236.0,55.0,44.0,24.0
60.0,301.0,71.0,83.0,36.0
33.0,282.0,66.0,81.0,35.0
59.0,329.0,67.0,88.0,37.0
206.0,278.0,224.0,589.0,429.0
80.0,353.0,99.0,152.0,124.0
279.0,335.0,298.0,118.0,81.0
41.0,197.0,65.0,36.0,35.0
29.0,138.0,40.0,18.0,11.0
126.0,52.0,153.0,2.0,369.0
63.0,292.0,74.0,79.0,33.0
91.0,241.0,60.0,43.0,22.0
683.0,325.0,709.0,110.0,43.0
102.0,386.0,152.0,223.0,368.0
166.0,140.0,42.0,19.0,11.0
43.0,171.0,51.0,26.0,17.0
21.0,167.0,27.0,25.0,17.0
100.0,480.0,151.0,366.0,289.0
49.0,240.0,58.0,50.0,24.0
43.0,193.0,58.0,34.0,20.0
49.0,228.0,56.0,41.0,22.0
0.0,0.0,0.0,0.0,0.0
78.0,510.0,86.0,373.0,96.0
63.0,313.0,72.0,100.0,43.0
35.0,273.0,44.0,66.0,30.0
91.0,326.0,107.0,117.0,155.0
98.0,312.0,165.0,97.0,368.0
71.0,354.0,85.0,118.0,78.0
48.0,248.0,56.0,43.0,22.0
28.0,163.0,44.0,22.0,14.0
80.0,438.0,114.0,226.0,181.0
166.0,191.0,265.0,34.0,44.0
49.0,247.0,58.0,50.0,24.0
60.0,301.0,71.0,83.0,36.0
70.0,257.0,84.0,52.0,8.0
91.0,474.0,137.0,290.0,260.0
40.0,151.0,49.0,36.0,20.0
206.0,366.0,124.0,204.0,170.0
69.0,217.0,52.0,36.0,20.0
71.0,335.0,85.0,118.0,78.0
67.0,151.0,78.0,22.0,14.0
28.0,122.0,30.0,7.0,8.0
205.0,632.0,208.0,558.0,431.0
82.0,260.0,101.0,172.0,139.0
78.0,146.0,90.0,19.0,118.0
72.0,301.0,87.0,115.0,154.0
50.0,240.0,57.0,47.0,24.0
58.0,312.0,74.0,93.0,43.0
82.0,437.0,116.0,213.0,173.0
49.0,236.0,56.0,44.0,24.0
70.0,330.0,84.0,117.0,76.0
205.0,76.0,86.0,2.0,96.0
49.0,240.0,58.0,47.0,24.0
78.0,330.0,90.0,130.0,118.0
42.0,325.0,50.0,36.0,20.0
80.0,122.0,34.0,22.0,8.0
285.0,222.0,116.0,40.0,128.0
206.0,406.0,90.0,150.0,118.0
72.0,353.0,86.0,168.0,101.0
70.0,223.0,84.0,37.0,21.0
166.0,748.0,175.0,550.0,431.0
186.0,528.0,181.0,538.0,416.0
63.0,282.0,72.0,72.0,24.0
93.0,353.0,86.0,125.0,96.0
59.0,247.0,57.0,47.0,24.0
82.0,197.0,65.0,36.0,20.0
77.0,314.0,74.0,100.0,49.0
63.0,314.0,73.0,100.0,44.0
80.0,228.0,99.0,41.0,128.0
95.0,528.0,123.0,538.0,194.0
59.0,228.0,65.0,41.0,22.0
62.0,306.0,85.0,88.0,38.0
31.0,191.0,52.0,34.0,20.0
33.0,165.0,48.0,23.0,15.0
77.0,339.0,90.0,192.0,99.0
28.0,106.0,27.0,10.0,8.0
35.0,139.0,44.0,19.0,11.0
91.0,167.0,48.0,25.0,17.0
71.0,173.0,85.0,28.0,18.0
79.0,148.0,72.0,22.0,8.0
64.0,314.0,76.0,100.0,50.0
91.0,167.0,152.0,25.0,274.0
21.0,181.0,20.0,2.0,3.0
28.0,221.0,27.0,7.0,7.0
63.0,506.0,107.0,172.0,155.0
53.0,240.0,57.0,47.0,24.0
40.0,366.0,44.0,22.0,14.0
183.0,337.0,157.0,153.0,369.0
45.0,221.0,55.0,37.0,21.0
61.0,304.0,71.0,88.0,37.0
59.0,297.0,69.0,81.0,35.0
43.0,171.0,49.0,25.0,17.0
91.0,354.0,103.0,211.0,170.0
27.0,188.0,20.0,30.0,19.0
82.0,354.0,101.0,152.0,141.0
96.0,301.0,124.0,150.0,119.0
58.0,223.0,63.0,37.0,19.0
45.0,193.0,55.0,34.0,20.0
77.0,330.0,87.0,118.0,105.0
59.0,247.0,66.0,50.0,24.0
315.0,299.0,143.0,82.0,35.0
48.0,304.0,71.0,88.0,37.0
80.0,647.0,77.0,576.0,477.0
861.0,354.0,783.0,576.0,963.0
77.0,193.0,86.0,132.0,99.0
186.0,337.0,182.0,223.0,417.0
555.0,217.0,709.0,576.0,963.0
79.0,353.0,92.0,148.0,119.0
84.0,386.0,101.0,173.0,141.0
49.0,284.0,65.0,76.0,22.0
39.0,647.0,54.0,36.0,20.0
65.0,76.0,24.0,2.0,6.0
54.0,240.0,56.0,41.0,22.0
58.0,255.0,70.0,36.0,20.0
279.0,226.0,298.0,18.0,722.0
38.0,199.0,39.0,18.0,10.0
59.0,167.0,72.0,25.0,17.0
166.0,111.0,22.0,2.0,4.0
328.0,292.0,470.0,79.0,33.0
45.0,140.0,55.0,19.0,10.0
183.0,999.0,200.0,999.0,657.0
59.0,122.0,27.0,18.0,8.0
78.0,302.0,90.0,57.0,118.0
100.0,0.0,149.0,0.0,283.0
59.0,255.0,69.0,56.0,35.0
100.0,25.0,149.0,367.0,287.0
24.0,433.0,24.0,100.0,47.0
20.0,205.0,52.0,36.0,20.0
41.0,52.0,50.0,30.0,19.0
59.0,312.0,69.0,93.0,35.0
28.0,469.0,27.0,618.0,16.0
82.0,386.0,101.0,173.0,141.0
84.0,165.0,24.0,7.0,7.0
160.0,317.0,165.0,102.0,53.0
90.0,0.0,107.0,0.0,155.0
50.0,265.0,61.0,62.0,26.0
80.0,165.0,103.0,30.0,19.0
861.0,164.0,152.0,23.0,15.0
38.0,173.0,48.0,28.0,18.0
100.0,347.0,149.0,137.0,283.0
71.0,343.0,85.0,118.0,78.0
58.0,301.0,63.0,83.0,36.0
41.0,178.0,50.0,30.0,19.0
59.0,226.0,69.0,37.0,21.0
99.0,242.0,147.0,40.0,274.0
489.0,999.0,537.0,861.0,722.0
62.0,347.0,72.0,110.0,60.0
45.0,217.0,55.0,36.0,22.0
371.0,233.0,470.0,622.0,509.0
39.0,222.0,48.0,59.0,25.0
29.0,273.0,44.0,58.0,26.0
208.0,480.0,225.0,538.0,386.0
35.0,146.0,43.0,20.0,11.0
183.0,237.0,61.0,44.0,29.0
140.0,528.0,164.0,468.0,369.0
552.0,228.0,68.0,41.0,25.0
62.0,297.0,71.0,82.0,36.0
206.0,632.0,224.0,558.0,429.0
71.0,222.0,85.0,40.0,22.0
28.0,146.0,44.0,22.0,12.0
33.0,156.0,45.0,22.0,14.0
64.0,240.0,48.0,47.0,24.0
699.0,221.0,783.0,286.0,274.0
59.0,296.0,71.0,81.0,35.0
50.0,252.0,58.0,56.0,25.0
91.0,518.0,114.0,428.0,344.0
59.0,366.0,69.0,30.0,26.0
65.0,292.0,77.0,80.0,35.0
50.0,248.0,58.0,51.0,25.0
27.0,106.0,24.0,10.0,7.0
699.0,650.0,822.0,585.0,926.0
58.0,268.0,63.0,62.0,29.0
45.0,313.0,49.0,100.0,53.0
63.0,228.0,74.0,52.0,25.0
33.0,252.0,78.0,57.0,19.0
63.0,347.0,88.0,131.0,107.0
955.0,308.0,85.0,117.0,73.0
63.0,167.0,74.0,25.0,32.0
50.0,241.0,58.0,45.0,24.0
91.0,273.0,49.0,64.0,26.0
71.0,329.0,85.0,117.0,78.0
40.0,347.0,86.0,131.0,101.0
82.0,146.0,103.0,195.0,151.0
165.0,296.0,164.0,386.0,334.0
35.0,248.0,60.0,51.0,25.0
130.0,165.0,265.0,23.0,623.0
80.0,375.0,99.0,152.0,128.0
50.0,205.0,58.0,36.0,20.0
41.0,178.0,50.0,30.0,19.0
91.0,404.0,116.0,223.0,174.0
20.0,0.0,0.0,0.0,0.0
315.0,171.0,57.0,27.0,25.0
216.0,282.0,70.0,72.0,35.0
65.0,375.0,51.0,30.0,19.0
46.0,228.0,55.0,41.0,20.0
33.0,122.0,48.0,2.0,0.0
45.0,221.0,55.0,37.0,21.0
65.0,282.0,66.0,72.0,31.0
59.0,257.0,68.0,77.0,33.0
80.0,354.0,93.0,151.0,124.0
73.0,171.0,85.0,26.0,78.0
59.0,313.0,71.0,100.0,49.0
71.0,335.0,85.0,118.0,78.0
59.0,289.0,69.0,79.0,33.0
216.0,580.0,182.0,550.0,417.0
34.0,241.0,48.0,79.0,35.0
63.0,284.0,71.0,76.0,32.0
213.0,222.0,78.0,22.0,14.0
91.0,437.0,116.0,222.0,174.0
91.0,284.0,55.0,77.0,23.0
91.0,348.0,123.0,168.0,194.0
54.0,292.0,72.0,79.0,43.0
28.0,215.0,27.0,36.0,7.0
59.0,296.0,69.0,80.0,34.0
100.0,518.0,151.0,428.0,361.0
31.0,233.0,39.0,41.0,10.0
31.0,148.0,22.0,2.0,3.0
126.0,178.0,151.0,223.0,303.0
91.0,343.0,114.0,192.0,160.0
63.0,347.0,85.0,118.0,78.0
256.0,160.0,298.0,2.0,6.0
91.0,469.0,114.0,211.0,173.0
33.0,140.0,41.0,19.0,11.0
63.0,217.0,54.0,36.0,20.0
29.0,580.0,72.0,550.0,128.0
38.0,165.0,48.0,23.0,15.0
80.0,163.0,72.0,90.0,40.0
37.0,268.0,41.0,62.0,25.0
28.0,223.0,27.0,37.0,7.0
39.0,167.0,48.0,25.0,17.0
315.0,297.0,43.0,22.0,12.0
78.0,257.0,90.0,57.0,118.0
27.0,222.0,90.0,37.0,118.0
197.0,303.0,71.0,88.0,37.0
999.0,647.0,999.0,576.0,999.0
71.0,335.0,85.0,118.0,78.0
130.0,386.0,101.0,173.0,139.0
140.0,519.0,164.0,468.0,368.0
71.0,330.0,85.0,118.0,78.0
38.0,353.0,48.0,150.0,120.0
45.0,78.0,57.0,2.0,24.0
45.0,222.0,55.0,37.0,21.0
34.0,257.0,34.0,57.0,8.0
70.0,354.0,84.0,173.0,141.0
52.0,178.0,63.0,30.0,19.0
82.0,437.0,103.0,195.0,151.0
86.0,301.0,72.0,83.0,44.0
315.0,160.0,44.0,22.0,14.0
38.0,146.0,48.0,20.0,11.0
72.0,353.0,86.0,173.0,139.0
59.0,302.0,68.0,77.0,32.0
45.0,221.0,54.0,37.0,20.0
29.0,240.0,36.0,47.0,24.0
80.0,283.0,88.0,72.0,109.0
28.0,255.0,33.0,17.0,8.0
43.0,199.0,51.0,36.0,20.0
59.0,296.0,69.0,81.0,35.0
21.0,199.0,55.0,36.0,20.0
33.0,140.0,41.0,19.0,11.0
51.0,228.0,59.0,47.0,24.0
131.0,519.0,152.0,538.0,331.0
41.0,223.0,50.0,37.0,19.0
133.0,173.0,200.0,28.0,18.0
63.0,282.0,72.0,100.0,41.0
78.0,519.0,90.0,428.0,120.0
59.0,302.0,69.0,80.0,33.0
231.0,167.0,298.0,550.0,417.0
37.0,226.0,58.0,40.0,24.0
555.0,153.0,709.0,22.0,926.0
50.0,236.0,58.0,44.0,24.0
71.0,337.0,86.0,17.0,11.0
40.0,282.0,48.0,72.0,18.0
80.0,337.0,92.0,213.0,173.0
74.0,217.0,89.0,36.0,109.0
102.0,650.0,155.0,585.0,567.0
100.0,299.0,71.0,80.0,31.0
20.0,156.0,36.0,22.0,14.0
35.0,233.0,44.0,22.0,11.0
59.0,346.0,74.0,90.0,40.0
39.0,167.0,48.0,25.0,17.0
40.0,76.0,48.0,2.0,4.0
20.0,236.0,27.0,7.0,7.0
100.0,347.0,147.0,138.0,110.0
45.0,284.0,55.0,62.0,29.0
96.0,240.0,116.0,47.0,173.0
78.0,337.0,90.0,121.0,118.0
59.0,289.0,68.0,77.0,33.0
99.0,165.0,47.0,23.0,15.0
63.0,313.0,74.0,100.0,47.0
54.0,205.0,55.0,36.0,22.0
91.0,438.0,114.0,226.0,181.0
130.0,217.0,151.0,36.0,303.0
35.0,348.0,44.0,135.0,89.0
205.0,632.0,208.0,558.0,431.0
315.0,171.0,44.0,18.0,11.0
50.0,156.0,58.0,22.0,11.0
98.0,437.0,114.0,222.0,177.0
74.0,518.0,48.0,589.0,477.0
59.0,240.0,66.0,47.0,24.0
63.0,273.0,74.0,66.0,35.0
285.0,438.0,298.0,222.0,579.0
206.0,406.0,226.0,204.0,481.0
59.0,296.0,69.0,88.0,37.0
433.0,236.0,526.0,44.0,716.0
45.0,138.0,54.0,30.0,19.0
71.0,330.0,85.0,118.0,78.0
46.0,223.0,55.0,37.0,22.0
42.0,404.0,114.0,202.0,170.0
555.0,273.0,709.0,64.0,926.0
29.0,160.0,44.0,22.0,12.0
59.0,283.0,69.0,72.0,35.0
197.0,520.0,200.0,558.0,429.0
96.0,469.0,116.0,226.0,181.0
91.0,347.0,114.0,133.0,107.0
43.0,228.0,56.0,41.0,22.0
487.0,278.0,999.0,618.0,999.0
28.0,156.0,30.0,28.0,8.0
63.0,302.0,72.0,87.0,36.0
489.0,335.0,85.0,118.0,78.0
41.0,178.0,50.0,30.0,19.0
861.0,302.0,71.0,87.0,36.0
140.0,217.0,73.0,62.0,35.0
63.0,330.0,72.0,77.0,32.0
46.0,223.0,55.0,37.0,22.0
62.0,164.0,71.0,23.0,15.0
128.0,506.0,155.0,290.0,369.0
41.0,301.0,50.0,36.0,19.0
20.0,289.0,99.0,100.0,43.0
186.0,528.0,181.0,538.0,416.0
34.0,138.0,45.0,22.0,14.0
35.0,223.0,45.0,62.0,28.0
96.0,437.0,116.0,214.0,170.0
35.0,146.0,45.0,22.0,14.0
28.0,449.0,27.0,3.0,7.0
32.0,248.0,36.0,52.0,25.0
216.0,580.0,265.0,550.0,417.0
49.0,205.0,55.0,36.0,20.0
59.0,296.0,68.0,79.0,33.0
58.0,268.0,63.0,62.0,29.0
21.0,237.0,20.0,18.0,11.0
90.0,348.0,137.0,36.0,32.0
49.0,437.0,84.0,214.0,118.0
165.0,518.0,157.0,428.0,364.0
215.0,404.0,145.0,202.0,287.0
91.0,347.0,89.0,133.0,107.0
208.0,632.0,208.0,558.0,431.0
59.0,236.0,66.0,43.0,22.0
65.0,312.0,78.0,100.0,53.0
216.0,306.0,265.0,88.0,118.0
279.0,748.0,298.0,753.0,579.0
0.0,228.0,0.0,3.0,0.0
90.0,353.0,107.0,138.0,157.0
82.0,167.0,103.0,25.0,151.0
100.0,301.0,88.0,83.0,99.0
64.0,296.0,87.0,80.0,107.0
42.0,205.0,52.0,36.0,20.0
33.0,178.0,50.0,30.0,19.0
0.0,0.0,0.0,0.0,0.0
91.0,375.0,114.0,173.0,141.0
45.0,221.0,55.0,37.0,21.0
64.0,233.0,73.0,30.0,19.0
71.0,330.0,85.0,118.0,78.0
40.0,301.0,65.0,70.0,31.0
40.0,314.0,71.0,100.0,38.0
106.0,517.0,153.0,428.0,361.0
21.0,353.0,100.0,150.0,118.0
50.0,172.0,58.0,27.0,23.0
683.0,647.0,728.0,806.0,613.0
49.0,278.0,74.0,79.0,35.0
106.0,506.0,153.0,118.0,78.0
60.0,308.0,71.0,90.0,40.0
29.0,233.0,55.0,37.0,21.0
40.0,172.0,48.0,36.0,18.0
100.0,480.0,151.0,367.0,289.0
92.0,304.0,121.0,223.0,181.0
128.0,520.0,164.0,538.0,369.0
59.0,304.0,66.0,88.0,37.0
98.0,528.0,175.0,538.0,386.0
861.0,528.0,999.0,538.0,999.0
59.0,265.0,66.0,62.0,31.0
126.0,517.0,153.0,417.0,344.0
128.0,361.0,175.0,618.0,716.0
91.0,283.0,68.0,72.0,32.0
78.0,353.0,90.0,148.0,109.0
49.0,199.0,51.0,36.0,20.0
28.0,106.0,27.0,7.0,7.0
35.0,163.0,45.0,22.0,14.0
91.0,386.0,116.0,173.0,174.0
82.0,171.0,101.0,23.0,16.0
433.0,480.0,526.0,366.0,289.0
21.0,296.0,22.0,30.0,19.0
91.0,273.0,100.0,152.0,123.0
131.0,138.0,156.0,22.0,12.0
27.0,178.0,51.0,30.0,19.0
93.0,284.0,67.0,77.0,32.0
34.0,146.0,43.0,22.0,11.0
70.0,151.0,84.0,117.0,76.0
74.0,353.0,87.0,138.0,115.0
70.0,361.0,84.0,100.0,139.0
133.0,348.0,67.0,77.0,32.0
63.0,296.0,66.0,67.0,31.0
50.0,260.0,59.0,57.0,26.0
40.0,194.0,48.0,18.0,18.0
96.0,386.0,116.0,173.0,173.0
315.0,178.0,72.0,19.0,31.0
59.0,205.0,65.0,36.0,20.0
59.0,283.0,67.0,72.0,32.0
73.0,217.0,85.0,125.0,96.0
77.0,193.0,88.0,57.0,23.0
0.0,0.0,0.0,0.0,0.0
59.0,222.0,55.0,37.0,22.0
49.0,146.0,50.0,30.0,19.0
27.0,205.0,27.0,36.0,20.0
49.0,156.0,56.0,36.0,20.0
133.0,520.0,149.0,366.0,289.0
73.0,347.0,89.0,135.0,109.0
21.0,78.0,20.0,2.0,0.0
128.0,517.0,153.0,417.0,344.0
206.0,284.0,244.0,618.0,509.0
91.0,296.0,121.0,90.0,40.0
40.0,205.0,48.0,36.0,18.0
99.0,375.0,87.0,172.0,107.0
59.0,406.0,66.0,2.0,3.0
555.0,226.0,709.0,37.0,38.0
59.0,248.0,66.0,50.0,31.0
335.0,257.0,480.0,56.0,623.0
197.0,221.0,153.0,202.0,154.0
32.0,260.0,40.0,18.0,11.0
78.0,116.0,90.0,10.0,118.0
96.0,319.0,78.0,102.0,53.0
80.0,437.0,105.0,222.0,157.0
77.0,347.0,86.0,130.0,105.0
91.0,438.0,116.0,214.0,173.0
999.0,353.0,999.0,148.0,999.0
215.0,348.0,709.0,135.0,110.0
21.0,25.0,20.0,2.0,3.0
59.0,215.0,66.0,36.0,20.0
91.0,482.0,143.0,353.0,266.0
86.0,236.0,105.0,57.0,154.0
128.0,520.0,157.0,538.0,369.0
98.0,437.0,107.0,211.0,157.0
45.0,194.0,52.0,36.0,20.0
80.0,228.0,56.0,41.0,22.0
78.0,282.0,90.0,70.0,31.0
126.0,241.0,153.0,47.0,24.0
71.0,335.0,85.0,118.0,78.0
49.0,301.0,48.0,82.0,32.0
41.0,289.0,50.0,30.0,19.0
61.0,278.0,71.0,70.0,31.0
54.0,217.0,54.0,36.0,20.0
128.0,282.0,151.0,72.0,303.0
294.0,284.0,324.0,806.0,602.0
80.0,353.0,99.0,152.0,124.0
93.0,163.0,147.0,22.0,123.0
43.0,178.0,60.0,30.0,26.0
433.0,248.0,526.0,841.0,716.0
294.0,650.0,156.0,576.0,368.0
63.0,163.0,74.0,36.0,20.0
49.0,237.0,57.0,44.0,24.0
43.0,223.0,52.0,37.0,21.0
53.0,240.0,58.0,47.0,24.0
35.0,242.0,44.0,26.0,12.0
555.0,520.0,709.0,468.0,303.0
59.0,339.0,69.0,125.0,31.0
100.0,228.0,151.0,366.0,289.0
59.0,282.0,65.0,102.0,50.0
81.0,296.0,101.0,82.0,139.0
98.0,268.0,63.0,62.0,29.0
54.0,265.0,62.0,62.0,29.0
28.0,153.0,27.0,18.0,8.0
29.0,146.0,34.0,20.0,8.0
102.0,517.0,153.0,585.0,344.0
98.0,661.0,175.0,3.0,7.0
91.0,325.0,78.0,115.0,73.0
92.0,301.0,126.0,77.0,151.0
64.0,205.0,73.0,36.0,20.0
59.0,278.0,66.0,70.0,31.0
61.0,308.0,71.0,93.0,41.0
59.0,165.0,69.0,24.0,35.0
128.0,247.0,124.0,17.0,205.0
71.0,469.0,90.0,286.0,128.0
34.0,165.0,44.0,23.0,15.0
35.0,273.0,44.0,66.0,35.0
49.0,223.0,55.0,37.0,21.0
63.0,289.0,72.0,93.0,41.0
100.0,510.0,147.0,386.0,334.0
102.0,242.0,147.0,37.0,289.0
37.0,163.0,45.0,22.0,14.0
91.0,223.0,45.0,37.0,24.0
77.0,319.0,89.0,102.0,53.0
49.0,240.0,57.0,47.0,24.0
206.0,226.0,226.0,40.0,481.0
20.0,296.0,20.0,2.0,3.0
216.0,312.0,265.0,102.0,23.0
59.0,306.0,69.0,88.0,34.0
63.0,292.0,72.0,79.0,33.0
28.0,78.0,33.0,3.0,7.0
91.0,438.0,137.0,376.0,303.0
205.0,329.0,208.0,550.0,429.0
20.0,116.0,22.0,2.0,4.0
54.0,283.0,62.0,72.0,31.0
71.0,353.0,85.0,102.0,78.0
92.0,386.0,120.0,173.0,141.0
77.0,353.0,83.0,137.0,101.0
371.0,240.0,604.0,56.0,24.0
106.0,301.0,153.0,83.0,36.0
59.0,283.0,69.0,72.0,33.0
35.0,163.0,45.0,22.0,14.0
43.0,178.0,49.0,30.0,19.0
28.0,343.0,27.0,172.0,141.0
100.0,217.0,149.0,37.0,21.0
421.0,165.0,526.0,24.0,716.0
80.0,353.0,93.0,222.0,173.0
71.0,122.0,86.0,7.0,7.0
59.0,303.0,69.0,90.0,43.0
51.0,647.0,59.0,36.0,24.0
99.0,178.0,143.0,30.0,22.0
28.0,140.0,33.0,19.0,8.0
186.0,528.0,182.0,538.0,417.0
41.0,223.0,50.0,37.0,19.0
63.0,282.0,74.0,83.0,41.0
128.0,482.0,152.0,226.0,181.0
186.0,650.0,182.0,585.0,417.0
95.0,330.0,324.0,118.0,623.0
90.0,406.0,107.0,195.0,154.0
42.0,178.0,50.0,30.0,19.0
0.0,228.0,0.0,41.0,0.0
206.0,167.0,126.0,25.0,17.0
48.0,228.0,56.0,41.0,22.0
335.0,999.0,480.0,999.0,657.0
59.0,172.0,69.0,27.0,35.0
21.0,303.0,71.0,88.0,37.0
62.0,301.0,72.0,87.0,36.0
70.0,237.0,182.0,45.0,567.0
38.0,226.0,58.0,37.0,24.0
54.0,226.0,61.0,37.0,22.0
91.0,289.0,114.0,2.0,96.0
96.0,268.0,57.0,45.0,24.0
38.0,240.0,51.0,47.0,17.0
79.0,289.0,69.0,79.0,34.0
79.0,242.0,60.0,76.0,26.0
29.0,353.0,121.0,143.0,181.0
46.0,223.0,55.0,37.0,21.0
90.0,406.0,107.0,204.0,155.0
102.0,160.0,151.0,22.0,283.0
82.0,160.0,103.0,22.0,148.0
27.0,25.0,24.0,2.0,4.0
33.0,156.0,41.0,22.0,12.0
82.0,0.0,85.0,0.0,23.0
49.0,255.0,60.0,58.0,26.0
67.0,228.0,78.0,40.0,177.0
37.0,221.0,55.0,37.0,21.0
78.0,312.0,90.0,102.0,118.0
91.0,296.0,68.0,82.0,35.0
77.0,354.0,90.0,150.0,120.0
64.0,240.0,56.0,47.0,24.0
81.0,292.0,61.0,79.0,33.0
61.0,255.0,72.0,67.0,31.0
47.0,469.0,114.0,235.0,154.0
96.0,647.0,105.0,550.0,417.0
79.0,302.0,0.0,52.0,0.0
59.0,296.0,69.0,81.0,35.0
96.0,330.0,121.0,118.0,173.0
63.0,314.0,74.0,100.0,49.0
43.0,205.0,52.0,36.0,20.0
48.0,0.0,56.0,0.0,22.0
100.0,482.0,151.0,366.0,287.0
59.0,304.0,69.0,88.0,38.0
421.0,354.0,92.0,150.0,120.0
74.0,353.0,87.0,137.0,115.0
77.0,347.0,89.0,137.0,110.0
433.0,354.0,526.0,151.0,716.0
427.0,226.0,514.0,40.0,32.0
54.0,247.0,61.0,58.0,26.0
294.0,278.0,225.0,36.0,20.0
58.0,247.0,63.0,52.0,25.0
95.0,240.0,124.0,47.0,24.0
285.0,241.0,101.0,45.0,25.0
166.0,517.0,175.0,428.0,361.0
34.0,248.0,42.0,47.0,11.0
206.0,165.0,225.0,168.0,266.0
72.0,146.0,86.0,20.0,11.0
427.0,518.0,470.0,428.0,331.0
59.0,301.0,70.0,83.0,36.0
45.0,228.0,54.0,40.0,21.0
64.0,308.0,74.0,100.0,47.0
92.0,375.0,126.0,226.0,181.0
29.0,303.0,76.0,110.0,49.0
64.0,319.0,71.0,102.0,53.0
95.0,386.0,123.0,173.0,107.0
190.0,314.0,189.0,806.0,429.0
49.0,163.0,42.0,22.0,11.0
39.0,193.0,48.0,25.0,18.0
65.0,347.0,77.0,102.0,50.0
335.0,406.0,103.0,204.0,155.0
59.0,301.0,69.0,87.0,37.0
59.0,296.0,69.0,79.0,34.0
58.0,296.0,63.0,90.0,30.0
57.0,265.0,62.0,62.0,29.0
215.0,347.0,291.0,132.0,105.0
86.0,205.0,90.0,36.0,24.0
131.0,265.0,157.0,353.0,368.0
59.0,278.0,68.0,67.0,31.0
40.0,406.0,107.0,204.0,155.0
79.0,354.0,92.0,151.0,123.0
49.0,252.0,114.0,52.0,194.0
43.0,197.0,52.0,36.0,20.0
32.0,106.0,27.0,7.0,7.0
421.0,386.0,514.0,173.0,141.0
215.0,193.0,54.0,34.0,20.0
279.0,178.0,298.0,30.0,19.0
96.0,236.0,56.0,44.0,24.0
59.0,347.0,69.0,138.0,35.0
33.0,138.0,41.0,19.0,11.0
216.0,292.0,181.0,58.0,417.0
28.0,165.0,27.0,24.0,8.0
54.0,255.0,63.0,58.0,26.0
64.0,153.0,72.0,27.0,18.0
215.0,153.0,60.0,56.0,26.0
77.0,326.0,85.0,115.0,81.0
63.0,172.0,74.0,36.0,20.0
59.0,296.0,71.0,81.0,35.0
328.0,193.0,490.0,34.0,613.0
32.0,236.0,39.0,43.0,8.0
23.0,366.0,22.0,2.0,4.0
165.0,406.0,151.0,0.0,287.0
71.0,312.0,71.0,88.0,38.0
692.0,354.0,822.0,18.0,716.0
383.0,268.0,490.0,66.0,30.0
183.0,517.0,44.0,22.0,13.0
62.0,194.0,72.0,100.0,43.0
61.0,273.0,71.0,66.0,30.0
487.0,257.0,537.0,10.0,722.0
60.0,302.0,71.0,87.0,36.0
165.0,386.0,165.0,173.0,141.0
77.0,347.0,88.0,135.0,109.0
421.0,223.0,526.0,841.0,722.0
20.0,178.0,47.0,22.0,15.0
231.0,325.0,224.0,79.0,453.0
131.0,193.0,153.0,376.0,331.0
421.0,335.0,126.0,45.0,24.0
63.0,273.0,56.0,66.0,30.0
28.0,252.0,33.0,121.0,81.0
131.0,437.0,157.0,497.0,368.0
59.0,89.0,65.0,70.0,31.0
59.0,265.0,66.0,62.0,28.0
82.0,284.0,101.0,131.0,101.0
71.0,228.0,85.0,41.0,23.0
49.0,292.0,24.0,79.0,33.0
38.0,205.0,48.0,36.0,19.0
206.0,240.0,200.0,40.0,26.0
65.0,339.0,77.0,47.0,24.0
74.0,248.0,86.0,131.0,99.0
28.0,122.0,34.0,17.0,8.0
279.0,404.0,298.0,202.0,579.0
102.0,296.0,153.0,110.0,60.0
216.0,171.0,224.0,45.0,174.0
205.0,199.0,30.0,17.0,8.0
78.0,217.0,90.0,36.0,118.0
96.0,317.0,124.0,102.0,128.0
81.0,304.0,100.0,88.0,38.0
35.0,139.0,44.0,22.0,13.0
59.0,247.0,69.0,50.0,35.0
49.0,194.0,55.0,34.0,22.0
63.0,589.0,62.0,57.0,26.0
205.0,510.0,237.0,622.0,509.0
38.0,348.0,48.0,153.0,119.0
197.0,326.0,152.0,115.0,64.0
315.0,247.0,60.0,59.0,26.0
106.0,273.0,153.0,67.0,36.0
28.0,135.0,56.0,18.0,11.0
60.0,292.0,71.0,79.0,34.0
80.0,480.0,123.0,235.0,194.0
50.0,240.0,58.0,47.0,25.0
206.0,188.0,225.0,622.0,481.0
240.0,330.0,291.0,110.0,141.0
59.0,273.0,69.0,22.0,14.0
45.0,248.0,58.0,50.0,24.0
82.0,284.0,103.0,77.0,369.0
29.0,172.0,59.0,25.0,26.0
205.0,297.0,42.0,82.0,35.0
47.0,268.0,55.0,40.0,22.0
21.0,178.0,22.0,30.0,19.0
33.0,252.0,63.0,37.0,21.0
205.0,330.0,153.0,117.0,344.0
65.0,140.0,78.0,19.0,11.0
59.0,308.0,72.0,102.0,44.0
67.0,191.0,78.0,138.0,53.0
63.0,304.0,72.0,83.0,36.0
32.0,122.0,40.0,18.0,11.0
84.0,248.0,99.0,56.0,128.0
41.0,178.0,50.0,30.0,19.0
64.0,329.0,74.0,117.0,73.0
58.0,278.0,62.0,67.0,29.0
64.0,232.0,86.0,30.0,19.0
96.0,999.0,490.0,999.0,657.0
489.0,248.0,84.0,51.0,25.0
80.0,337.0,85.0,118.0,78.0
80.0,278.0,65.0,66.0,30.0
206.0,650.0,224.0,585.0,453.0
48.0,260.0,56.0,44.0,23.0
82.0,449.0,121.0,226.0,181.0
205.0,437.0,226.0,204.0,477.0
39.0,164.0,48.0,36.0,20.0
47.0,335.0,55.0,118.0,22.0
43.0,167.0,52.0,25.0,17.0
33.0,178.0,44.0,30.0,19.0
80.0,308.0,99.0,93.0,128.0
80.0,347.0,99.0,152.0,124.0
90.0,353.0,107.0,138.0,155.0
100.0,520.0,151.0,386.0,303.0
49.0,217.0,55.0,37.0,21.0
20.0,528.0,470.0,538.0,416.0
383.0,999.0,490.0,999.0,657.0
43.0,165.0,52.0,34.0,20.0
100.0,354.0,149.0,151.0,287.0
59.0,242.0,66.0,36.0,25.0
91.0,397.0,105.0,195.0,154.0
315.0,106.0,352.0,13.0,21.0
63.0,240.0,72.0,45.0,42.0
84.0,433.0,123.0,222.0,160.0
73.0,313.0,87.0,131.0,105.0
38.0,139.0,48.0,19.0,11.0
77.0,257.0,87.0,58.0,128.0
21.0,25.0,20.0,2.0,3.0
82.0,226.0,101.0,38.0,123.0
82.0,375.0,101.0,172.0,139.0
82.0,999.0,100.0,999.0,657.0
80.0,406.0,99.0,152.0,124.0
23.0,312.0,101.0,102.0,128.0
197.0,284.0,124.0,77.0,205.0
90.0,165.0,71.0,22.0,15.0
47.0,217.0,55.0,37.0,20.0
683.0,308.0,120.0,226.0,181.0
35.0,153.0,44.0,22.0,12.0
78.0,353.0,90.0,137.0,110.0
74.0,313.0,86.0,102.0,101.0
256.0,474.0,145.0,290.0,205.0
999.0,528.0,999.0,538.0,999.0
48.0,197.0,56.0,36.0,22.0
78.0,301.0,85.0,83.0,36.0
63.0,296.0,66.0,82.0,35.0
699.0,25.0,822.0,2.0,579.0
84.0,236.0,103.0,44.0,148.0
61.0,297.0,71.0,58.0,26.0
49.0,223.0,51.0,37.0,21.0
59.0,297.0,69.0,80.0,35.0
45.0,337.0,87.0,133.0,107.0
371.0,506.0,526.0,386.0,334.0
160.0,273.0,164.0,64.0,369.0
91.0,278.0,66.0,67.0,31.0
54.0,242.0,59.0,50.0,24.0
78.0,474.0,90.0,309.0,274.0
240.0,193.0,277.0,34.0,567.0
279.0,116.0,298.0,13.0,579.0
20.0,292.0,100.0,168.0,119.0
61.0,146.0,48.0,22.0,14.0
48.0,217.0,56.0,36.0,22.0
699.0,375.0,101.0,172.0,139.0
279.0,480.0,298.0,286.0,222.0
28.0,437.0,103.0,213.0,157.0
206.0,273.0,57.0,47.0,24.0
45.0,217.0,55.0,37.0,21.0
93.0,518.0,153.0,428.0,344.0
77.0,580.0,89.0,309.0,274.0
45.0,172.0,48.0,27.0,16.0
79.0,25.0,92.0,2.0,3.0
59.0,223.0,70.0,36.0,35.0
131.0,528.0,182.0,538.0,416.0
489.0,999.0,490.0,999.0,657.0
100.0,348.0,99.0,152.0,128.0
40.0,304.0,72.0,88.0,37.0
102.0,217.0,152.0,36.0,22.0
59.0,329.0,66.0,56.0,31.0
78.0,284.0,89.0,77.0,110.0
0.0,0.0,0.0,0.0,0.0
57.0,191.0,50.0,30.0,19.0
383.0,301.0,490.0,83.0,99.0
78.0,165.0,90.0,23.0,18.0
186.0,650.0,182.0,589.0,417.0
59.0,308.0,69.0,90.0,36.0
100.0,354.0,149.0,151.0,123.0
91.0,326.0,114.0,115.0,73.0
31.0,148.0,45.0,22.0,15.0
279.0,510.0,298.0,373.0,579.0
20.0,160.0,114.0,235.0,194.0
82.0,228.0,103.0,41.0,148.0
315.0,304.0,208.0,558.0,431.0
60.0,237.0,71.0,45.0,24.0
100.0,173.0,149.0,386.0,334.0
59.0,257.0,68.0,59.0,33.0
861.0,252.0,123.0,117.0,194.0
186.0,173.0,175.0,28.0,18.0
93.0,449.0,121.0,226.0,181.0
59.0,296.0,65.0,81.0,35.0
160.0,151.0,165.0,22.0,14.0
80.0,148.0,73.0,22.0,43.0
20.0,165.0,56.0,30.0,22.0
37.0,237.0,47.0,138.0,15.0
256.0,273.0,60.0,66.0,26.0
421.0,445.0,100.0,223.0,26.0
33.0,140.0,41.0,19.0,11.0
28.0,140.0,40.0,19.0,11.0
215.0,116.0,126.0,17.0,8.0
59.0,282.0,67.0,76.0,32.0
190.0,397.0,153.0,223.0,174.0
86.0,348.0,93.0,135.0,119.0
62.0,303.0,71.0,88.0,37.0
46.0,163.0,44.0,22.0,14.0
37.0,449.0,47.0,30.0,15.0
33.0,139.0,41.0,19.0,11.0
41.0,138.0,24.0,25.0,17.0
35.0,268.0,44.0,22.0,14.0
102.0,474.0,114.0,286.0,33.0
59.0,296.0,69.0,81.0,35.0
166.0,252.0,175.0,62.0,28.0
38.0,437.0,48.0,2.0,4.0
40.0,167.0,48.0,25.0,17.0
54.0,248.0,59.0,52.0,25.0
71.0,330.0,85.0,118.0,78.0
33.0,178.0,41.0,22.0,12.0
683.0,312.0,114.0,223.0,174.0
45.0,236.0,55.0,44.0,24.0
552.0,386.0,709.0,192.0,151.0
21.0,164.0,20.0,2.0,3.0
61.0,240.0,60.0,47.0,24.0
49.0,252.0,56.0,56.0,26.0
91.0,330.0,89.0,118.0,105.0
256.0,194.0,143.0,223.0,160.0
31.0,111.0,39.0,36.0,20.0
39.0,167.0,48.0,25.0,17.0
80.0,375.0,93.0,172.0,139.0
91.0,165.0,88.0,24.0,15.0
190.0,580.0,200.0,576.0,429.0
82.0,242.0,57.0,47.0,24.0
59.0,156.0,48.0,22.0,18.0
63.0,240.0,65.0,47.0,30.0
24.0,469.0,30.0,8.0,8.0
59.0,308.0,68.0,77.0,33.0
49.0,247.0,58.0,50.0,24.0
90.0,339.0,156.0,36.0,364.0
43.0,314.0,51.0,102.0,24.0
41.0,178.0,50.0,30.0,19.0
59.0,301.0,70.0,83.0,36.0
41.0,171.0,49.0,28.0,18.0
27.0,308.0,72.0,93.0,41.0
45.0,217.0,55.0,37.0,21.0
43.0,194.0,50.0,30.0,16.0
95.0,469.0,123.0,235.0,194.0
421.0,999.0,490.0,999.0,657.0
71.0,339.0,85.0,125.0,76.0
205.0,236.0,57.0,44.0,24.0
59.0,248.0,58.0,51.0,25.0
206.0,193.0,226.0,618.0,481.0
54.0,437.0,116.0,213.0,173.0
59.0,284.0,69.0,77.0,35.0
20.0,940.0,36.0,36.0,31.0
91.0,449.0,114.0,226.0,177.0
59.0,217.0,72.0,37.0,22.0
24.0,178.0,24.0,3.0,7.0
57.0,248.0,62.0,62.0,29.0
21.0,116.0,24.0,3.0,7.0
33.0,165.0,33.0,24.0,8.0
35.0,122.0,44.0,17.0,11.0
69.0,247.0,72.0,50.0,42.0
100.0,433.0,151.0,235.0,287.0
433.0,268.0,63.0,62.0,29.0
23.0,226.0,54.0,36.0,20.0
63.0,296.0,74.0,81.0,34.0
45.0,240.0,55.0,37.0,21.0
71.0,308.0,86.0,110.0,96.0
59.0,171.0,69.0,25.0,17.0
20.0,178.0,50.0,30.0,19.0
240.0,228.0,225.0,40.0,477.0
63.0,302.0,73.0,80.0,35.0
78.0,347.0,89.0,135.0,107.0
28.0,153.0,27.0,7.0,7.0
78.0,347.0,88.0,135.0,109.0
90.0,240.0,107.0,45.0,174.0
82.0,437.0,101.0,211.0,148.0
28.0,89.0,24.0,3.0,7.0
51.0,312.0,59.0,52.0,25.0
62.0,146.0,71.0,20.0,24.0
20.0,228.0,55.0,38.0,21.0
0.0,226.0,0.0,37.0,0.0
91.0,156.0,152.0,22.0,13.0
35.0,173.0,44.0,30.0,14.0
35.0,116.0,43.0,17.0,11.0
861.0,282.0,59.0,72.0,31.0
35.0,260.0,44.0,22.0,14.0
35.0,163.0,45.0,22.0,14.0
315.0,111.0,34.0,8.0,7.0
128.0,273.0,151.0,367.0,303.0
0.0,25.0,0.0,2.0,0.0
190.0,520.0,182.0,538.0,417.0
34.0,205.0,44.0,36.0,20.0
102.0,283.0,152.0,72.0,417.0
82.0,940.0,103.0,861.0,151.0
50.0,226.0,52.0,36.0,20.0
192.0,302.0,225.0,80.0,35.0
39.0,167.0,48.0,25.0,17.0
28.0,312.0,27.0,62.0,8.0
91.0,632.0,153.0,386.0,334.0
53.0,343.0,96.0,130.0,115.0
59.0,284.0,68.0,76.0,32.0
47.0,193.0,56.0,34.0,20.0
131.0,240.0,156.0,47.0,364.0
100.0,284.0,149.0,77.0,287.0
63.0,153.0,71.0,25.0,43.0
40.0,197.0,48.0,27.0,18.0
82.0,319.0,101.0,102.0,53.0
98.0,223.0,123.0,37.0,21.0
49.0,236.0,56.0,44.0,24.0
59.0,301.0,69.0,80.0,35.0
190.0,247.0,189.0,50.0,417.0
489.0,284.0,237.0,66.0,30.0
100.0,273.0,66.0,67.0,31.0
100.0,517.0,155.0,417.0,364.0
40.0,172.0,48.0,27.0,18.0
21.0,312.0,99.0,153.0,128.0
49.0,237.0,58.0,45.0,24.0
46.0,222.0,55.0,37.0,22.0
692.0,386.0,72.0,173.0,43.0
38.0,265.0,48.0,51.0,16.0
49.0,406.0,57.0,143.0,26.0
61.0,301.0,72.0,83.0,33.0
692.0,480.0,143.0,353.0,266.0
206.0,386.0,224.0,173.0,567.0
42.0,178.0,50.0,30.0,19.0
552.0,151.0,514.0,22.0,12.0
165.0,0.0,153.0,0.0,926.0
126.0,517.0,153.0,417.0,344.0
39.0,163.0,48.0,25.0,17.0
79.0,226.0,72.0,37.0,21.0
692.0,165.0,56.0,24.0,24.0
190.0,580.0,182.0,550.0,417.0
48.0,232.0,56.0,36.0,22.0
35.0,165.0,44.0,23.0,15.0
45.0,178.0,55.0,30.0,19.0
80.0,140.0,40.0,19.0,11.0
78.0,14.0,90.0,47.0,118.0
552.0,165.0,709.0,23.0,963.0
61.0,242.0,72.0,43.0,43.0
80.0,326.0,100.0,168.0,128.0
46.0,215.0,55.0,37.0,21.0
47.0,25.0,55.0,2.0,4.0
102.0,260.0,152.0,66.0,30.0
82.0,297.0,107.0,102.0,154.0
53.0,284.0,68.0,77.0,33.0
28.0,301.0,69.0,83.0,33.0
140.0,228.0,24.0,36.0,20.0
59.0,353.0,69.0,168.0,73.0
130.0,520.0,156.0,428.0,364.0
21.0,173.0,20.0,28.0,18.0
43.0,273.0,90.0,66.0,32.0
59.0,292.0,69.0,79.0,34.0
28.0,242.0,33.0,50.0,11.0
63.0,353.0,96.0,152.0,123.0
50.0,241.0,58.0,47.0,24.0
63.0,163.0,72.0,2.0,35.0
59.0,228.0,65.0,62.0,26.0
140.0,353.0,165.0,150.0,124.0
59.0,282.0,69.0,80.0,35.0
59.0,278.0,63.0,70.0,31.0
59.0,375.0,67.0,137.0,44.0
285.0,302.0,114.0,100.0,50.0
98.0,167.0,116.0,25.0,173.0
59.0,284.0,68.0,77.0,33.0
51.0,255.0,59.0,52.0,25.0
78.0,284.0,90.0,76.0,120.0
91.0,347.0,101.0,153.0,170.0
315.0,164.0,50.0,30.0,19.0
328.0,178.0,470.0,36.0,20.0
49.0,76.0,57.0,18.0,24.0
29.0,312.0,34.0,97.0,8.0
39.0,163.0,48.0,22.0,15.0
64.0,165.0,45.0,22.0,14.0
91.0,173.0,120.0,28.0,15.0
165.0,172.0,156.0,26.0,613.0
371.0,510.0,164.0,376.0,369.0
59.0,135.0,61.0,2.0,4.0
256.0,160.0,48.0,23.0,15.0
285.0,260.0,324.0,62.0,602.0
74.0,353.0,88.0,152.0,128.0
165.0,222.0,63.0,62.0,29.0
63.0,173.0,72.0,28.0,64.0
34.0,160.0,44.0,25.0,17.0
552.0,348.0,89.0,132.0,109.0
96.0,386.0,101.0,173.0,139.0
131.0,480.0,157.0,309.0,368.0
54.0,248.0,107.0,51.0,157.0
64.0,312.0,74.0,100.0,47.0
70.0,330.0,84.0,130.0,76.0
40.0,151.0,48.0,10.0,18.0
231.0,289.0,78.0,82.0,53.0
21.0,76.0,20.0,2.0,3.0
208.0,289.0,352.0,59.0,613.0
33.0,167.0,58.0,25.0,24.0
53.0,337.0,58.0,52.0,25.0
64.0,284.0,76.0,77.0,8.0
285.0,172.0,50.0,30.0,19.0
82.0,297.0,99.0,79.0,128.0
140.0,437.0,151.0,366.0,287.0
77.0,347.0,89.0,135.0,109.0
72.0,303.0,86.0,88.0,47.0
32.0,299.0,47.0,22.0,15.0
489.0,273.0,277.0,226.0,181.0
49.0,236.0,56.0,44.0,22.0
60.0,296.0,71.0,81.0,35.0
487.0,528.0,537.0,861.0,722.0
40.0,282.0,48.0,37.0,18.0
40.0,146.0,47.0,22.0,15.0
29.0,237.0,48.0,44.0,24.0
37.0,167.0,48.0,25.0,17.0
35.0,312.0,45.0,88.0,37.0
213.0,228.0,56.0,41.0,22.0
999.0,296.0,999.0,558.0,999.0
100.0,445.0,149.0,226.0,260.0
21.0,240.0,58.0,47.0,24.0
92.0,375.0,120.0,172.0,170.0
48.0,228.0,56.0,41.0,22.0
45.0,240.0,58.0,47.0,24.0
28.0,116.0,33.0,17.0,8.0
59.0,302.0,70.0,87.0,36.0
28.0,122.0,33.0,17.0,8.0
692.0,165.0,728.0,22.0,477.0
78.0,306.0,77.0,100.0,50.0
32.0,135.0,40.0,18.0,11.0
279.0,284.0,151.0,558.0,417.0
32.0,146.0,41.0,22.0,11.0
64.0,178.0,57.0,47.0,24.0
34.0,173.0,44.0,34.0,20.0
95.0,25.0,121.0,290.0,260.0
50.0,221.0,58.0,41.0,24.0
40.0,139.0,85.0,18.0,18.0
59.0,273.0,66.0,64.0,29.0
80.0,278.0,71.0,72.0,35.0
131.0,283.0,156.0,72.0,364.0
433.0,519.0,526.0,468.0,602.0
70.0,178.0,84.0,19.0,11.0
41.0,193.0,52.0,34.0,20.0
206.0,292.0,225.0,130.0,99.0
59.0,222.0,69.0,70.0,31.0
683.0,528.0,709.0,538.0,926.0
315.0,236.0,55.0,44.0,22.0
65.0,317.0,83.0,102.0,60.0
54.0,308.0,60.0,90.0,26.0
49.0,257.0,57.0,58.0,26.0
59.0,299.0,70.0,83.0,36.0
60.0,296.0,71.0,83.0,36.0
215.0,283.0,145.0,72.0,274.0
28.0,146.0,36.0,22.0,14.0
192.0,296.0,200.0,558.0,431.0
52.0,240.0,59.0,47.0,24.0
63.0,252.0,72.0,66.0,30.0
140.0,519.0,157.0,497.0,368.0
63.0,339.0,72.0,125.0,73.0
91.0,248.0,114.0,36.0,154.0
35.0,437.0,114.0,213.0,170.0
63.0,406.0,116.0,204.0,155.0
49.0,193.0,55.0,34.0,21.0
192.0,469.0,139.0,290.0,266.0
71.0,353.0,86.0,138.0,44.0
91.0,314.0,107.0,88.0,157.0
69.0,354.0,90.0,138.0,118.0
51.0,165.0,59.0,41.0,26.0
487.0,517.0,537.0,497.0,722.0
100.0,482.0,149.0,366.0,289.0
91.0,167.0,120.0,25.0,17.0
50.0,233.0,9.0,41.0,22.0
91.0,273.0,101.0,64.0,139.0
61.0,302.0,71.0,87.0,36.0
59.0,284.0,69.0,76.0,32.0
77.0,217.0,85.0,52.0,25.0
165.0,519.0,164.0,497.0,369.0
35.0,163.0,45.0,22.0,14.0
82.0,260.0,116.0,22.0,19.0
73.0,215.0,66.0,34.0,20.0
126.0,748.0,153.0,622.0,509.0
59.0,111.0,55.0,17.0,22.0
37.0,135.0,47.0,23.0,15.0
102.0,138.0,153.0,417.0,344.0
42.0,226.0,63.0,62.0,29.0
65.0,247.0,78.0,50.0,24.0
33.0,248.0,41.0,51.0,24.0
51.0,273.0,59.0,52.0,25.0
80.0,353.0,93.0,148.0,119.0
27.0,178.0,24.0,30.0,6.0
77.0,296.0,89.0,80.0,24.0
38.0,178.0,48.0,25.0,17.0
48.0,226.0,55.0,37.0,21.0
59.0,325.0,85.0,115.0,78.0
102.0,445.0,116.0,223.0,174.0
45.0,217.0,54.0,36.0,20.0
487.0,106.0,514.0,30.0,19.0
69.0,335.0,85.0,118.0,78.0
58.0,146.0,114.0,20.0,8.0
50.0,247.0,58.0,50.0,25.0
82.0,257.0,103.0,19.0,148.0
82.0,138.0,103.0,19.0,11.0
58.0,265.0,63.0,62.0,29.0
59.0,199.0,69.0,28.0,10.0
86.0,361.0,103.0,195.0,148.0
71.0,330.0,84.0,117.0,76.0
38.0,173.0,48.0,27.0,28.0
100.0,226.0,151.0,366.0,303.0
71.0,255.0,86.0,57.0,26.0
29.0,122.0,34.0,17.0,8.0
216.0,221.0,277.0,37.0,481.0
45.0,171.0,55.0,26.0,21.0
328.0,283.0,470.0,806.0,613.0
216.0,278.0,367.0,66.0,579.0
208.0,236.0,265.0,44.0,579.0
71.0,160.0,83.0,22.0,14.0
72.0,289.0,86.0,93.0,76.0
80.0,353.0,93.0,172.0,139.0
53.0,148.0,50.0,36.0,20.0
40.0,151.0,48.0,22.0,14.0
100.0,347.0,147.0,130.0,101.0
57.0,301.0,63.0,83.0,36.0
60.0,299.0,71.0,82.0,26.0
35.0,299.0,44.0,66.0,30.0
73.0,284.0,87.0,117.0,96.0
23.0,306.0,27.0,8.0,8.0
43.0,172.0,52.0,27.0,18.0
91.0,172.0,114.0,366.0,289.0
215.0,632.0,244.0,618.0,481.0
77.0,397.0,88.0,195.0,109.0
102.0,480.0,152.0,366.0,287.0
45.0,222.0,55.0,37.0,21.0
28.0,146.0,27.0,22.0,13.0
43.0,217.0,52.0,37.0,20.0
28.0,228.0,30.0,41.0,8.0
100.0,353.0,152.0,143.0,151.0
39.0,317.0,48.0,38.0,24.0
999.0,528.0,999.0,538.0,999.0
58.0,217.0,226.0,41.0,481.0
38.0,173.0,86.0,27.0,18.0
79.0,178.0,84.0,30.0,19.0
71.0,222.0,85.0,37.0,21.0
77.0,346.0,86.0,131.0,101.0
59.0,296.0,69.0,80.0,35.0
71.0,304.0,71.0,88.0,37.0
28.0,151.0,49.0,28.0,18.0
33.0,135.0,39.0,17.0,8.0
21.0,151.0,20.0,2.0,3.0
183.0,437.0,103.0,214.0,128.0
91.0,325.0,114.0,115.0,105.0
28.0,146.0,27.0,8.0,7.0
315.0,122.0,62.0,17.0,10.0
71.0,335.0,85.0,118.0,78.0
106.0,165.0,153.0,24.0,331.0
100.0,353.0,149.0,150.0,287.0
59.0,122.0,66.0,223.0,32.0
93.0,520.0,175.0,806.0,579.0
315.0,248.0,85.0,43.0,22.0
421.0,278.0,526.0,138.0,716.0
51.0,172.0,59.0,27.0,25.0
31.0,116.0,39.0,8.0,7.0
43.0,301.0,52.0,83.0,36.0
315.0,237.0,101.0,353.0,266.0
58.0,255.0,63.0,52.0,24.0
78.0,386.0,90.0,173.0,118.0
59.0,241.0,66.0,57.0,26.0
74.0,312.0,86.0,97.0,101.0
294.0,282.0,480.0,72.0,24.0
100.0,445.0,149.0,353.0,283.0
65.0,173.0,78.0,30.0,19.0
21.0,248.0,20.0,50.0,26.0
38.0,236.0,56.0,44.0,23.0
34.0,240.0,66.0,47.0,31.0
54.0,940.0,61.0,861.0,42.0
38.0,139.0,27.0,19.0,11.0
21.0,0.0,20.0,1.0,1.0
28.0,122.0,33.0,17.0,8.0
489.0,52.0,30.0,8.0,8.0
53.0,257.0,60.0,58.0,26.0
71.0,296.0,86.0,81.0,36.0
29.0,302.0,68.0,87.0,32.0
73.0,163.0,86.0,22.0,12.0
192.0,632.0,200.0,558.0,429.0
102.0,433.0,151.0,367.0,289.0
59.0,226.0,65.0,38.0,29.0
40.0,296.0,63.0,81.0,34.0
82.0,140.0,48.0,19.0,15.0
59.0,284.0,68.0,77.0,33.0
96.0,517.0,143.0,195.0,109.0
65.0,76.0,77.0,2.0,3.0
82.0,165.0,47.0,23.0,15.0
86.0,296.0,69.0,81.0,35.0
59.0,351.0,70.0,137.0,115.0
34.0,148.0,44.0,22.0,13.0
99.0,510.0,153.0,386.0,331.0
91.0,438.0,114.0,222.0,177.0
35.0,167.0,45.0,23.0,15.0
21.0,302.0,87.0,88.0,105.0
80.0,146.0,99.0,20.0,128.0
59.0,260.0,63.0,67.0,26.0
28.0,106.0,30.0,7.0,7.0
52.0,589.0,59.0,558.0,25.0
90.0,248.0,107.0,50.0,24.0
28.0,292.0,24.0,79.0,7.0
126.0,517.0,153.0,226.0,181.0
683.0,940.0,324.0,861.0,602.0
35.0,153.0,44.0,22.0,14.0
96.0,78.0,48.0,7.0,18.0
102.0,236.0,182.0,558.0,417.0
58.0,240.0,69.0,47.0,22.0
100.0,188.0,149.0,22.0,13.0
315.0,528.0,352.0,538.0,416.0
82.0,404.0,101.0,202.0,157.0
215.0,178.0,52.0,30.0,19.0
133.0,517.0,153.0,417.0,344.0
28.0,178.0,50.0,30.0,19.0
165.0,255.0,56.0,45.0,24.0
78.0,172.0,90.0,202.0,110.0
47.0,233.0,55.0,44.0,23.0
42.0,171.0,50.0,30.0,19.0
32.0,139.0,42.0,19.0,11.0
59.0,257.0,65.0,58.0,26.0
91.0,178.0,43.0,30.0,19.0
98.0,240.0,139.0,47.0,24.0
28.0,217.0,30.0,8.0,8.0
29.0,148.0,40.0,19.0,11.0
41.0,197.0,50.0,36.0,20.0
82.0,303.0,103.0,88.0,37.0
692.0,510.0,101.0,366.0,141.0
63.0,217.0,74.0,30.0,32.0
54.0,283.0,60.0,72.0,26.0
100.0,308.0,152.0,93.0,44.0
63.0,292.0,74.0,70.0,31.0
48.0,292.0,56.0,79.0,22.0
47.0,226.0,55.0,38.0,22.0
80.0,337.0,99.0,121.0,128.0
53.0,242.0,60.0,58.0,26.0
38.0,167.0,48.0,25.0,17.0
205.0,217.0,101.0,37.0,19.0
40.0,314.0,54.0,36.0,20.0
64.0,304.0,71.0,88.0,37.0
47.0,223.0,55.0,37.0,22.0
92.0,181.0,120.0,22.0,177.0
23.0,236.0,27.0,8.0,7.0
40.0,228.0,48.0,41.0,22.0
186.0,528.0,181.0,538.0,416.0
999.0,647.0,999.0,585.0,999.0
63.0,335.0,85.0,118.0,78.0
70.0,283.0,84.0,117.0,76.0
166.0,167.0,42.0,22.0,11.0
48.0,222.0,56.0,37.0,22.0
294.0,520.0,352.0,538.0,602.0
37.0,232.0,47.0,23.0,15.0
43.0,517.0,151.0,386.0,334.0
371.0,268.0,61.0,62.0,26.0
74.0,232.0,92.0,43.0,128.0
43.0,240.0,57.0,47.0,24.0
45.0,265.0,55.0,62.0,29.0
62.0,289.0,71.0,87.0,37.0
35.0,146.0,47.0,22.0,15.0
208.0,650.0,224.0,618.0,477.0
45.0,221.0,55.0,37.0,21.0
29.0,248.0,60.0,50.0,25.0
