78.0,347.0,90.0,132.0,118.0
766.0,146.0,822.0,22.0,14.0
240.0,163.0,291.0,22.0,12.0
63.0,172.0,74.0,22.0,53.0
80.0,589.0,156.0,373.0,364.0
128.0,273.0,72.0,66.0,30.0
99.0,438.0,103.0,214.0,160.0
72.0,469.0,86.0,286.0,148.0
60.0,292.0,71.0,79.0,33.0
95.0,438.0,123.0,214.0,170.0
489.0,528.0,480.0,538.0,481.0
86.0,353.0,105.0,202.0,155.0
91.0,346.0,121.0,132.0,105.0
28.0,138.0,41.0,19.0,11.0
98.0,146.0,30.0,20.0,8.0
74.0,165.0,265.0,10.0,8.0
62.0,301.0,72.0,90.0,40.0
40.0,273.0,48.0,47.0,18.0
183.0,404.0,182.0,202.0,417.0
24.0,188.0,24.0,2.0,6.0
552.0,650.0,709.0,585.0,963.0
256.0,278.0,126.0,211.0,364.0
206.0,106.0,225.0,8.0,8.0
49.0,228.0,56.0,41.0,22.0
555.0,153.0,709.0,22.0,274.0
61.0,188.0,69.0,37.0,35.0
43.0,178.0,52.0,30.0,19.0
48.0,146.0,56.0,20.0,18.0
130.0,517.0,153.0,417.0,344.0
92.0,661.0,116.0,235.0,174.0
71.0,361.0,85.0,118.0,78.0
74.0,386.0,87.0,367.0,107.0
335.0,236.0,514.0,37.0,344.0
279.0,313.0,298.0,100.0,47.0
48.0,228.0,56.0,41.0,22.0
63.0,347.0,72.0,80.0,43.0
59.0,296.0,69.0,80.0,35.0
59.0,236.0,88.0,44.0,24.0
215.0,449.0,116.0,223.0,177.0
35.0,314.0,44.0,100.0,44.0
140.0,306.0,164.0,88.0,368.0
206.0,517.0,225.0,428.0,334.0
192.0,301.0,83.0,102.0,53.0
100.0,482.0,151.0,366.0,303.0
77.0,386.0,89.0,173.0,128.0
42.0,205.0,57.0,110.0,60.0
61.0,301.0,71.0,83.0,36.0
46.0,167.0,55.0,25.0,17.0
40.0,165.0,48.0,23.0,15.0
82.0,347.0,103.0,150.0,148.0
131.0,519.0,156.0,468.0,364.0
43.0,353.0,103.0,148.0,118.0
28.0,25.0,33.0,2.0,8.0
206.0,52.0,244.0,2.0,1.0
90.0,404.0,107.0,202.0,154.0
59.0,296.0,69.0,81.0,35.0
45.0,146.0,55.0,19.0,21.0
328.0,346.0,470.0,121.0,613.0
80.0,319.0,139.0,115.0,266.0
24.0,283.0,68.0,77.0,33.0
206.0,165.0,225.0,2.0,3.0
98.0,437.0,137.0,213.0,170.0
64.0,301.0,74.0,83.0,35.0
71.0,404.0,85.0,118.0,78.0
91.0,520.0,120.0,226.0,128.0
59.0,278.0,66.0,76.0,32.0
552.0,302.0,709.0,558.0,926.0
64.0,330.0,84.0,118.0,78.0
82.0,221.0,103.0,37.0,24.0
80.0,354.0,99.0,151.0,124.0
23.0,111.0,27.0,17.0,8.0
165.0,480.0,164.0,367.0,289.0
106.0,494.0,153.0,386.0,334.0
206.0,517.0,224.0,373.0,274.0
80.0,437.0,99.0,213.0,128.0
71.0,153.0,85.0,576.0,107.0
59.0,296.0,69.0,81.0,35.0
54.0,301.0,61.0,83.0,36.0
70.0,330.0,84.0,118.0,101.0
100.0,494.0,151.0,373.0,303.0
205.0,303.0,226.0,576.0,477.0
71.0,330.0,85.0,117.0,76.0
40.0,167.0,48.0,25.0,18.0
71.0,469.0,85.0,309.0,274.0
63.0,171.0,74.0,25.0,17.0
100.0,171.0,149.0,550.0,417.0
100.0,330.0,155.0,36.0,20.0
102.0,517.0,164.0,428.0,364.0
71.0,301.0,86.0,137.0,115.0
51.0,278.0,59.0,58.0,26.0
72.0,308.0,86.0,93.0,101.0
34.0,319.0,48.0,135.0,15.0
70.0,330.0,84.0,118.0,76.0
77.0,282.0,77.0,102.0,50.0
552.0,449.0,783.0,226.0,181.0
49.0,156.0,84.0,22.0,14.0
37.0,165.0,44.0,24.0,14.0
71.0,330.0,85.0,118.0,78.0
23.0,167.0,48.0,25.0,17.0
59.0,296.0,69.0,80.0,33.0
80.0,510.0,99.0,376.0,81.0
240.0,330.0,89.0,118.0,64.0
59.0,329.0,68.0,117.0,76.0
95.0,314.0,74.0,100.0,49.0
46.0,178.0,55.0,30.0,22.0
315.0,661.0,352.0,841.0,613.0
28.0,146.0,27.0,22.0,14.0
91.0,282.0,116.0,72.0,173.0
79.0,437.0,92.0,213.0,160.0
383.0,406.0,490.0,168.0,155.0
33.0,252.0,52.0,34.0,20.0
421.0,999.0,490.0,999.0,657.0
315.0,650.0,783.0,585.0,963.0
71.0,353.0,92.0,148.0,119.0
38.0,165.0,48.0,23.0,15.0
90.0,217.0,107.0,88.0,89.0
73.0,343.0,87.0,132.0,107.0
43.0,299.0,52.0,83.0,24.0
78.0,347.0,89.0,133.0,110.0
27.0,0.0,36.0,0.0,0.0
65.0,308.0,77.0,93.0,42.0
692.0,339.0,728.0,168.0,160.0
27.0,153.0,42.0,22.0,12.0
45.0,273.0,71.0,66.0,30.0
91.0,228.0,107.0,41.0,23.0
33.0,146.0,41.0,18.0,11.0
64.0,296.0,76.0,77.0,33.0
59.0,284.0,66.0,70.0,31.0
35.0,140.0,44.0,19.0,11.0
427.0,480.0,514.0,235.0,613.0
79.0,297.0,69.0,80.0,35.0
20.0,111.0,30.0,8.0,8.0
80.0,319.0,71.0,82.0,36.0
61.0,304.0,71.0,88.0,50.0
0.0,78.0,0.0,2.0,0.0
45.0,273.0,55.0,66.0,30.0
683.0,282.0,103.0,72.0,31.0
71.0,111.0,85.0,18.0,10.0
0.0,0.0,0.0,0.0,0.0
98.0,319.0,101.0,102.0,128.0
50.0,330.0,58.0,62.0,26.0
35.0,163.0,44.0,22.0,14.0
43.0,273.0,52.0,64.0,29.0
28.0,178.0,27.0,2.0,7.0
28.0,347.0,93.0,133.0,123.0
28.0,172.0,27.0,2.0,3.0
208.0,302.0,143.0,90.0,73.0
59.0,217.0,66.0,36.0,33.0
96.0,165.0,123.0,23.0,194.0
421.0,999.0,490.0,999.0,657.0
190.0,520.0,181.0,538.0,416.0
61.0,236.0,69.0,43.0,24.0
54.0,248.0,62.0,62.0,28.0
24.0,397.0,24.0,7.0,7.0
59.0,506.0,69.0,152.0,124.0
692.0,650.0,480.0,585.0,567.0
130.0,366.0,66.0,77.0,33.0
51.0,163.0,59.0,52.0,25.0
91.0,354.0,126.0,150.0,287.0
35.0,354.0,93.0,151.0,124.0
78.0,353.0,89.0,137.0,115.0
31.0,292.0,39.0,88.0,37.0
59.0,278.0,68.0,67.0,35.0
29.0,106.0,36.0,7.0,7.0
133.0,282.0,43.0,70.0,11.0
74.0,319.0,96.0,151.0,123.0
100.0,517.0,151.0,367.0,289.0
98.0,353.0,143.0,80.0,99.0
206.0,111.0,224.0,585.0,453.0
82.0,437.0,101.0,213.0,139.0
52.0,312.0,59.0,80.0,35.0
206.0,330.0,277.0,118.0,579.0
60.0,301.0,71.0,87.0,36.0
197.0,217.0,165.0,37.0,21.0
33.0,139.0,41.0,19.0,10.0
95.0,167.0,36.0,25.0,17.0
128.0,247.0,156.0,40.0,364.0
65.0,314.0,77.0,100.0,49.0
95.0,226.0,124.0,43.0,205.0
49.0,148.0,56.0,22.0,24.0
489.0,375.0,709.0,558.0,926.0
285.0,223.0,153.0,36.0,344.0
91.0,433.0,114.0,226.0,194.0
39.0,273.0,48.0,64.0,26.0
21.0,25.0,22.0,2.0,4.0
82.0,163.0,101.0,22.0,14.0
42.0,199.0,50.0,36.0,20.0
59.0,282.0,69.0,81.0,35.0
58.0,237.0,63.0,45.0,24.0
45.0,226.0,55.0,37.0,21.0
99.0,122.0,34.0,17.0,8.0
328.0,433.0,225.0,213.0,118.0
63.0,178.0,58.0,30.0,19.0
59.0,163.0,30.0,22.0,8.0
165.0,519.0,165.0,376.0,331.0
427.0,940.0,526.0,622.0,481.0
42.0,178.0,50.0,30.0,19.0
74.0,347.0,87.0,132.0,105.0
21.0,25.0,20.0,2.0,3.0
70.0,346.0,87.0,131.0,101.0
77.0,449.0,88.0,131.0,107.0
71.0,14.0,85.0,2.0,64.0
20.0,14.0,20.0,2.0,3.0
35.0,178.0,44.0,22.0,12.0
206.0,661.0,224.0,589.0,453.0
208.0,748.0,226.0,618.0,481.0
335.0,160.0,470.0,22.0,613.0
50.0,122.0,40.0,17.0,11.0
63.0,313.0,74.0,102.0,50.0
315.0,301.0,526.0,88.0,716.0
49.0,146.0,57.0,41.0,22.0
23.0,306.0,72.0,90.0,40.0
86.0,122.0,33.0,13.0,17.0
71.0,163.0,63.0,22.0,11.0
63.0,241.0,123.0,52.0,205.0
90.0,148.0,39.0,22.0,12.0
35.0,283.0,44.0,130.0,11.0
63.0,506.0,55.0,72.0,20.0
28.0,353.0,27.0,22.0,7.0
197.0,296.0,20.0,81.0,35.0
71.0,347.0,86.0,133.0,109.0
487.0,181.0,537.0,841.0,722.0
102.0,284.0,68.0,77.0,32.0
98.0,312.0,105.0,97.0,154.0
70.0,236.0,84.0,77.0,60.0
190.0,312.0,153.0,97.0,303.0
78.0,283.0,90.0,18.0,118.0
206.0,647.0,226.0,622.0,481.0
279.0,172.0,298.0,576.0,579.0
54.0,228.0,63.0,41.0,30.0
59.0,292.0,69.0,62.0,32.0
43.0,282.0,55.0,72.0,31.0
62.0,301.0,72.0,87.0,60.0
39.0,135.0,48.0,18.0,18.0
100.0,284.0,65.0,77.0,31.0
92.0,406.0,181.0,152.0,417.0
43.0,228.0,52.0,41.0,22.0
315.0,449.0,352.0,226.0,613.0
39.0,167.0,48.0,25.0,17.0
59.0,301.0,69.0,79.0,35.0
48.0,151.0,56.0,37.0,24.0
70.0,326.0,84.0,115.0,64.0
699.0,222.0,514.0,36.0,716.0
82.0,278.0,103.0,195.0,151.0
160.0,240.0,164.0,47.0,368.0
64.0,297.0,70.0,82.0,36.0
58.0,228.0,60.0,40.0,23.0
294.0,273.0,55.0,37.0,21.0
49.0,278.0,137.0,67.0,29.0
27.0,265.0,30.0,2.0,4.0
45.0,146.0,55.0,18.0,11.0
47.0,236.0,55.0,44.0,22.0
35.0,178.0,44.0,22.0,14.0
40.0,228.0,48.0,30.0,18.0
43.0,236.0,51.0,44.0,22.0
197.0,343.0,244.0,130.0,266.0
29.0,122.0,34.0,17.0,8.0
58.0,330.0,63.0,62.0,29.0
72.0,241.0,86.0,47.0,99.0
999.0,386.0,999.0,195.0,999.0
126.0,517.0,153.0,417.0,344.0
38.0,167.0,63.0,25.0,29.0
213.0,0.0,237.0,0.0,0.0
54.0,240.0,59.0,47.0,24.0
45.0,178.0,54.0,30.0,19.0
699.0,226.0,39.0,38.0,10.0
54.0,296.0,60.0,81.0,26.0
59.0,292.0,69.0,79.0,33.0
65.0,353.0,78.0,100.0,53.0
64.0,232.0,52.0,47.0,21.0
65.0,337.0,78.0,102.0,53.0
21.0,217.0,54.0,37.0,20.0
35.0,317.0,36.0,2.0,4.0
82.0,482.0,100.0,353.0,128.0
91.0,215.0,114.0,222.0,174.0
20.0,78.0,20.0,2.0,0.0
256.0,386.0,298.0,173.0,716.0
205.0,173.0,44.0,28.0,7.0
21.0,25.0,20.0,2.0,3.0
206.0,223.0,54.0,37.0,20.0
67.0,306.0,78.0,88.0,38.0
45.0,223.0,55.0,37.0,22.0
78.0,191.0,48.0,34.0,19.0
28.0,146.0,33.0,22.0,8.0
84.0,317.0,96.0,110.0,123.0
100.0,156.0,149.0,309.0,579.0
91.0,241.0,139.0,58.0,26.0
45.0,205.0,55.0,36.0,20.0
555.0,437.0,116.0,213.0,173.0
102.0,228.0,153.0,36.0,369.0
27.0,282.0,63.0,62.0,29.0
35.0,375.0,44.0,223.0,205.0
58.0,248.0,63.0,51.0,26.0
206.0,361.0,30.0,2.0,8.0
72.0,292.0,86.0,130.0,105.0
955.0,260.0,189.0,62.0,29.0
489.0,339.0,514.0,861.0,716.0
53.0,474.0,58.0,235.0,24.0
28.0,76.0,33.0,2.0,4.0
91.0,191.0,114.0,223.0,177.0
52.0,301.0,59.0,83.0,38.0
20.0,111.0,24.0,10.0,7.0
49.0,146.0,41.0,22.0,11.0
38.0,164.0,48.0,23.0,15.0
91.0,284.0,107.0,118.0,157.0
183.0,242.0,52.0,36.0,20.0
489.0,306.0,60.0,58.0,26.0
72.0,348.0,86.0,133.0,109.0
335.0,438.0,480.0,550.0,623.0
165.0,589.0,165.0,558.0,431.0
186.0,520.0,182.0,538.0,417.0
80.0,139.0,149.0,25.0,17.0
197.0,347.0,93.0,132.0,101.0
208.0,661.0,237.0,618.0,509.0
35.0,160.0,44.0,22.0,14.0
62.0,353.0,69.0,148.0,33.0
58.0,273.0,63.0,64.0,29.0
37.0,135.0,45.0,18.0,11.0
166.0,520.0,175.0,538.0,386.0
58.0,240.0,63.0,45.0,26.0
215.0,650.0,277.0,585.0,567.0
72.0,240.0,101.0,58.0,139.0
80.0,406.0,99.0,204.0,128.0
21.0,482.0,20.0,366.0,331.0
52.0,237.0,59.0,45.0,26.0
63.0,265.0,71.0,62.0,28.0
40.0,171.0,48.0,25.0,18.0
39.0,167.0,48.0,25.0,17.0
61.0,308.0,71.0,90.0,40.0
31.0,165.0,39.0,24.0,10.0
91.0,312.0,116.0,100.0,47.0
102.0,518.0,153.0,417.0,344.0
29.0,139.0,36.0,19.0,11.0
59.0,337.0,72.0,121.0,60.0
65.0,325.0,83.0,115.0,64.0
133.0,632.0,265.0,558.0,429.0
43.0,167.0,51.0,25.0,19.0
100.0,197.0,151.0,366.0,289.0
999.0,146.0,999.0,373.0,999.0
213.0,325.0,86.0,115.0,99.0
65.0,122.0,86.0,17.0,722.0
35.0,139.0,44.0,19.0,15.0
45.0,228.0,56.0,44.0,24.0
27.0,156.0,24.0,3.0,7.0
54.0,312.0,65.0,100.0,47.0
82.0,326.0,103.0,102.0,110.0
63.0,308.0,72.0,93.0,41.0
49.0,241.0,58.0,47.0,24.0
130.0,406.0,153.0,204.0,331.0
40.0,146.0,48.0,20.0,18.0
315.0,314.0,73.0,100.0,42.0
49.0,236.0,56.0,44.0,24.0
91.0,449.0,116.0,226.0,181.0
71.0,361.0,85.0,153.0,124.0
28.0,111.0,27.0,10.0,7.0
77.0,223.0,90.0,37.0,173.0
285.0,163.0,324.0,22.0,8.0
59.0,284.0,68.0,77.0,32.0
77.0,163.0,90.0,192.0,157.0
70.0,312.0,44.0,22.0,14.0
61.0,260.0,71.0,58.0,30.0
38.0,178.0,50.0,30.0,19.0
58.0,167.0,63.0,25.0,17.0
33.0,78.0,39.0,3.0,7.0
71.0,330.0,84.0,118.0,78.0
20.0,0.0,22.0,0.0,4.0
80.0,304.0,99.0,152.0,128.0
58.0,255.0,63.0,62.0,29.0
71.0,178.0,85.0,18.0,32.0
285.0,520.0,999.0,558.0,999.0
35.0,146.0,44.0,22.0,13.0
45.0,178.0,55.0,58.0,26.0
98.0,520.0,143.0,618.0,266.0
335.0,303.0,352.0,83.0,36.0
59.0,353.0,66.0,100.0,49.0
38.0,153.0,42.0,22.0,11.0
99.0,361.0,120.0,152.0,148.0
54.0,228.0,56.0,41.0,22.0
82.0,240.0,66.0,58.0,26.0
70.0,339.0,84.0,118.0,78.0
285.0,354.0,324.0,753.0,602.0
46.0,76.0,55.0,37.0,22.0
59.0,241.0,72.0,88.0,37.0
29.0,111.0,48.0,17.0,18.0
40.0,193.0,63.0,34.0,29.0
82.0,317.0,103.0,62.0,155.0
82.0,296.0,101.0,81.0,177.0
71.0,197.0,52.0,36.0,20.0
59.0,366.0,69.0,168.0,35.0
23.0,172.0,24.0,7.0,7.0
20.0,25.0,20.0,2.0,3.0
31.0,146.0,39.0,22.0,12.0
95.0,353.0,92.0,143.0,118.0
91.0,354.0,107.0,211.0,157.0
45.0,282.0,55.0,70.0,22.0
82.0,273.0,101.0,66.0,109.0
63.0,228.0,74.0,22.0,13.0
45.0,348.0,55.0,18.0,19.0
35.0,140.0,44.0,19.0,11.0
21.0,284.0,20.0,2.0,3.0
59.0,317.0,69.0,52.0,25.0
91.0,433.0,114.0,222.0,174.0
33.0,140.0,41.0,19.0,11.0
65.0,404.0,103.0,202.0,154.0
80.0,282.0,90.0,135.0,110.0
59.0,138.0,69.0,22.0,477.0
71.0,329.0,85.0,117.0,78.0
49.0,217.0,57.0,37.0,24.0
63.0,282.0,65.0,70.0,31.0
80.0,252.0,90.0,57.0,99.0
28.0,135.0,33.0,18.0,8.0
58.0,292.0,63.0,79.0,24.0
489.0,138.0,84.0,18.0,35.0
59.0,138.0,65.0,19.0,31.0
91.0,437.0,107.0,214.0,155.0
48.0,233.0,56.0,43.0,23.0
99.0,347.0,145.0,131.0,99.0
46.0,223.0,54.0,36.0,20.0
29.0,122.0,39.0,17.0,11.0
29.0,222.0,36.0,37.0,25.0
59.0,296.0,69.0,81.0,35.0
90.0,343.0,107.0,130.0,60.0
766.0,236.0,52.0,36.0,20.0
82.0,282.0,101.0,52.0,26.0
73.0,354.0,86.0,151.0,99.0
58.0,353.0,63.0,110.0,22.0
65.0,173.0,86.0,28.0,96.0
70.0,140.0,84.0,27.0,124.0
34.0,138.0,43.0,18.0,11.0
205.0,589.0,208.0,558.0,431.0
427.0,438.0,526.0,222.0,155.0
421.0,520.0,324.0,468.0,602.0
40.0,167.0,48.0,25.0,18.0
160.0,347.0,164.0,130.0,369.0
59.0,273.0,63.0,66.0,30.0
91.0,232.0,151.0,41.0,303.0
29.0,260.0,30.0,93.0,8.0
59.0,273.0,66.0,66.0,28.0
70.0,335.0,84.0,118.0,76.0
96.0,167.0,48.0,25.0,16.0
32.0,111.0,40.0,18.0,11.0
43.0,197.0,52.0,36.0,20.0
28.0,25.0,34.0,2.0,4.0
45.0,217.0,55.0,37.0,21.0
28.0,228.0,30.0,40.0,8.0
100.0,474.0,149.0,367.0,289.0
131.0,480.0,156.0,367.0,364.0
59.0,273.0,66.0,66.0,30.0
34.0,330.0,60.0,118.0,64.0
39.0,167.0,48.0,25.0,17.0
23.0,111.0,27.0,7.0,7.0
315.0,222.0,55.0,37.0,21.0
54.0,329.0,60.0,59.0,26.0
100.0,303.0,149.0,367.0,287.0
59.0,248.0,69.0,77.0,35.0
58.0,397.0,65.0,77.0,32.0
0.0,0.0,0.0,0.0,0.0
192.0,273.0,182.0,64.0,417.0
279.0,252.0,298.0,36.0,613.0
82.0,354.0,99.0,137.0,128.0
73.0,248.0,87.0,51.0,25.0
130.0,223.0,58.0,59.0,24.0
40.0,160.0,48.0,22.0,14.0
46.0,228.0,55.0,40.0,22.0
48.0,236.0,56.0,44.0,23.0
59.0,312.0,69.0,64.0,30.0
69.0,437.0,120.0,214.0,170.0
43.0,146.0,48.0,20.0,15.0
165.0,351.0,147.0,137.0,99.0
42.0,296.0,51.0,80.0,26.0
58.0,252.0,78.0,62.0,53.0
77.0,353.0,126.0,148.0,120.0
51.0,252.0,59.0,56.0,26.0
40.0,153.0,47.0,23.0,15.0
31.0,205.0,352.0,36.0,613.0
71.0,325.0,86.0,115.0,101.0
58.0,353.0,63.0,152.0,124.0
206.0,632.0,226.0,558.0,429.0
40.0,164.0,50.0,30.0,19.0
78.0,151.0,83.0,117.0,73.0
294.0,172.0,298.0,618.0,602.0
206.0,116.0,224.0,17.0,283.0
285.0,299.0,224.0,79.0,34.0
192.0,173.0,49.0,28.0,18.0
65.0,353.0,77.0,153.0,50.0
32.0,111.0,27.0,7.0,7.0
35.0,171.0,44.0,26.0,18.0
197.0,474.0,155.0,309.0,344.0
166.0,241.0,175.0,30.0,19.0
80.0,347.0,86.0,133.0,101.0
285.0,506.0,147.0,373.0,287.0
59.0,273.0,65.0,66.0,30.0
45.0,172.0,57.0,36.0,24.0
50.0,247.0,58.0,50.0,25.0
59.0,228.0,69.0,79.0,33.0
35.0,160.0,44.0,22.0,14.0
82.0,361.0,101.0,168.0,139.0
59.0,265.0,62.0,62.0,28.0
82.0,314.0,103.0,100.0,49.0
64.0,265.0,74.0,77.0,33.0
48.0,282.0,56.0,67.0,23.0
91.0,278.0,72.0,67.0,31.0
100.0,354.0,147.0,151.0,123.0
43.0,193.0,52.0,34.0,20.0
50.0,237.0,58.0,47.0,24.0
64.0,226.0,44.0,37.0,14.0
999.0,661.0,999.0,589.0,999.0
70.0,347.0,84.0,133.0,76.0
43.0,215.0,52.0,36.0,20.0
206.0,661.0,225.0,589.0,477.0
33.0,193.0,50.0,34.0,22.0
23.0,25.0,24.0,2.0,6.0
78.0,343.0,86.0,130.0,101.0
59.0,273.0,71.0,64.0,29.0
183.0,228.0,55.0,41.0,22.0
52.0,284.0,59.0,36.0,20.0
80.0,353.0,120.0,131.0,11.0
35.0,122.0,44.0,17.0,8.0
77.0,236.0,105.0,43.0,154.0
47.0,301.0,78.0,36.0,20.0
43.0,197.0,52.0,34.0,20.0
38.0,146.0,48.0,22.0,15.0
58.0,0.0,24.0,0.0,8.0
41.0,178.0,50.0,30.0,19.0
208.0,25.0,20.0,2.0,3.0
35.0,236.0,44.0,44.0,24.0
70.0,301.0,69.0,77.0,33.0
71.0,348.0,85.0,118.0,78.0
28.0,89.0,27.0,3.0,8.0
77.0,296.0,69.0,81.0,35.0
71.0,296.0,85.0,81.0,35.0
33.0,167.0,41.0,23.0,11.0
78.0,326.0,90.0,137.0,118.0
205.0,517.0,156.0,538.0,364.0
21.0,52.0,42.0,19.0,11.0
40.0,228.0,48.0,37.0,18.0
82.0,296.0,103.0,8.0,148.0
59.0,284.0,68.0,77.0,33.0
79.0,346.0,86.0,131.0,101.0
58.0,292.0,63.0,79.0,32.0
28.0,14.0,24.0,7.0,7.0
59.0,302.0,66.0,87.0,36.0
91.0,135.0,90.0,1.0,118.0
102.0,510.0,157.0,386.0,368.0
59.0,283.0,69.0,72.0,31.0
35.0,160.0,45.0,22.0,16.0
692.0,284.0,78.0,70.0,31.0
49.0,163.0,56.0,22.0,14.0
371.0,999.0,490.0,999.0,657.0
328.0,940.0,470.0,841.0,613.0
61.0,172.0,65.0,62.0,30.0
45.0,215.0,55.0,37.0,21.0
98.0,520.0,181.0,538.0,416.0
21.0,25.0,20.0,2.0,3.0
315.0,252.0,59.0,52.0,25.0
80.0,228.0,93.0,43.0,109.0
552.0,506.0,604.0,286.0,260.0
74.0,353.0,87.0,137.0,107.0
294.0,325.0,367.0,117.0,73.0
183.0,580.0,182.0,550.0,417.0
57.0,241.0,56.0,45.0,24.0
861.0,247.0,69.0,50.0,24.0
46.0,248.0,55.0,51.0,25.0
59.0,299.0,66.0,83.0,36.0
82.0,386.0,101.0,173.0,141.0
328.0,247.0,237.0,50.0,25.0
73.0,347.0,88.0,133.0,109.0
197.0,301.0,74.0,83.0,36.0
186.0,164.0,44.0,23.0,12.0
35.0,165.0,45.0,22.0,15.0
106.0,171.0,153.0,25.0,368.0
80.0,226.0,96.0,133.0,123.0
20.0,14.0,20.0,1.0,1.0
33.0,163.0,45.0,22.0,14.0
80.0,283.0,90.0,77.0,36.0
59.0,178.0,65.0,30.0,30.0
80.0,284.0,84.0,115.0,76.0
82.0,354.0,100.0,213.0,109.0
555.0,148.0,709.0,22.0,926.0
20.0,312.0,59.0,52.0,25.0
80.0,296.0,101.0,173.0,139.0
74.0,140.0,86.0,19.0,11.0
59.0,296.0,69.0,81.0,35.0
79.0,386.0,101.0,192.0,139.0
35.0,171.0,45.0,25.0,17.0
81.0,289.0,36.0,102.0,19.0
74.0,480.0,101.0,290.0,274.0
90.0,353.0,107.0,150.0,120.0
79.0,308.0,139.0,93.0,260.0
91.0,437.0,116.0,214.0,170.0
102.0,14.0,42.0,2.0,11.0
54.0,252.0,48.0,56.0,26.0
70.0,326.0,85.0,115.0,73.0
315.0,297.0,51.0,102.0,41.0
45.0,193.0,55.0,37.0,21.0
59.0,330.0,77.0,118.0,89.0
39.0,273.0,62.0,64.0,29.0
47.0,283.0,27.0,72.0,8.0
82.0,248.0,87.0,58.0,26.0
21.0,146.0,24.0,20.0,7.0
20.0,240.0,65.0,47.0,26.0
46.0,228.0,61.0,77.0,34.0
47.0,193.0,55.0,34.0,22.0
208.0,632.0,298.0,558.0,431.0
78.0,314.0,76.0,100.0,50.0
71.0,335.0,85.0,118.0,78.0
40.0,171.0,48.0,25.0,18.0
102.0,510.0,153.0,386.0,334.0
43.0,236.0,52.0,41.0,22.0
61.0,304.0,71.0,88.0,37.0
40.0,222.0,22.0,2.0,4.0
64.0,273.0,74.0,66.0,30.0
90.0,284.0,107.0,76.0,155.0
51.0,242.0,59.0,50.0,25.0
100.0,226.0,149.0,37.0,22.0
63.0,306.0,72.0,90.0,40.0
208.0,317.0,208.0,558.0,431.0
91.0,273.0,709.0,57.0,10.0
67.0,329.0,78.0,50.0,60.0
29.0,273.0,59.0,64.0,11.0
49.0,233.0,58.0,37.0,24.0
38.0,469.0,114.0,213.0,170.0
206.0,306.0,225.0,88.0,477.0
69.0,347.0,87.0,133.0,105.0
91.0,386.0,114.0,173.0,141.0
27.0,265.0,24.0,30.0,7.0
427.0,314.0,526.0,841.0,722.0
335.0,510.0,470.0,386.0,613.0
49.0,273.0,58.0,83.0,24.0
73.0,289.0,87.0,83.0,36.0
59.0,240.0,66.0,47.0,24.0
63.0,313.0,72.0,90.0,40.0
73.0,330.0,85.0,117.0,78.0
28.0,164.0,27.0,23.0,11.0
71.0,353.0,85.0,538.0,416.0
58.0,278.0,63.0,62.0,29.0
80.0,517.0,99.0,214.0,128.0
61.0,240.0,71.0,52.0,25.0
53.0,248.0,52.0,51.0,24.0
683.0,217.0,58.0,36.0,24.0
62.0,326.0,72.0,102.0,41.0
59.0,194.0,69.0,36.0,35.0
197.0,348.0,139.0,137.0,110.0
59.0,278.0,65.0,66.0,30.0
43.0,148.0,44.0,22.0,13.0
28.0,146.0,33.0,8.0,8.0
131.0,283.0,68.0,77.0,33.0
48.0,284.0,50.0,30.0,19.0
91.0,354.0,100.0,150.0,120.0
552.0,339.0,88.0,125.0,96.0
421.0,217.0,490.0,72.0,36.0
192.0,247.0,78.0,50.0,25.0
31.0,178.0,49.0,30.0,19.0
183.0,437.0,107.0,213.0,157.0
98.0,171.0,139.0,290.0,260.0
54.0,319.0,73.0,102.0,43.0
552.0,650.0,728.0,585.0,926.0
421.0,240.0,490.0,47.0,24.0
34.0,273.0,44.0,66.0,30.0
80.0,386.0,93.0,192.0,160.0
93.0,339.0,124.0,125.0,205.0
79.0,354.0,92.0,117.0,101.0
80.0,236.0,99.0,44.0,124.0
335.0,172.0,48.0,27.0,18.0
71.0,347.0,86.0,152.0,96.0
100.0,480.0,147.0,353.0,274.0
64.0,326.0,85.0,110.0,78.0
102.0,296.0,153.0,70.0,31.0
28.0,308.0,73.0,93.0,41.0
160.0,404.0,153.0,550.0,429.0
54.0,188.0,52.0,34.0,20.0
82.0,284.0,103.0,58.0,205.0
64.0,240.0,57.0,47.0,24.0
192.0,354.0,93.0,152.0,124.0
59.0,247.0,65.0,62.0,29.0
59.0,296.0,69.0,79.0,33.0
98.0,339.0,67.0,70.0,32.0
28.0,52.0,33.0,19.0,11.0
64.0,353.0,88.0,125.0,96.0
61.0,237.0,71.0,88.0,38.0
77.0,348.0,88.0,135.0,109.0
45.0,273.0,56.0,41.0,22.0
240.0,292.0,84.0,117.0,76.0
59.0,193.0,69.0,34.0,19.0
58.0,284.0,85.0,70.0,76.0
67.0,437.0,78.0,214.0,42.0
49.0,278.0,59.0,67.0,26.0
32.0,0.0,41.0,0.0,0.0
59.0,255.0,66.0,57.0,26.0
92.0,205.0,77.0,36.0,50.0
43.0,193.0,52.0,34.0,20.0
60.0,301.0,71.0,80.0,35.0
190.0,480.0,208.0,353.0,429.0
74.0,226.0,87.0,37.0,89.0
206.0,589.0,225.0,558.0,431.0
95.0,449.0,120.0,226.0,181.0
64.0,312.0,72.0,97.0,44.0
35.0,312.0,44.0,97.0,7.0
51.0,228.0,59.0,41.0,22.0
421.0,353.0,96.0,143.0,118.0
81.0,299.0,99.0,83.0,128.0
197.0,301.0,200.0,497.0,417.0
80.0,397.0,107.0,192.0,151.0
79.0,353.0,92.0,148.0,119.0
328.0,528.0,153.0,538.0,416.0
59.0,228.0,69.0,41.0,22.0
82.0,326.0,103.0,115.0,148.0
699.0,273.0,68.0,64.0,29.0
73.0,494.0,124.0,290.0,260.0
24.0,167.0,24.0,25.0,8.0
98.0,241.0,139.0,367.0,289.0
192.0,178.0,164.0,30.0,369.0
683.0,647.0,265.0,367.0,283.0
27.0,580.0,783.0,558.0,963.0
91.0,135.0,41.0,18.0,11.0
93.0,106.0,42.0,8.0,8.0
28.0,240.0,33.0,47.0,6.0
62.0,353.0,72.0,81.0,42.0
49.0,282.0,58.0,72.0,31.0
28.0,661.0,30.0,618.0,8.0
70.0,304.0,84.0,88.0,76.0
58.0,228.0,59.0,41.0,22.0
77.0,449.0,100.0,226.0,123.0
294.0,308.0,124.0,93.0,89.0
92.0,252.0,62.0,66.0,30.0
71.0,361.0,86.0,195.0,118.0
53.0,165.0,60.0,23.0,26.0
82.0,265.0,63.0,62.0,28.0
59.0,306.0,69.0,80.0,35.0
126.0,173.0,48.0,27.0,18.0
165.0,474.0,151.0,286.0,266.0
64.0,304.0,72.0,88.0,41.0
64.0,314.0,76.0,100.0,49.0
82.0,319.0,121.0,130.0,181.0
279.0,351.0,298.0,138.0,119.0
64.0,346.0,74.0,80.0,35.0
487.0,171.0,537.0,841.0,722.0
70.0,330.0,84.0,118.0,76.0
34.0,265.0,63.0,62.0,29.0
60.0,135.0,71.0,83.0,36.0
49.0,247.0,55.0,43.0,22.0
71.0,313.0,86.0,102.0,53.0
28.0,165.0,27.0,23.0,7.0
433.0,940.0,526.0,841.0,722.0
59.0,151.0,65.0,30.0,32.0
33.0,146.0,41.0,22.0,14.0
92.0,438.0,120.0,214.0,177.0
40.0,240.0,48.0,47.0,18.0
82.0,283.0,99.0,76.0,128.0
213.0,247.0,225.0,50.0,26.0
45.0,197.0,55.0,36.0,20.0
999.0,164.0,999.0,30.0,999.0
93.0,518.0,124.0,497.0,369.0
427.0,999.0,526.0,999.0,657.0
133.0,317.0,72.0,102.0,50.0
49.0,940.0,58.0,56.0,24.0
999.0,160.0,999.0,18.0,999.0
59.0,317.0,66.0,72.0,31.0
49.0,236.0,57.0,44.0,24.0
99.0,406.0,105.0,204.0,154.0
98.0,236.0,56.0,44.0,23.0
421.0,319.0,78.0,102.0,60.0
64.0,296.0,68.0,81.0,35.0
80.0,348.0,93.0,135.0,99.0
315.0,14.0,72.0,36.0,20.0
128.0,116.0,200.0,558.0,431.0
315.0,437.0,367.0,373.0,613.0
80.0,353.0,99.0,148.0,128.0
31.0,140.0,39.0,19.0,10.0
20.0,240.0,99.0,153.0,124.0
128.0,248.0,151.0,373.0,303.0
166.0,302.0,124.0,81.0,35.0
24.0,260.0,24.0,13.0,7.0
47.0,228.0,55.0,40.0,22.0
59.0,292.0,69.0,79.0,33.0
206.0,296.0,226.0,77.0,33.0
64.0,314.0,74.0,100.0,47.0
27.0,354.0,30.0,150.0,128.0
29.0,226.0,33.0,37.0,8.0
42.0,178.0,55.0,30.0,23.0
63.0,312.0,72.0,93.0,42.0
27.0,296.0,24.0,2.0,4.0
102.0,517.0,153.0,417.0,344.0
39.0,248.0,57.0,51.0,24.0
80.0,268.0,99.0,62.0,128.0
31.0,236.0,39.0,44.0,10.0
54.0,273.0,60.0,66.0,26.0
54.0,273.0,61.0,66.0,28.0
69.0,330.0,89.0,117.0,76.0
82.0,236.0,103.0,45.0,157.0
552.0,433.0,324.0,50.0,623.0
45.0,217.0,55.0,37.0,21.0
59.0,282.0,67.0,72.0,31.0
128.0,156.0,157.0,576.0,368.0
35.0,146.0,45.0,22.0,13.0
487.0,289.0,537.0,79.0,34.0
683.0,292.0,514.0,861.0,716.0
40.0,193.0,51.0,34.0,20.0
315.0,297.0,86.0,79.0,38.0
91.0,347.0,114.0,223.0,174.0
59.0,296.0,68.0,81.0,33.0
20.0,140.0,58.0,22.0,13.0
43.0,197.0,51.0,34.0,20.0
208.0,0.0,48.0,22.0,14.0
206.0,480.0,225.0,367.0,429.0
140.0,319.0,175.0,102.0,53.0
100.0,283.0,152.0,70.0,32.0
61.0,232.0,66.0,70.0,31.0
35.0,160.0,45.0,22.0,15.0
28.0,437.0,84.0,121.0,76.0
50.0,228.0,56.0,41.0,22.0
43.0,314.0,73.0,100.0,47.0
215.0,999.0,291.0,999.0,657.0
45.0,240.0,61.0,37.0,21.0
206.0,386.0,225.0,226.0,181.0
58.0,265.0,63.0,62.0,28.0
133.0,528.0,175.0,538.0,416.0
49.0,268.0,56.0,36.0,24.0
106.0,482.0,153.0,376.0,334.0
98.0,433.0,147.0,290.0,266.0
48.0,228.0,56.0,41.0,22.0
256.0,122.0,70.0,77.0,36.0
49.0,164.0,57.0,23.0,24.0
59.0,296.0,69.0,82.0,35.0
70.0,312.0,84.0,117.0,76.0
38.0,151.0,48.0,22.0,16.0
38.0,173.0,49.0,28.0,18.0
328.0,226.0,480.0,841.0,613.0
70.0,284.0,84.0,76.0,36.0
371.0,518.0,226.0,373.0,481.0
43.0,236.0,52.0,44.0,24.0
62.0,292.0,69.0,79.0,33.0
208.0,312.0,151.0,367.0,303.0
206.0,650.0,224.0,589.0,453.0
102.0,354.0,153.0,150.0,148.0
40.0,308.0,73.0,100.0,44.0
59.0,273.0,66.0,67.0,31.0
84.0,273.0,105.0,64.0,148.0
77.0,353.0,147.0,150.0,123.0
90.0,283.0,107.0,72.0,32.0
45.0,205.0,55.0,36.0,20.0
99.0,106.0,116.0,223.0,177.0
33.0,156.0,42.0,22.0,11.0
131.0,296.0,69.0,80.0,35.0
54.0,265.0,59.0,52.0,25.0
165.0,173.0,175.0,81.0,35.0
487.0,528.0,537.0,538.0,722.0
63.0,191.0,41.0,22.0,12.0
41.0,164.0,50.0,23.0,15.0
28.0,122.0,27.0,17.0,7.0
206.0,647.0,225.0,622.0,481.0
61.0,301.0,71.0,88.0,37.0
427.0,343.0,84.0,130.0,81.0
91.0,163.0,116.0,22.0,12.0
81.0,354.0,99.0,152.0,128.0
955.0,226.0,55.0,52.0,24.0
51.0,247.0,59.0,50.0,25.0
43.0,205.0,52.0,34.0,20.0
197.0,528.0,200.0,538.0,429.0
28.0,89.0,24.0,3.0,7.0
71.0,343.0,85.0,130.0,99.0
43.0,223.0,52.0,37.0,21.0
98.0,339.0,137.0,125.0,96.0
34.0,299.0,69.0,83.0,35.0
71.0,240.0,85.0,47.0,24.0
72.0,165.0,86.0,23.0,99.0
197.0,437.0,114.0,214.0,151.0
279.0,226.0,298.0,38.0,24.0
28.0,171.0,56.0,30.0,19.0
42.0,226.0,52.0,37.0,20.0
699.0,304.0,728.0,88.0,37.0
82.0,632.0,101.0,558.0,429.0
42.0,284.0,68.0,77.0,33.0
433.0,268.0,526.0,861.0,716.0
50.0,237.0,57.0,45.0,24.0
65.0,308.0,78.0,90.0,40.0
82.0,148.0,61.0,22.0,15.0
63.0,273.0,73.0,66.0,35.0
183.0,506.0,189.0,386.0,331.0
433.0,308.0,526.0,118.0,78.0
78.0,353.0,90.0,138.0,118.0
35.0,226.0,44.0,22.0,14.0
294.0,282.0,73.0,72.0,43.0
383.0,494.0,490.0,2.0,4.0
92.0,122.0,54.0,36.0,20.0
35.0,236.0,44.0,44.0,23.0
61.0,303.0,71.0,88.0,37.0
58.0,241.0,63.0,62.0,29.0
328.0,510.0,470.0,226.0,266.0
33.0,146.0,41.0,20.0,11.0
160.0,268.0,164.0,286.0,368.0
84.0,325.0,480.0,125.0,96.0
29.0,163.0,36.0,8.0,8.0
102.0,517.0,151.0,373.0,303.0
64.0,297.0,74.0,80.0,35.0
59.0,282.0,66.0,72.0,31.0
216.0,160.0,48.0,22.0,15.0
98.0,292.0,68.0,79.0,35.0
192.0,335.0,84.0,66.0,76.0
54.0,165.0,44.0,22.0,14.0
102.0,528.0,152.0,468.0,369.0
208.0,313.0,78.0,100.0,49.0
130.0,480.0,155.0,428.0,361.0
100.0,351.0,149.0,137.0,283.0
421.0,167.0,514.0,25.0,17.0
38.0,252.0,62.0,62.0,29.0
50.0,236.0,58.0,44.0,24.0
54.0,308.0,72.0,90.0,41.0
40.0,122.0,48.0,10.0,18.0
61.0,438.0,71.0,222.0,38.0
35.0,122.0,44.0,18.0,10.0
487.0,273.0,526.0,57.0,477.0
59.0,296.0,69.0,81.0,35.0
48.0,228.0,56.0,41.0,22.0
49.0,240.0,57.0,47.0,24.0
53.0,247.0,60.0,58.0,26.0
77.0,284.0,89.0,131.0,110.0
256.0,999.0,514.0,999.0,657.0
102.0,353.0,152.0,150.0,303.0
84.0,437.0,103.0,222.0,141.0
421.0,122.0,237.0,17.0,11.0
45.0,222.0,55.0,37.0,21.0
45.0,221.0,73.0,41.0,22.0
35.0,252.0,45.0,52.0,25.0
285.0,171.0,367.0,62.0,613.0
552.0,330.0,48.0,88.0,15.0
71.0,354.0,85.0,130.0,78.0
49.0,165.0,54.0,36.0,20.0
555.0,480.0,709.0,366.0,926.0
73.0,347.0,87.0,133.0,107.0
59.0,252.0,78.0,52.0,25.0
58.0,308.0,63.0,58.0,26.0
46.0,223.0,55.0,37.0,22.0
692.0,237.0,728.0,22.0,963.0
190.0,437.0,116.0,214.0,173.0
205.0,140.0,44.0,22.0,14.0
24.0,375.0,24.0,223.0,477.0
91.0,314.0,77.0,100.0,50.0
59.0,284.0,66.0,70.0,31.0
60.0,299.0,71.0,83.0,36.0
35.0,282.0,44.0,72.0,32.0
29.0,303.0,70.0,88.0,36.0
40.0,165.0,48.0,23.0,15.0
59.0,296.0,69.0,81.0,35.0
256.0,433.0,20.0,2.0,3.0
32.0,339.0,39.0,125.0,89.0
35.0,171.0,44.0,26.0,14.0
69.0,312.0,96.0,97.0,120.0
98.0,469.0,139.0,286.0,260.0
47.0,282.0,56.0,70.0,35.0
71.0,301.0,70.0,83.0,36.0
54.0,317.0,60.0,58.0,26.0
95.0,163.0,45.0,22.0,14.0
49.0,248.0,59.0,51.0,25.0
82.0,296.0,60.0,62.0,26.0
60.0,386.0,71.0,173.0,64.0
54.0,122.0,58.0,13.0,24.0
28.0,181.0,33.0,2.0,8.0
69.0,312.0,76.0,97.0,44.0
67.0,265.0,78.0,62.0,32.0
27.0,589.0,182.0,558.0,431.0
91.0,163.0,120.0,22.0,13.0
62.0,306.0,72.0,88.0,40.0
24.0,146.0,24.0,20.0,7.0
80.0,366.0,86.0,131.0,101.0
32.0,148.0,40.0,22.0,14.0
38.0,167.0,48.0,25.0,17.0
683.0,223.0,52.0,37.0,22.0
59.0,167.0,34.0,18.0,8.0
82.0,312.0,103.0,168.0,118.0
43.0,181.0,51.0,25.0,17.0
78.0,353.0,90.0,137.0,118.0
61.0,337.0,71.0,88.0,38.0
48.0,205.0,56.0,36.0,23.0
71.0,330.0,85.0,118.0,78.0
91.0,437.0,116.0,222.0,173.0
34.0,116.0,44.0,13.0,8.0
80.0,353.0,93.0,150.0,124.0
49.0,165.0,58.0,56.0,24.0
80.0,308.0,99.0,93.0,124.0
35.0,122.0,44.0,18.0,11.0
51.0,240.0,59.0,47.0,25.0
59.0,296.0,69.0,81.0,35.0
98.0,188.0,54.0,36.0,20.0
692.0,301.0,60.0,83.0,26.0
71.0,330.0,84.0,117.0,76.0
91.0,438.0,123.0,222.0,174.0
31.0,339.0,40.0,18.0,11.0
23.0,205.0,24.0,36.0,8.0
79.0,354.0,92.0,148.0,119.0
49.0,247.0,57.0,50.0,24.0
21.0,181.0,24.0,2.0,6.0
63.0,284.0,72.0,34.0,41.0
39.0,165.0,48.0,23.0,16.0
59.0,139.0,66.0,18.0,11.0
59.0,140.0,66.0,861.0,274.0
72.0,397.0,114.0,195.0,154.0
99.0,302.0,0.0,2.0,0.0
489.0,319.0,51.0,130.0,101.0
100.0,260.0,149.0,62.0,44.0
692.0,528.0,822.0,538.0,416.0
33.0,140.0,42.0,19.0,11.0
24.0,165.0,24.0,22.0,7.0
54.0,232.0,60.0,62.0,26.0
43.0,273.0,52.0,64.0,18.0
27.0,226.0,54.0,37.0,20.0
90.0,343.0,105.0,132.0,155.0
213.0,520.0,181.0,538.0,416.0
190.0,469.0,126.0,286.0,222.0
78.0,474.0,90.0,309.0,118.0
100.0,517.0,155.0,428.0,361.0
28.0,296.0,27.0,3.0,7.0
683.0,519.0,709.0,36.0,20.0
29.0,111.0,36.0,10.0,11.0
91.0,348.0,116.0,135.0,109.0
37.0,248.0,41.0,52.0,25.0
29.0,138.0,36.0,19.0,11.0
20.0,14.0,20.0,1.0,0.0
183.0,518.0,181.0,538.0,416.0
70.0,312.0,84.0,100.0,76.0
21.0,76.0,22.0,2.0,4.0
96.0,437.0,107.0,214.0,155.0
131.0,506.0,157.0,373.0,368.0
71.0,268.0,85.0,62.0,29.0
383.0,236.0,490.0,44.0,24.0
160.0,319.0,145.0,102.0,36.0
80.0,292.0,99.0,133.0,128.0
49.0,151.0,57.0,43.0,23.0
29.0,528.0,43.0,36.0,24.0
166.0,589.0,175.0,550.0,417.0
315.0,650.0,226.0,589.0,481.0
65.0,283.0,78.0,72.0,31.0
58.0,236.0,56.0,44.0,24.0
231.0,122.0,27.0,17.0,7.0
328.0,163.0,470.0,30.0,602.0
59.0,313.0,69.0,80.0,35.0
130.0,215.0,244.0,22.0,509.0
77.0,116.0,24.0,2.0,6.0
45.0,308.0,55.0,45.0,21.0
93.0,248.0,74.0,22.0,13.0
45.0,217.0,55.0,37.0,21.0
40.0,273.0,68.0,77.0,32.0
82.0,326.0,101.0,110.0,141.0
49.0,226.0,58.0,38.0,24.0
43.0,236.0,56.0,44.0,24.0
47.0,647.0,54.0,36.0,20.0
71.0,283.0,103.0,79.0,35.0
49.0,240.0,57.0,47.0,24.0
90.0,236.0,107.0,44.0,148.0
77.0,347.0,88.0,133.0,107.0
80.0,366.0,96.0,153.0,123.0
78.0,353.0,90.0,148.0,118.0
100.0,506.0,149.0,376.0,303.0
40.0,221.0,48.0,25.0,18.0
48.0,228.0,56.0,41.0,22.0
100.0,265.0,151.0,62.0,303.0
59.0,296.0,70.0,83.0,36.0
84.0,386.0,103.0,173.0,148.0
20.0,228.0,52.0,36.0,20.0
42.0,146.0,41.0,20.0,11.0
213.0,217.0,59.0,37.0,21.0
197.0,312.0,189.0,100.0,53.0
91.0,247.0,114.0,50.0,14.0
23.0,312.0,24.0,100.0,49.0
130.0,308.0,151.0,102.0,53.0
80.0,171.0,96.0,41.0,23.0
102.0,171.0,147.0,23.0,15.0
206.0,153.0,225.0,36.0,21.0
78.0,312.0,90.0,102.0,118.0
29.0,319.0,48.0,102.0,53.0
683.0,228.0,728.0,37.0,21.0
59.0,308.0,69.0,80.0,33.0
59.0,193.0,66.0,30.0,19.0
28.0,303.0,78.0,88.0,37.0
63.0,335.0,60.0,118.0,78.0
50.0,273.0,58.0,64.0,24.0
64.0,284.0,72.0,76.0,44.0
100.0,167.0,149.0,25.0,17.0
45.0,273.0,55.0,22.0,26.0
98.0,404.0,145.0,226.0,266.0
59.0,265.0,63.0,62.0,29.0
328.0,217.0,470.0,81.0,81.0
47.0,236.0,55.0,44.0,22.0
57.0,335.0,137.0,118.0,78.0
315.0,469.0,124.0,286.0,222.0
64.0,139.0,41.0,19.0,11.0
91.0,301.0,107.0,83.0,155.0
43.0,163.0,52.0,19.0,11.0
70.0,330.0,84.0,118.0,76.0
78.0,353.0,90.0,143.0,118.0
208.0,528.0,181.0,538.0,416.0
61.0,303.0,71.0,88.0,37.0
28.0,138.0,33.0,8.0,8.0
20.0,0.0,9.0,0.0,0.0
33.0,163.0,44.0,22.0,14.0
489.0,193.0,52.0,34.0,20.0
71.0,215.0,86.0,34.0,20.0
91.0,433.0,114.0,213.0,170.0
80.0,353.0,99.0,143.0,128.0
50.0,329.0,58.0,118.0,25.0
45.0,165.0,55.0,25.0,17.0
82.0,160.0,105.0,24.0,155.0
63.0,283.0,72.0,72.0,32.0
215.0,517.0,224.0,417.0,344.0
71.0,314.0,86.0,100.0,50.0
45.0,217.0,55.0,37.0,21.0
160.0,282.0,74.0,62.0,81.0
33.0,232.0,50.0,30.0,19.0
81.0,296.0,99.0,153.0,124.0
35.0,138.0,45.0,13.0,16.0
70.0,330.0,84.0,117.0,76.0
20.0,0.0,9.0,0.0,0.0
95.0,386.0,123.0,173.0,194.0
78.0,353.0,90.0,143.0,118.0
43.0,191.0,116.0,213.0,173.0
59.0,282.0,66.0,72.0,31.0
64.0,301.0,74.0,83.0,36.0
49.0,242.0,57.0,47.0,24.0
487.0,78.0,537.0,2.0,722.0
53.0,173.0,59.0,28.0,18.0
38.0,240.0,56.0,47.0,24.0
82.0,140.0,42.0,19.0,11.0
59.0,433.0,55.0,213.0,22.0
955.0,252.0,58.0,58.0,26.0
165.0,138.0,59.0,18.0,10.0
0.0,76.0,0.0,2.0,0.0
71.0,228.0,86.0,59.0,26.0
42.0,222.0,50.0,30.0,19.0
80.0,474.0,100.0,110.0,128.0
285.0,236.0,74.0,44.0,22.0
102.0,0.0,145.0,0.0,266.0
59.0,247.0,62.0,50.0,24.0
47.0,222.0,55.0,36.0,22.0
58.0,306.0,69.0,90.0,33.0
84.0,437.0,99.0,213.0,128.0
192.0,296.0,200.0,80.0,429.0
131.0,518.0,156.0,417.0,417.0
100.0,252.0,149.0,56.0,287.0
208.0,289.0,89.0,83.0,36.0
53.0,248.0,59.0,52.0,25.0
552.0,122.0,470.0,17.0,8.0
29.0,171.0,48.0,30.0,18.0
49.0,240.0,57.0,47.0,24.0
96.0,347.0,124.0,353.0,205.0
427.0,940.0,537.0,841.0,722.0
216.0,165.0,277.0,24.0,368.0
34.0,165.0,44.0,24.0,15.0
160.0,632.0,164.0,558.0,369.0
50.0,197.0,58.0,152.0,99.0
62.0,296.0,72.0,81.0,35.0
78.0,255.0,90.0,153.0,123.0
59.0,337.0,69.0,88.0,37.0
65.0,153.0,44.0,22.0,13.0
205.0,438.0,103.0,226.0,157.0
28.0,116.0,33.0,17.0,8.0
186.0,330.0,143.0,88.0,37.0
205.0,589.0,208.0,558.0,431.0
80.0,319.0,99.0,152.0,124.0
49.0,236.0,58.0,44.0,24.0
131.0,528.0,149.0,538.0,287.0
206.0,314.0,224.0,100.0,53.0
63.0,351.0,78.0,138.0,53.0
82.0,228.0,56.0,41.0,22.0
49.0,438.0,58.0,213.0,24.0
92.0,116.0,120.0,2.0,283.0
52.0,283.0,59.0,72.0,26.0
49.0,292.0,55.0,80.0,35.0
98.0,178.0,224.0,30.0,8.0
72.0,339.0,86.0,125.0,101.0
256.0,518.0,153.0,428.0,361.0
92.0,353.0,124.0,143.0,118.0
39.0,171.0,48.0,25.0,17.0
28.0,330.0,33.0,7.0,7.0
35.0,135.0,44.0,22.0,14.0
47.0,226.0,55.0,38.0,22.0
35.0,167.0,44.0,25.0,14.0
77.0,353.0,89.0,143.0,110.0
40.0,242.0,49.0,50.0,11.0
91.0,217.0,54.0,37.0,21.0
48.0,228.0,56.0,41.0,22.0
82.0,494.0,86.0,67.0,31.0
51.0,240.0,59.0,47.0,25.0
63.0,302.0,71.0,88.0,38.0
71.0,386.0,85.0,173.0,141.0
128.0,482.0,152.0,367.0,287.0
31.0,173.0,50.0,30.0,19.0
67.0,346.0,78.0,131.0,60.0
28.0,122.0,33.0,3.0,8.0
60.0,301.0,71.0,83.0,36.0
126.0,236.0,153.0,44.0,303.0
699.0,301.0,69.0,83.0,36.0
80.0,313.0,76.0,100.0,49.0
186.0,226.0,36.0,36.0,20.0
43.0,223.0,72.0,43.0,42.0
34.0,0.0,43.0,0.0,11.0
57.0,296.0,66.0,81.0,32.0
21.0,25.0,20.0,2.0,3.0
63.0,240.0,55.0,81.0,22.0
130.0,284.0,156.0,376.0,364.0
96.0,191.0,143.0,37.0,21.0
43.0,172.0,52.0,27.0,10.0
99.0,506.0,151.0,367.0,303.0
140.0,517.0,164.0,428.0,361.0
28.0,106.0,27.0,7.0,7.0
165.0,178.0,157.0,861.0,369.0
54.0,273.0,58.0,38.0,21.0
28.0,282.0,68.0,77.0,33.0
0.0,296.0,0.0,70.0,0.0
73.0,289.0,87.0,77.0,33.0
59.0,252.0,69.0,56.0,35.0
91.0,228.0,116.0,41.0,174.0
50.0,278.0,58.0,52.0,25.0
65.0,296.0,77.0,83.0,36.0
205.0,354.0,87.0,137.0,110.0
279.0,289.0,298.0,753.0,579.0
31.0,165.0,36.0,23.0,8.0
81.0,406.0,107.0,204.0,157.0
38.0,163.0,45.0,22.0,14.0
23.0,181.0,50.0,36.0,20.0
45.0,139.0,52.0,36.0,20.0
59.0,167.0,48.0,25.0,17.0
93.0,165.0,27.0,23.0,8.0
63.0,296.0,72.0,81.0,36.0
63.0,165.0,71.0,24.0,16.0
57.0,301.0,70.0,83.0,36.0
71.0,197.0,89.0,36.0,20.0
100.0,247.0,149.0,50.0,24.0
50.0,519.0,58.0,56.0,26.0
45.0,76.0,55.0,2.0,21.0
93.0,353.0,90.0,143.0,118.0
54.0,273.0,60.0,57.0,26.0
99.0,437.0,126.0,222.0,157.0
49.0,240.0,57.0,47.0,24.0
128.0,438.0,155.0,222.0,174.0
126.0,510.0,153.0,386.0,334.0
63.0,308.0,72.0,93.0,41.0
40.0,337.0,48.0,52.0,25.0
91.0,366.0,87.0,137.0,110.0
38.0,164.0,47.0,23.0,15.0
62.0,319.0,73.0,70.0,43.0
487.0,580.0,175.0,550.0,386.0
79.0,433.0,92.0,202.0,118.0
59.0,302.0,69.0,87.0,35.0
49.0,273.0,56.0,64.0,23.0
190.0,528.0,182.0,538.0,416.0
63.0,301.0,74.0,83.0,36.0
92.0,151.0,120.0,19.0,11.0
42.0,165.0,50.0,30.0,19.0
216.0,308.0,78.0,100.0,47.0
96.0,438.0,114.0,222.0,174.0
33.0,236.0,41.0,44.0,11.0
29.0,140.0,40.0,19.0,11.0
61.0,330.0,85.0,118.0,78.0
35.0,252.0,60.0,52.0,26.0
28.0,0.0,22.0,2.0,4.0
206.0,181.0,226.0,622.0,481.0
98.0,474.0,139.0,290.0,260.0
59.0,283.0,67.0,72.0,32.0
35.0,140.0,44.0,19.0,11.0
47.0,25.0,20.0,2.0,3.0
59.0,278.0,66.0,67.0,22.0
51.0,248.0,59.0,52.0,25.0
77.0,353.0,88.0,143.0,118.0
371.0,346.0,480.0,131.0,623.0
46.0,284.0,45.0,93.0,42.0
91.0,354.0,59.0,52.0,25.0
861.0,474.0,145.0,290.0,222.0
82.0,326.0,103.0,10.0,157.0
67.0,122.0,77.0,23.0,19.0
37.0,178.0,50.0,30.0,19.0
71.0,347.0,84.0,168.0,50.0
71.0,353.0,86.0,131.0,99.0
69.0,205.0,55.0,36.0,22.0
37.0,111.0,52.0,36.0,20.0
98.0,296.0,99.0,82.0,128.0
59.0,302.0,69.0,87.0,36.0
208.0,146.0,226.0,622.0,509.0
29.0,116.0,34.0,18.0,8.0
62.0,163.0,73.0,22.0,16.0
21.0,482.0,20.0,2.0,3.0
82.0,361.0,99.0,138.0,115.0
231.0,205.0,151.0,36.0,303.0
63.0,330.0,85.0,118.0,76.0
21.0,165.0,20.0,23.0,1.0
28.0,353.0,103.0,143.0,157.0
21.0,302.0,22.0,93.0,60.0
20.0,122.0,24.0,2.0,3.0
294.0,347.0,137.0,132.0,105.0
59.0,308.0,71.0,90.0,38.0
82.0,661.0,103.0,376.0,303.0
43.0,228.0,52.0,36.0,20.0
86.0,354.0,93.0,151.0,123.0
49.0,247.0,58.0,51.0,26.0
49.0,247.0,58.0,50.0,24.0
98.0,520.0,139.0,428.0,260.0
41.0,178.0,50.0,30.0,19.0
77.0,330.0,71.0,118.0,34.0
60.0,301.0,71.0,3.0,26.0
256.0,589.0,225.0,558.0,431.0
35.0,163.0,44.0,22.0,13.0
54.0,273.0,65.0,66.0,30.0
131.0,519.0,182.0,538.0,417.0
34.0,153.0,43.0,22.0,12.0
63.0,299.0,72.0,90.0,40.0
39.0,167.0,48.0,25.0,17.0
37.0,223.0,52.0,37.0,21.0
328.0,139.0,470.0,19.0,623.0
166.0,228.0,152.0,41.0,222.0
34.0,164.0,48.0,23.0,18.0
84.0,278.0,27.0,1.0,7.0
38.0,233.0,40.0,41.0,11.0
98.0,255.0,151.0,367.0,289.0
128.0,164.0,165.0,23.0,33.0
43.0,232.0,51.0,36.0,20.0
100.0,282.0,149.0,79.0,33.0
61.0,167.0,71.0,25.0,38.0
100.0,265.0,145.0,62.0,613.0
40.0,217.0,55.0,37.0,21.0
20.0,76.0,27.0,2.0,8.0
29.0,289.0,57.0,50.0,24.0
28.0,167.0,27.0,22.0,14.0
186.0,520.0,181.0,538.0,416.0
131.0,519.0,157.0,497.0,368.0
61.0,299.0,71.0,88.0,37.0
82.0,197.0,121.0,36.0,19.0
131.0,301.0,156.0,386.0,364.0
72.0,273.0,86.0,115.0,64.0
78.0,517.0,90.0,428.0,361.0
43.0,193.0,52.0,34.0,20.0
41.0,386.0,50.0,223.0,19.0
28.0,217.0,33.0,23.0,8.0
71.0,445.0,84.0,125.0,105.0
955.0,193.0,55.0,34.0,20.0
64.0,353.0,74.0,77.0,44.0
92.0,519.0,120.0,222.0,174.0
35.0,228.0,56.0,41.0,22.0
59.0,282.0,67.0,72.0,31.0
81.0,337.0,100.0,121.0,194.0
54.0,167.0,48.0,25.0,18.0
421.0,445.0,103.0,211.0,157.0
23.0,386.0,30.0,3.0,8.0
50.0,347.0,58.0,133.0,25.0
37.0,156.0,47.0,22.0,15.0
80.0,135.0,96.0,153.0,123.0
37.0,165.0,47.0,24.0,15.0
71.0,171.0,86.0,153.0,89.0
206.0,146.0,225.0,618.0,481.0
82.0,313.0,99.0,93.0,128.0
59.0,437.0,86.0,367.0,289.0
37.0,122.0,44.0,17.0,11.0
80.0,284.0,67.0,76.0,30.0
99.0,228.0,151.0,353.0,287.0
102.0,386.0,143.0,290.0,260.0
206.0,236.0,224.0,47.0,154.0
27.0,188.0,20.0,2.0,3.0
999.0,589.0,999.0,558.0,999.0
54.0,255.0,60.0,59.0,26.0
43.0,252.0,52.0,36.0,19.0
59.0,299.0,69.0,83.0,33.0
28.0,165.0,48.0,23.0,15.0
29.0,151.0,44.0,22.0,14.0
48.0,347.0,87.0,133.0,107.0
45.0,217.0,55.0,37.0,21.0
33.0,111.0,47.0,22.0,15.0
80.0,278.0,99.0,172.0,139.0
60.0,283.0,71.0,76.0,32.0
58.0,265.0,62.0,62.0,28.0
82.0,437.0,103.0,376.0,364.0
41.0,163.0,48.0,23.0,15.0
21.0,353.0,20.0,2.0,3.0
433.0,589.0,526.0,558.0,431.0
38.0,193.0,48.0,34.0,18.0
78.0,351.0,90.0,137.0,118.0
74.0,346.0,88.0,131.0,107.0
59.0,265.0,62.0,62.0,28.0
62.0,301.0,70.0,83.0,36.0
59.0,173.0,49.0,30.0,19.0
78.0,353.0,90.0,143.0,118.0
213.0,153.0,88.0,131.0,109.0
100.0,165.0,149.0,23.0,283.0
45.0,228.0,55.0,41.0,22.0
91.0,354.0,126.0,151.0,123.0
100.0,438.0,149.0,214.0,160.0
35.0,278.0,44.0,67.0,25.0
39.0,191.0,48.0,34.0,22.0
43.0,265.0,48.0,23.0,15.0
24.0,302.0,24.0,90.0,11.0
35.0,148.0,40.0,22.0,12.0
59.0,301.0,70.0,83.0,36.0
128.0,517.0,155.0,428.0,361.0
42.0,181.0,50.0,30.0,19.0
71.0,330.0,86.0,118.0,101.0
24.0,265.0,62.0,62.0,29.0
315.0,999.0,367.0,999.0,613.0
24.0,140.0,24.0,19.0,11.0
48.0,236.0,56.0,44.0,24.0
48.0,236.0,56.0,44.0,24.0
38.0,106.0,45.0,7.0,7.0
64.0,163.0,74.0,22.0,19.0
699.0,292.0,783.0,79.0,35.0
40.0,193.0,48.0,34.0,17.0
33.0,163.0,44.0,22.0,14.0
93.0,348.0,124.0,135.0,105.0
82.0,397.0,101.0,192.0,151.0
692.0,375.0,84.0,172.0,107.0
34.0,282.0,44.0,76.0,11.0
555.0,247.0,709.0,62.0,29.0
699.0,146.0,30.0,20.0,8.0
99.0,308.0,147.0,117.0,274.0
70.0,326.0,84.0,117.0,76.0
59.0,194.0,69.0,57.0,36.0
43.0,302.0,72.0,87.0,36.0
54.0,386.0,107.0,173.0,141.0
186.0,520.0,181.0,538.0,416.0
294.0,580.0,324.0,550.0,602.0
102.0,171.0,152.0,100.0,602.0
49.0,228.0,57.0,41.0,24.0
28.0,14.0,30.0,1.0,8.0
35.0,122.0,45.0,22.0,14.0
78.0,353.0,90.0,150.0,118.0
315.0,748.0,352.0,861.0,613.0
197.0,308.0,164.0,93.0,368.0
59.0,301.0,69.0,83.0,36.0
128.0,296.0,157.0,376.0,368.0
48.0,236.0,56.0,44.0,23.0
335.0,167.0,480.0,861.0,613.0
72.0,346.0,86.0,131.0,101.0
0.0,193.0,0.0,8.0,0.0
47.0,188.0,59.0,34.0,19.0
128.0,517.0,155.0,428.0,364.0
43.0,193.0,52.0,34.0,20.0
73.0,346.0,87.0,131.0,105.0
24.0,278.0,76.0,100.0,49.0
71.0,354.0,96.0,151.0,123.0
23.0,397.0,116.0,204.0,177.0
328.0,240.0,27.0,7.0,7.0
45.0,217.0,55.0,37.0,21.0
96.0,217.0,126.0,36.0,20.0
41.0,178.0,50.0,30.0,19.0
100.0,480.0,151.0,366.0,287.0
90.0,437.0,107.0,214.0,173.0
59.0,273.0,69.0,64.0,31.0
77.0,252.0,86.0,56.0,101.0
41.0,353.0,50.0,30.0,19.0
33.0,178.0,50.0,30.0,19.0
43.0,278.0,74.0,70.0,31.0
23.0,76.0,30.0,3.0,8.0
69.0,329.0,83.0,117.0,78.0
24.0,482.0,24.0,3.0,7.0
29.0,138.0,66.0,22.0,13.0
70.0,299.0,84.0,115.0,60.0
28.0,354.0,93.0,151.0,123.0
35.0,282.0,44.0,72.0,15.0
100.0,469.0,151.0,367.0,287.0
63.0,304.0,71.0,88.0,37.0
51.0,312.0,59.0,52.0,25.0
186.0,197.0,52.0,36.0,20.0
91.0,226.0,69.0,37.0,35.0
555.0,940.0,709.0,841.0,716.0
955.0,163.0,480.0,23.0,477.0
59.0,301.0,69.0,83.0,35.0
192.0,160.0,153.0,2.0,509.0
45.0,329.0,55.0,57.0,26.0
43.0,197.0,52.0,36.0,20.0
64.0,165.0,78.0,23.0,20.0
71.0,312.0,96.0,102.0,26.0
49.0,233.0,58.0,41.0,24.0
208.0,506.0,164.0,428.0,361.0
28.0,138.0,27.0,18.0,8.0
315.0,265.0,62.0,62.0,28.0
20.0,160.0,9.0,22.0,8.0
100.0,226.0,151.0,367.0,303.0
77.0,181.0,77.0,43.0,53.0
77.0,226.0,88.0,57.0,110.0
42.0,171.0,45.0,1.0,1.0
42.0,178.0,50.0,30.0,19.0
53.0,273.0,60.0,70.0,26.0
73.0,163.0,86.0,30.0,8.0
427.0,139.0,47.0,19.0,15.0
69.0,308.0,84.0,81.0,35.0
82.0,178.0,105.0,172.0,154.0
82.0,386.0,103.0,173.0,148.0
59.0,366.0,69.0,80.0,35.0
383.0,437.0,470.0,214.0,613.0
0.0,0.0,0.0,0.0,0.0
40.0,283.0,68.0,72.0,32.0
35.0,148.0,44.0,22.0,14.0
59.0,282.0,66.0,72.0,32.0
433.0,89.0,526.0,3.0,716.0
57.0,165.0,20.0,2.0,3.0
82.0,319.0,101.0,115.0,73.0
40.0,330.0,84.0,117.0,76.0
32.0,139.0,40.0,18.0,10.0
29.0,171.0,78.0,28.0,53.0
82.0,406.0,107.0,204.0,155.0
37.0,226.0,49.0,37.0,21.0
52.0,353.0,59.0,52.0,25.0
294.0,366.0,99.0,168.0,128.0
48.0,205.0,56.0,30.0,22.0
183.0,306.0,181.0,22.0,417.0
183.0,167.0,56.0,25.0,17.0
33.0,445.0,45.0,2.0,12.0
71.0,308.0,85.0,93.0,109.0
63.0,313.0,72.0,100.0,44.0
39.0,171.0,48.0,25.0,17.0
64.0,241.0,56.0,47.0,24.0
48.0,228.0,56.0,41.0,22.0
130.0,517.0,157.0,428.0,368.0
54.0,301.0,59.0,58.0,26.0
100.0,226.0,151.0,376.0,303.0
80.0,313.0,100.0,51.0,148.0
49.0,366.0,90.0,152.0,118.0
38.0,171.0,56.0,22.0,20.0
165.0,151.0,83.0,22.0,14.0
29.0,528.0,105.0,538.0,154.0
58.0,248.0,63.0,56.0,29.0
98.0,353.0,137.0,131.0,128.0
80.0,205.0,55.0,36.0,21.0
78.0,226.0,90.0,37.0,118.0
72.0,306.0,86.0,88.0,101.0
0.0,0.0,0.0,0.0,0.0
60.0,301.0,71.0,83.0,36.0
59.0,273.0,66.0,66.0,31.0
100.0,482.0,151.0,366.0,303.0
57.0,314.0,62.0,100.0,49.0
59.0,296.0,70.0,83.0,36.0
93.0,302.0,126.0,88.0,35.0
20.0,139.0,20.0,2.0,3.0
48.0,252.0,56.0,34.0,22.0
206.0,580.0,225.0,558.0,429.0
91.0,329.0,107.0,211.0,157.0
61.0,248.0,71.0,51.0,25.0
33.0,191.0,44.0,36.0,16.0
64.0,319.0,77.0,102.0,53.0
50.0,273.0,63.0,64.0,29.0
59.0,160.0,69.0,90.0,35.0
46.0,205.0,55.0,36.0,22.0
0.0,0.0,0.0,0.0,0.0
48.0,228.0,56.0,41.0,22.0
67.0,301.0,78.0,90.0,40.0
40.0,228.0,48.0,41.0,18.0
91.0,252.0,66.0,51.0,25.0
49.0,312.0,56.0,97.0,23.0
315.0,438.0,265.0,223.0,716.0
41.0,178.0,50.0,30.0,19.0
64.0,194.0,76.0,30.0,19.0
91.0,437.0,120.0,223.0,177.0
58.0,197.0,63.0,62.0,29.0
40.0,14.0,48.0,2.0,6.0
37.0,146.0,44.0,22.0,14.0
93.0,194.0,107.0,153.0,151.0
78.0,650.0,90.0,373.0,118.0
294.0,449.0,352.0,100.0,49.0
98.0,397.0,137.0,192.0,148.0
49.0,226.0,57.0,47.0,24.0
50.0,223.0,55.0,37.0,21.0
79.0,353.0,92.0,150.0,120.0
45.0,217.0,55.0,37.0,21.0
78.0,330.0,78.0,22.0,14.0
64.0,255.0,101.0,58.0,26.0
70.0,164.0,84.0,88.0,76.0
699.0,347.0,728.0,137.0,128.0
130.0,482.0,151.0,366.0,303.0
208.0,366.0,237.0,589.0,477.0
28.0,163.0,42.0,22.0,11.0
555.0,580.0,709.0,576.0,926.0
59.0,282.0,66.0,72.0,31.0
552.0,589.0,277.0,558.0,567.0
49.0,171.0,56.0,37.0,23.0
24.0,156.0,24.0,22.0,11.0
38.0,165.0,48.0,23.0,15.0
59.0,296.0,69.0,81.0,35.0
102.0,228.0,151.0,195.0,266.0
48.0,228.0,56.0,41.0,22.0
98.0,194.0,116.0,36.0,20.0
126.0,449.0,153.0,226.0,369.0
20.0,319.0,143.0,102.0,99.0
71.0,335.0,85.0,118.0,78.0
51.0,226.0,59.0,44.0,24.0
23.0,194.0,27.0,3.0,7.0
49.0,241.0,58.0,47.0,24.0
61.0,308.0,71.0,90.0,40.0
79.0,353.0,92.0,150.0,119.0
37.0,165.0,47.0,23.0,15.0
92.0,506.0,152.0,373.0,303.0
371.0,165.0,470.0,23.0,602.0
20.0,437.0,9.0,3.0,7.0
98.0,122.0,44.0,17.0,8.0
213.0,146.0,237.0,22.0,12.0
433.0,999.0,526.0,999.0,716.0
183.0,284.0,69.0,80.0,35.0
33.0,247.0,47.0,22.0,15.0
91.0,156.0,107.0,22.0,157.0
20.0,437.0,116.0,223.0,174.0
683.0,647.0,728.0,558.0,926.0
955.0,314.0,114.0,97.0,44.0
49.0,236.0,56.0,44.0,24.0
46.0,236.0,55.0,44.0,21.0
40.0,172.0,48.0,27.0,18.0
28.0,335.0,237.0,376.0,481.0
81.0,386.0,101.0,173.0,141.0
999.0,647.0,999.0,576.0,999.0
24.0,122.0,24.0,17.0,8.0
27.0,163.0,48.0,23.0,15.0
74.0,348.0,87.0,135.0,107.0
102.0,528.0,155.0,538.0,386.0
106.0,140.0,153.0,19.0,10.0
315.0,278.0,66.0,62.0,31.0
64.0,314.0,74.0,100.0,47.0
52.0,194.0,59.0,47.0,24.0
59.0,106.0,27.0,7.0,7.0
78.0,353.0,90.0,143.0,118.0
64.0,284.0,67.0,77.0,33.0
128.0,632.0,165.0,468.0,368.0
206.0,165.0,47.0,23.0,15.0
82.0,386.0,101.0,173.0,141.0
46.0,135.0,55.0,18.0,24.0
51.0,252.0,59.0,52.0,25.0
63.0,314.0,74.0,100.0,50.0
80.0,348.0,93.0,133.0,110.0
71.0,354.0,86.0,125.0,96.0
77.0,348.0,116.0,130.0,173.0
96.0,247.0,124.0,50.0,205.0
65.0,319.0,78.0,102.0,53.0
95.0,273.0,65.0,66.0,30.0
552.0,205.0,55.0,36.0,22.0
130.0,517.0,156.0,428.0,364.0
38.0,353.0,69.0,79.0,33.0
100.0,482.0,149.0,367.0,289.0
45.0,217.0,55.0,37.0,21.0
58.0,247.0,63.0,50.0,25.0
72.0,386.0,86.0,173.0,141.0
59.0,268.0,66.0,62.0,30.0
102.0,296.0,157.0,80.0,369.0
59.0,282.0,66.0,70.0,31.0
28.0,226.0,63.0,37.0,22.0
427.0,188.0,99.0,168.0,124.0
84.0,438.0,107.0,211.0,154.0
38.0,167.0,48.0,25.0,17.0
294.0,518.0,182.0,428.0,364.0
45.0,236.0,55.0,37.0,21.0
205.0,353.0,99.0,150.0,123.0
100.0,302.0,149.0,87.0,36.0
40.0,223.0,48.0,30.0,18.0
130.0,520.0,155.0,428.0,361.0
59.0,282.0,65.0,66.0,30.0
70.0,339.0,84.0,118.0,76.0
328.0,326.0,470.0,115.0,73.0
216.0,519.0,200.0,468.0,429.0
35.0,163.0,45.0,22.0,14.0
59.0,284.0,68.0,72.0,32.0
84.0,312.0,89.0,100.0,118.0
79.0,160.0,92.0,22.0,21.0
100.0,292.0,149.0,88.0,283.0
335.0,313.0,480.0,93.0,42.0
29.0,165.0,34.0,24.0,8.0
71.0,111.0,86.0,18.0,11.0
65.0,236.0,78.0,50.0,8.0
71.0,347.0,85.0,121.0,81.0
71.0,165.0,85.0,24.0,148.0
40.0,283.0,52.0,30.0,19.0
67.0,296.0,78.0,81.0,19.0
186.0,326.0,182.0,558.0,417.0
190.0,520.0,181.0,538.0,416.0
427.0,480.0,514.0,366.0,266.0
20.0,78.0,24.0,2.0,6.0
59.0,222.0,65.0,37.0,26.0
130.0,517.0,155.0,428.0,364.0
80.0,330.0,85.0,118.0,78.0
91.0,438.0,114.0,213.0,177.0
692.0,283.0,265.0,72.0,0.0
73.0,301.0,72.0,83.0,36.0
53.0,353.0,60.0,59.0,26.0
80.0,0.0,93.0,7.0,7.0
294.0,325.0,151.0,115.0,139.0
487.0,89.0,20.0,3.0,1.0
54.0,312.0,61.0,97.0,44.0
80.0,312.0,93.0,90.0,115.0
58.0,233.0,63.0,37.0,22.0
78.0,353.0,90.0,143.0,118.0
130.0,273.0,156.0,64.0,364.0
65.0,303.0,78.0,88.0,37.0
20.0,297.0,27.0,18.0,11.0
29.0,386.0,101.0,173.0,141.0
43.0,228.0,49.0,41.0,22.0
427.0,347.0,164.0,428.0,364.0
95.0,404.0,123.0,226.0,194.0
86.0,480.0,107.0,309.0,266.0
92.0,346.0,86.0,131.0,101.0
100.0,469.0,147.0,367.0,289.0
96.0,337.0,78.0,118.0,89.0
45.0,193.0,56.0,43.0,23.0
50.0,248.0,58.0,51.0,25.0
59.0,296.0,66.0,79.0,31.0
38.0,304.0,63.0,87.0,38.0
35.0,163.0,45.0,22.0,14.0
47.0,191.0,55.0,34.0,22.0
90.0,326.0,107.0,204.0,155.0
48.0,248.0,56.0,37.0,22.0
71.0,329.0,93.0,110.0,118.0
54.0,296.0,70.0,81.0,33.0
192.0,519.0,157.0,428.0,364.0
71.0,339.0,85.0,117.0,81.0
371.0,278.0,44.0,22.0,14.0
102.0,940.0,153.0,841.0,369.0
91.0,437.0,107.0,214.0,157.0
63.0,510.0,72.0,386.0,287.0
63.0,437.0,101.0,172.0,139.0
133.0,265.0,100.0,62.0,369.0
28.0,122.0,33.0,17.0,8.0
28.0,172.0,27.0,30.0,7.0
28.0,226.0,33.0,38.0,8.0
140.0,449.0,165.0,235.0,369.0
285.0,89.0,27.0,3.0,7.0
51.0,273.0,59.0,52.0,25.0
49.0,140.0,56.0,19.0,24.0
71.0,353.0,85.0,143.0,128.0
41.0,178.0,50.0,30.0,19.0
82.0,226.0,103.0,38.0,151.0
215.0,517.0,68.0,77.0,33.0
190.0,437.0,124.0,214.0,205.0
43.0,205.0,52.0,36.0,20.0
84.0,406.0,105.0,204.0,154.0
31.0,296.0,39.0,80.0,31.0
96.0,437.0,149.0,222.0,174.0
102.0,178.0,155.0,30.0,19.0
45.0,197.0,54.0,36.0,20.0
82.0,319.0,101.0,102.0,128.0
61.0,313.0,72.0,93.0,42.0
80.0,172.0,93.0,27.0,25.0
133.0,474.0,139.0,353.0,260.0
279.0,518.0,298.0,367.0,303.0
0.0,0.0,0.0,0.0,0.0
190.0,520.0,200.0,538.0,386.0
421.0,999.0,490.0,999.0,657.0
63.0,197.0,74.0,93.0,42.0
58.0,273.0,63.0,64.0,29.0
64.0,330.0,76.0,100.0,49.0
71.0,353.0,85.0,118.0,78.0
59.0,296.0,69.0,81.0,35.0
0.0,178.0,0.0,30.0,0.0
29.0,296.0,34.0,79.0,26.0
166.0,520.0,175.0,538.0,386.0
64.0,273.0,60.0,64.0,26.0
24.0,236.0,56.0,44.0,24.0
197.0,197.0,52.0,36.0,20.0
100.0,221.0,149.0,37.0,287.0
34.0,353.0,43.0,148.0,119.0
59.0,296.0,69.0,81.0,35.0
335.0,178.0,50.0,30.0,19.0
37.0,223.0,48.0,18.0,11.0
40.0,172.0,48.0,27.0,18.0
40.0,160.0,47.0,22.0,15.0
699.0,346.0,783.0,618.0,509.0
63.0,308.0,72.0,93.0,38.0
328.0,647.0,470.0,585.0,602.0
197.0,661.0,200.0,618.0,481.0
40.0,302.0,50.0,30.0,19.0
82.0,273.0,107.0,66.0,154.0
126.0,528.0,153.0,386.0,287.0
80.0,337.0,93.0,121.0,118.0
64.0,296.0,71.0,81.0,35.0
65.0,163.0,120.0,22.0,14.0
213.0,296.0,244.0,77.0,33.0
28.0,257.0,30.0,58.0,8.0
487.0,172.0,537.0,27.0,287.0
40.0,172.0,48.0,27.0,18.0
38.0,163.0,47.0,23.0,15.0
49.0,247.0,58.0,50.0,25.0
130.0,326.0,156.0,102.0,364.0
63.0,296.0,74.0,87.0,53.0
49.0,236.0,58.0,47.0,24.0
82.0,438.0,105.0,214.0,154.0
183.0,139.0,265.0,22.0,124.0
62.0,193.0,60.0,59.0,26.0
256.0,122.0,298.0,17.0,602.0
766.0,632.0,999.0,558.0,999.0
61.0,302.0,71.0,87.0,36.0
61.0,226.0,71.0,37.0,42.0
49.0,273.0,63.0,64.0,29.0
41.0,248.0,50.0,30.0,19.0
40.0,171.0,48.0,26.0,18.0
61.0,217.0,71.0,37.0,31.0
131.0,146.0,39.0,22.0,11.0
48.0,228.0,56.0,41.0,22.0
206.0,650.0,200.0,589.0,453.0
102.0,647.0,147.0,558.0,431.0
35.0,164.0,44.0,23.0,26.0
62.0,191.0,48.0,34.0,15.0
335.0,139.0,41.0,18.0,11.0
433.0,469.0,526.0,286.0,260.0
315.0,217.0,352.0,37.0,602.0
82.0,248.0,83.0,52.0,25.0
40.0,148.0,48.0,22.0,18.0
58.0,301.0,62.0,83.0,36.0
49.0,236.0,56.0,44.0,23.0
205.0,375.0,181.0,497.0,369.0
63.0,273.0,72.0,66.0,30.0
38.0,163.0,48.0,36.0,20.0
39.0,122.0,48.0,17.0,8.0
692.0,265.0,103.0,386.0,303.0
54.0,241.0,60.0,59.0,26.0
47.0,265.0,60.0,51.0,24.0
45.0,205.0,55.0,36.0,20.0
186.0,647.0,182.0,576.0,417.0
38.0,164.0,50.0,30.0,19.0
41.0,178.0,50.0,30.0,19.0
140.0,589.0,226.0,589.0,477.0
140.0,353.0,165.0,138.0,369.0
213.0,650.0,226.0,618.0,481.0
213.0,268.0,68.0,77.0,33.0
35.0,241.0,45.0,50.0,24.0
91.0,226.0,298.0,62.0,28.0
62.0,292.0,71.0,79.0,38.0
50.0,283.0,58.0,52.0,24.0
43.0,247.0,58.0,50.0,24.0
47.0,164.0,55.0,43.0,21.0
861.0,164.0,709.0,22.0,14.0
35.0,151.0,44.0,22.0,14.0
59.0,247.0,67.0,57.0,30.0
91.0,335.0,123.0,62.0,194.0
62.0,303.0,72.0,88.0,38.0
59.0,191.0,66.0,34.0,30.0
48.0,247.0,57.0,50.0,24.0
91.0,106.0,61.0,2.0,4.0
64.0,273.0,67.0,76.0,32.0
206.0,397.0,226.0,195.0,481.0
131.0,273.0,152.0,66.0,30.0
100.0,199.0,151.0,367.0,289.0
81.0,228.0,77.0,40.0,22.0
49.0,283.0,59.0,72.0,31.0
43.0,283.0,68.0,77.0,33.0
131.0,480.0,156.0,309.0,364.0
35.0,171.0,44.0,18.0,10.0
63.0,354.0,93.0,151.0,123.0
21.0,191.0,44.0,22.0,14.0
32.0,135.0,40.0,18.0,11.0
65.0,302.0,78.0,87.0,35.0
40.0,160.0,48.0,27.0,18.0
58.0,326.0,63.0,62.0,29.0
133.0,353.0,277.0,143.0,567.0
35.0,140.0,44.0,19.0,11.0
48.0,193.0,56.0,34.0,23.0
427.0,519.0,514.0,468.0,602.0
59.0,240.0,58.0,47.0,24.0
130.0,397.0,120.0,195.0,154.0
102.0,517.0,153.0,417.0,344.0
77.0,361.0,88.0,211.0,364.0
43.0,260.0,62.0,81.0,35.0
699.0,193.0,52.0,30.0,19.0
96.0,301.0,124.0,622.0,205.0
126.0,289.0,153.0,192.0,344.0
41.0,178.0,50.0,30.0,19.0
61.0,188.0,72.0,36.0,20.0
133.0,506.0,151.0,376.0,303.0
45.0,140.0,55.0,37.0,21.0
215.0,650.0,24.0,3.0,7.0
57.0,273.0,62.0,70.0,32.0
59.0,178.0,66.0,70.0,31.0
64.0,283.0,74.0,59.0,26.0
692.0,650.0,709.0,585.0,926.0
91.0,314.0,60.0,62.0,29.0
315.0,366.0,352.0,79.0,602.0
62.0,386.0,72.0,173.0,43.0
64.0,312.0,74.0,100.0,50.0
64.0,354.0,73.0,150.0,50.0
38.0,178.0,48.0,30.0,19.0
208.0,518.0,155.0,428.0,361.0
40.0,173.0,48.0,28.0,18.0
31.0,122.0,39.0,17.0,8.0
40.0,255.0,60.0,58.0,26.0
128.0,474.0,153.0,386.0,331.0
78.0,242.0,90.0,47.0,118.0
29.0,297.0,87.0,80.0,78.0
35.0,520.0,155.0,428.0,361.0
131.0,228.0,121.0,214.0,173.0
59.0,265.0,67.0,62.0,32.0
43.0,343.0,52.0,30.0,19.0
65.0,296.0,77.0,100.0,47.0
90.0,335.0,107.0,118.0,118.0
100.0,517.0,147.0,417.0,287.0
80.0,325.0,99.0,110.0,128.0
43.0,173.0,55.0,28.0,18.0
60.0,306.0,71.0,100.0,33.0
59.0,283.0,67.0,72.0,32.0
35.0,273.0,66.0,62.0,31.0
81.0,375.0,114.0,172.0,139.0
96.0,278.0,59.0,67.0,26.0
99.0,519.0,151.0,428.0,287.0
49.0,228.0,56.0,41.0,22.0
79.0,347.0,100.0,132.0,128.0
73.0,317.0,77.0,102.0,50.0
128.0,445.0,151.0,223.0,368.0
93.0,282.0,123.0,213.0,194.0
59.0,164.0,68.0,30.0,19.0
73.0,406.0,123.0,223.0,194.0
69.0,265.0,58.0,62.0,26.0
102.0,205.0,143.0,36.0,20.0
213.0,366.0,237.0,172.0,141.0
31.0,146.0,39.0,18.0,11.0
71.0,278.0,85.0,70.0,26.0
45.0,223.0,55.0,37.0,21.0
197.0,351.0,105.0,135.0,109.0
183.0,528.0,181.0,538.0,416.0
61.0,303.0,71.0,88.0,37.0
100.0,506.0,151.0,376.0,289.0
61.0,302.0,71.0,87.0,36.0
240.0,517.0,153.0,417.0,344.0
93.0,337.0,121.0,226.0,181.0
73.0,353.0,89.0,153.0,110.0
34.0,151.0,43.0,7.0,7.0
215.0,347.0,84.0,132.0,99.0
54.0,233.0,50.0,45.0,26.0
61.0,302.0,71.0,87.0,36.0
41.0,178.0,50.0,30.0,19.0
40.0,167.0,48.0,25.0,18.0
63.0,165.0,74.0,23.0,18.0
240.0,661.0,165.0,861.0,716.0
71.0,233.0,126.0,622.0,509.0
64.0,282.0,72.0,72.0,43.0
71.0,217.0,86.0,37.0,21.0
37.0,178.0,48.0,36.0,20.0
335.0,139.0,480.0,417.0,344.0
165.0,303.0,155.0,88.0,331.0
197.0,163.0,200.0,23.0,429.0
59.0,299.0,69.0,83.0,36.0
99.0,517.0,156.0,428.0,361.0
58.0,265.0,63.0,62.0,29.0
487.0,223.0,44.0,37.0,21.0
59.0,282.0,70.0,77.0,33.0
28.0,138.0,27.0,18.0,7.0
32.0,146.0,40.0,20.0,11.0
555.0,171.0,709.0,25.0,50.0
45.0,228.0,56.0,41.0,22.0
80.0,319.0,88.0,102.0,53.0
102.0,165.0,189.0,28.0,101.0
58.0,319.0,66.0,102.0,31.0
29.0,167.0,48.0,25.0,17.0
90.0,437.0,107.0,213.0,155.0
279.0,313.0,298.0,2.0,579.0
32.0,165.0,40.0,24.0,15.0
692.0,153.0,164.0,22.0,368.0
57.0,193.0,63.0,34.0,20.0
37.0,156.0,44.0,22.0,14.0
48.0,178.0,55.0,40.0,22.0
78.0,353.0,90.0,117.0,118.0
96.0,252.0,89.0,56.0,107.0
433.0,520.0,526.0,538.0,416.0
371.0,148.0,480.0,22.0,14.0
61.0,163.0,71.0,36.0,20.0
59.0,257.0,62.0,62.0,28.0
28.0,437.0,30.0,214.0,8.0
63.0,151.0,72.0,22.0,14.0
91.0,449.0,120.0,226.0,177.0
71.0,353.0,92.0,150.0,120.0
433.0,437.0,514.0,861.0,716.0
96.0,297.0,20.0,82.0,53.0
59.0,248.0,65.0,66.0,30.0
82.0,375.0,101.0,173.0,139.0
256.0,296.0,71.0,88.0,38.0
487.0,165.0,537.0,23.0,722.0
91.0,480.0,116.0,226.0,173.0
206.0,283.0,224.0,76.0,24.0
33.0,172.0,41.0,26.0,11.0
38.0,111.0,34.0,8.0,8.0
53.0,265.0,60.0,62.0,26.0
24.0,78.0,24.0,3.0,7.0
489.0,337.0,83.0,121.0,81.0
47.0,236.0,55.0,45.0,24.0
165.0,240.0,324.0,40.0,602.0
192.0,163.0,200.0,22.0,14.0
99.0,404.0,145.0,192.0,151.0
84.0,273.0,105.0,102.0,154.0
58.0,339.0,63.0,133.0,128.0
74.0,226.0,87.0,50.0,24.0
59.0,146.0,66.0,20.0,8.0
43.0,330.0,52.0,30.0,19.0
65.0,197.0,78.0,195.0,155.0
45.0,181.0,54.0,36.0,20.0
38.0,146.0,48.0,20.0,16.0
28.0,248.0,27.0,7.0,7.0
131.0,518.0,155.0,428.0,361.0
86.0,247.0,68.0,47.0,30.0
49.0,232.0,69.0,41.0,35.0
61.0,296.0,237.0,618.0,509.0
33.0,135.0,40.0,18.0,11.0
95.0,199.0,124.0,118.0,78.0
91.0,438.0,116.0,222.0,174.0
38.0,178.0,48.0,30.0,19.0
35.0,194.0,44.0,34.0,20.0
61.0,247.0,71.0,52.0,24.0
59.0,282.0,66.0,72.0,31.0
59.0,296.0,69.0,81.0,35.0
45.0,222.0,55.0,37.0,21.0
71.0,343.0,86.0,131.0,101.0
215.0,178.0,49.0,30.0,19.0
285.0,632.0,189.0,558.0,431.0
49.0,193.0,52.0,34.0,20.0
215.0,303.0,70.0,88.0,44.0
140.0,437.0,165.0,376.0,289.0
766.0,528.0,783.0,538.0,963.0
240.0,217.0,50.0,37.0,21.0
57.0,172.0,62.0,27.0,18.0
128.0,314.0,153.0,100.0,331.0
126.0,517.0,153.0,417.0,344.0
279.0,348.0,298.0,135.0,110.0
82.0,148.0,44.0,22.0,14.0
32.0,191.0,40.0,19.0,11.0
59.0,292.0,69.0,80.0,35.0
231.0,188.0,50.0,30.0,19.0
43.0,171.0,48.0,25.0,17.0
35.0,236.0,44.0,44.0,24.0
70.0,330.0,84.0,117.0,76.0
28.0,199.0,27.0,36.0,8.0
77.0,226.0,88.0,3.0,101.0
67.0,313.0,78.0,100.0,41.0
190.0,528.0,224.0,538.0,429.0
43.0,188.0,51.0,30.0,19.0
208.0,347.0,244.0,130.0,509.0
28.0,140.0,27.0,19.0,10.0
54.0,283.0,61.0,62.0,26.0
65.0,284.0,72.0,70.0,43.0
100.0,335.0,149.0,353.0,287.0
91.0,292.0,105.0,79.0,151.0
102.0,506.0,151.0,376.0,303.0
335.0,237.0,20.0,2.0,3.0
49.0,228.0,56.0,45.0,24.0
489.0,437.0,265.0,538.0,386.0
60.0,482.0,71.0,168.0,36.0
256.0,240.0,291.0,622.0,567.0
46.0,222.0,55.0,37.0,21.0
38.0,346.0,48.0,131.0,101.0
93.0,139.0,151.0,376.0,303.0
59.0,296.0,66.0,79.0,33.0
59.0,223.0,65.0,37.0,21.0
58.0,146.0,44.0,22.0,12.0
61.0,308.0,71.0,80.0,35.0
315.0,273.0,367.0,62.0,613.0
487.0,223.0,537.0,37.0,722.0
65.0,351.0,143.0,137.0,99.0
70.0,289.0,84.0,77.0,73.0
41.0,178.0,50.0,30.0,19.0
38.0,296.0,48.0,81.0,16.0
39.0,292.0,40.0,30.0,19.0
206.0,517.0,224.0,417.0,344.0
71.0,347.0,87.0,133.0,107.0
21.0,354.0,20.0,2.0,3.0
315.0,517.0,103.0,417.0,157.0
24.0,167.0,24.0,7.0,6.0
555.0,650.0,709.0,589.0,926.0
